test CallAndCallcodeConsumeMoreGasThenTransactionHasWithMemExpandingCalls_d0g0v0_Istanbul
pre
 addr 0x1000000000000000000000000000000000000103
  acc_nonce 0
  balance 0
  code 5 96 18 96 0 85
 addr 0xa94f5374fce5edbc8e2a8697c15331677e6ebf0b
  acc_nonce 0
  balance 1000000000000
  code 0
 addr 0xb94f5374fce5edbc8e2a8697c15331677e6ebf0b
  acc_nonce 0
  balance 0
  code 82 90 96 8 85 96 255 96 255 96 255 96 255 96 0 115 16 0 0 0 0 0 0 0 0 0 0 0 0 0 0 0 0 0 1 3 98 9 39 192 241 96 9 85 96 255 96 255 96 255 96 255 96 0 115 16 0 0 0 0 0 0 0 0 0 0 0 0 0 0 0 0 0 1 3 98 9 39 192 242 96 10 85
post
 addr 0x1000000000000000000000000000000000000103
  acc_nonce 0
  balance 0
  code 5 96 18 96 0 85
   kv 0x0000000000000000000000000000000000000000000000000000000000000000 0x0000000000000000000000000000000000000000000000000000000000000012
 addr 0x2adc25665018aa1fe0e6bc666dac8fc2697ff9ba
  acc_nonce 0
  balance 2000000000000122513
  code 0
 addr 0xa94f5374fce5edbc8e2a8697c15331677e6ebf0b
  acc_nonce 1
  balance 999999877487
  code 0
 addr 0xb94f5374fce5edbc8e2a8697c15331677e6ebf0b
  acc_nonce 0
  balance 0
  code 82 90 96 8 85 96 255 96 255 96 255 96 255 96 0 115 16 0 0 0 0 0 0 0 0 0 0 0 0 0 0 0 0 0 1 3 98 9 39 192 241 96 9 85 96 255 96 255 96 255 96 255 96 0 115 16 0 0 0 0 0 0 0 0 0 0 0 0 0 0 0 0 0 1 3 98 9 39 192 242 96 10 85
   kv 0x0000000000000000000000000000000000000000000000000000000000000000 0x0000000000000000000000000000000000000000000000000000000000000012
   kv 0x0000000000000000000000000000000000000000000000000000000000000008 0x000000000000000000000000000000000000000000000000000000000008d5b6
   kv 0x0000000000000000000000000000000000000000000000000000000000000009 0x0000000000000000000000000000000000000000000000000000000000000001
   kv 0x000000000000000000000000000000000000000000000000000000000000000a 0x0000000000000000000000000000000000000000000000000000000000000001
blocks
 block 0
  coinbase 0x2adc25665018aa1fe0e6bc666dac8fc2697ff9ba
  height 1
  difficulty 131072
  gaslimit 10009764
  timestamp 1000
  tx 0
   from 0xa94f5374fce5edbc8e2a8697c15331677e6ebf0b
   nonce 0
   to 0xb94f5374fce5edbc8e2a8697c15331677e6ebf0b
   value 0
   gasprice 1
   gas 600000
   data 0
