test create2checkFieldsInInitcode_d0g0v0_Istanbul
pre
 addr 0x1000000000000000000000000000000000000000
  acc_nonce 0
  balance 0
  code 34 96 0 96 0 96 0 96 0 96 0 115 240 0 0 0 0 0 0 0 0 0 0 0 0 0 0 0 0 0 0 0 90 241 0
 addr 0x1100000000000000000000000000000000000000
  acc_nonce 0
  balance 0
  code 55 96 0 96 36 128 96 19 96 0 57 96 0 96 0 245 80 0 0 254 96 0 96 0 96 0 96 0 96 0 115 240 0 0 0 0 0 0 0 0 0 0 0 0 0 0 0 0 0 0 0 90 241 80 0 0
 addr 0x2000000000000000000000000000000000000000
  acc_nonce 0
  balance 0
  code 34 96 0 96 0 96 0 96 0 96 0 115 240 0 0 0 0 0 0 0 0 0 0 0 0 0 0 0 0 0 0 0 90 242 0
 addr 0x2200000000000000000000000000000000000000
  acc_nonce 0
  balance 0
  code 55 96 0 96 36 128 96 19 96 0 57 96 0 96 0 245 80 0 0 254 96 0 96 0 96 0 96 0 96 0 115 240 0 0 0 0 0 0 0 0 0 0 0 0 0 0 0 0 0 0 0 90 242 80 0 0
 addr 0x3000000000000000000000000000000000000000
  acc_nonce 0
  balance 0
  code 34 96 0 96 0 96 0 96 0 115 240 0 0 0 0 0 0 0 0 0 0 0 0 0 0 0 0 0 0 0 90 244 80 0 0
 addr 0x3300000000000000000000000000000000000000
  acc_nonce 0
  balance 0
  code 53 96 0 96 34 128 96 19 96 0 57 96 0 96 0 245 80 0 0 254 96 0 96 0 96 0 96 0 115 240 0 0 0 0 0 0 0 0 0 0 0 0 0 0 0 0 0 0 0 90 244 80 0 0
 addr 0x4000000000000000000000000000000000000000
  acc_nonce 0
  balance 0
  code 40 97 1 0 96 0 96 0 96 0 115 242 0 0 0 0 0 0 0 0 0 0 0 0 0 0 0 0 0 0 0 90 250 80 96 0 81 96 10 85 0
 addr 0x4400000000000000000000000000000000000000
  acc_nonce 0
  balance 0
  code 58 96 0 96 41 128 96 17 96 0 57 96 0 96 0 245 0 254 97 1 0 96 0 96 0 96 0 115 242 0 0 0 0 0 0 0 0 0 0 0 0 0 0 0 0 0 0 0 90 250 80 96 0 81 96 10 85 0 0
 addr 0xa94f5374fce5edbc8e2a8697c15331677e6ebf0b
  acc_nonce 0
  balance 1000000000000000000
  code 0
 addr 0xb94f5374fce5edbc8e2a8697c15331677e6ebf0b
  acc_nonce 0
  balance 0
  code 16 96 0 96 0 96 0 96 0 96 0 96 0 53 90 241 0
 addr 0xf000000000000000000000000000000000000000
  acc_nonce 0
  balance 0
  code 54 96 0 96 35 128 96 19 96 0 57 96 0 96 0 245 80 0 0 254 48 96 0 85 48 49 96 1 85 50 96 2 85 51 96 3 85 52 96 4 85 54 96 5 85 56 96 6 85 58 96 7 85 0 0
 addr 0xf200000000000000000000000000000000000000
  acc_nonce 0
  balance 0
  code 58 96 0 96 41 128 96 17 96 0 57 96 0 96 0 245 0 254 48 96 0 82 48 49 96 32 82 50 96 64 82 51 96 96 82 52 96 128 82 54 96 160 82 56 96 192 82 58 96 224 82 97 1 0 96 0 243 0 0
post
 addr 0x1000000000000000000000000000000000000000
  acc_nonce 0
  balance 0
  code 34 96 0 96 0 96 0 96 0 96 0 115 240 0 0 0 0 0 0 0 0 0 0 0 0 0 0 0 0 0 0 0 90 241 0
 addr 0x1100000000000000000000000000000000000000
  acc_nonce 0
  balance 0
  code 55 96 0 96 36 128 96 19 96 0 57 96 0 96 0 245 80 0 0 254 96 0 96 0 96 0 96 0 96 0 115 240 0 0 0 0 0 0 0 0 0 0 0 0 0 0 0 0 0 0 0 90 241 80 0 0
 addr 0x2000000000000000000000000000000000000000
  acc_nonce 0
  balance 0
  code 34 96 0 96 0 96 0 96 0 96 0 115 240 0 0 0 0 0 0 0 0 0 0 0 0 0 0 0 0 0 0 0 90 242 0
 addr 0x2200000000000000000000000000000000000000
  acc_nonce 0
  balance 0
  code 55 96 0 96 36 128 96 19 96 0 57 96 0 96 0 245 80 0 0 254 96 0 96 0 96 0 96 0 96 0 115 240 0 0 0 0 0 0 0 0 0 0 0 0 0 0 0 0 0 0 0 90 242 80 0 0
 addr 0x2adc25665018aa1fe0e6bc666dac8fc2697ff9ba
  acc_nonce 0
  balance 2000000000000157773
  code 0
 addr 0x3000000000000000000000000000000000000000
  acc_nonce 0
  balance 0
  code 34 96 0 96 0 96 0 96 0 115 240 0 0 0 0 0 0 0 0 0 0 0 0 0 0 0 0 0 0 0 90 244 80 0 0
 addr 0x3300000000000000000000000000000000000000
  acc_nonce 0
  balance 0
  code 53 96 0 96 34 128 96 19 96 0 57 96 0 96 0 245 80 0 0 254 96 0 96 0 96 0 96 0 115 240 0 0 0 0 0 0 0 0 0 0 0 0 0 0 0 0 0 0 0 90 244 80 0 0
 addr 0x4000000000000000000000000000000000000000
  acc_nonce 0
  balance 0
  code 40 97 1 0 96 0 96 0 96 0 115 242 0 0 0 0 0 0 0 0 0 0 0 0 0 0 0 0 0 0 0 90 250 80 96 0 81 96 10 85 0
 addr 0x4400000000000000000000000000000000000000
  acc_nonce 0
  balance 0
  code 58 96 0 96 41 128 96 17 96 0 57 96 0 96 0 245 0 254 97 1 0 96 0 96 0 96 0 115 242 0 0 0 0 0 0 0 0 0 0 0 0 0 0 0 0 0 0 0 90 250 80 96 0 81 96 10 85 0 0
 addr 0xa94f5374fce5edbc8e2a8697c15331677e6ebf0b
  acc_nonce 1
  balance 999999999999842227
  code 0
 addr 0xb94f5374fce5edbc8e2a8697c15331677e6ebf0b
  acc_nonce 0
  balance 0
  code 16 96 0 96 0 96 0 96 0 96 0 96 0 53 90 241 0
 addr 0xdaf9f53e732f21fe517e624b6dfe92dc8d0e51e0
  acc_nonce 1
  balance 0
  code 0
   kv 0x0000000000000000000000000000000000000000000000000000000000000000 0x000000000000000000000000daf9f53e732f21fe517e624b6dfe92dc8d0e51e0
   kv 0x0000000000000000000000000000000000000000000000000000000000000002 0x000000000000000000000000a94f5374fce5edbc8e2a8697c15331677e6ebf0b
   kv 0x0000000000000000000000000000000000000000000000000000000000000003 0x000000000000000000000000f000000000000000000000000000000000000000
   kv 0x0000000000000000000000000000000000000000000000000000000000000006 0x0000000000000000000000000000000000000000000000000000000000000023
   kv 0x0000000000000000000000000000000000000000000000000000000000000007 0x0000000000000000000000000000000000000000000000000000000000000001
 addr 0xf000000000000000000000000000000000000000
  acc_nonce 1
  balance 0
  code 54 96 0 96 35 128 96 19 96 0 57 96 0 96 0 245 80 0 0 254 48 96 0 85 48 49 96 1 85 50 96 2 85 51 96 3 85 52 96 4 85 54 96 5 85 56 96 6 85 58 96 7 85 0 0
 addr 0xf200000000000000000000000000000000000000
  acc_nonce 0
  balance 0
  code 58 96 0 96 41 128 96 17 96 0 57 96 0 96 0 245 0 254 48 96 0 82 48 49 96 32 82 50 96 64 82 51 96 96 82 52 96 128 82 54 96 160 82 56 96 192 82 58 96 224 82 97 1 0 96 0 243 0 0
blocks
 block 0
  coinbase 0x2adc25665018aa1fe0e6bc666dac8fc2697ff9ba
  height 1
  difficulty 131072
  gaslimit 1000975
  timestamp 1000
  tx 0
   from 0xa94f5374fce5edbc8e2a8697c15331677e6ebf0b
   nonce 0
   to 0xb94f5374fce5edbc8e2a8697c15331677e6ebf0b
   value 0
   gasprice 1
   gas 600000
   data 32 0 0 0 0 0 0 0 0 0 0 0 0 16 0 0 0 0 0 0 0 0 0 0 0 0 0 0 0 0 0 0 0
test create2checkFieldsInInitcode_d1g0v0_Istanbul
pre
 addr 0x1000000000000000000000000000000000000000
  acc_nonce 0
  balance 0
  code 34 96 0 96 0 96 0 96 0 96 0 115 240 0 0 0 0 0 0 0 0 0 0 0 0 0 0 0 0 0 0 0 90 241 0
 addr 0x1100000000000000000000000000000000000000
  acc_nonce 0
  balance 0
  code 55 96 0 96 36 128 96 19 96 0 57 96 0 96 0 245 80 0 0 254 96 0 96 0 96 0 96 0 96 0 115 240 0 0 0 0 0 0 0 0 0 0 0 0 0 0 0 0 0 0 0 90 241 80 0 0
 addr 0x2000000000000000000000000000000000000000
  acc_nonce 0
  balance 0
  code 34 96 0 96 0 96 0 96 0 96 0 115 240 0 0 0 0 0 0 0 0 0 0 0 0 0 0 0 0 0 0 0 90 242 0
 addr 0x2200000000000000000000000000000000000000
  acc_nonce 0
  balance 0
  code 55 96 0 96 36 128 96 19 96 0 57 96 0 96 0 245 80 0 0 254 96 0 96 0 96 0 96 0 96 0 115 240 0 0 0 0 0 0 0 0 0 0 0 0 0 0 0 0 0 0 0 90 242 80 0 0
 addr 0x3000000000000000000000000000000000000000
  acc_nonce 0
  balance 0
  code 34 96 0 96 0 96 0 96 0 115 240 0 0 0 0 0 0 0 0 0 0 0 0 0 0 0 0 0 0 0 90 244 80 0 0
 addr 0x3300000000000000000000000000000000000000
  acc_nonce 0
  balance 0
  code 53 96 0 96 34 128 96 19 96 0 57 96 0 96 0 245 80 0 0 254 96 0 96 0 96 0 96 0 115 240 0 0 0 0 0 0 0 0 0 0 0 0 0 0 0 0 0 0 0 90 244 80 0 0
 addr 0x4000000000000000000000000000000000000000
  acc_nonce 0
  balance 0
  code 40 97 1 0 96 0 96 0 96 0 115 242 0 0 0 0 0 0 0 0 0 0 0 0 0 0 0 0 0 0 0 90 250 80 96 0 81 96 10 85 0
 addr 0x4400000000000000000000000000000000000000
  acc_nonce 0
  balance 0
  code 58 96 0 96 41 128 96 17 96 0 57 96 0 96 0 245 0 254 97 1 0 96 0 96 0 96 0 115 242 0 0 0 0 0 0 0 0 0 0 0 0 0 0 0 0 0 0 0 90 250 80 96 0 81 96 10 85 0 0
 addr 0xa94f5374fce5edbc8e2a8697c15331677e6ebf0b
  acc_nonce 0
  balance 1000000000000000000
  code 0
 addr 0xb94f5374fce5edbc8e2a8697c15331677e6ebf0b
  acc_nonce 0
  balance 0
  code 16 96 0 96 0 96 0 96 0 96 0 96 0 53 90 241 0
 addr 0xf000000000000000000000000000000000000000
  acc_nonce 0
  balance 0
  code 54 96 0 96 35 128 96 19 96 0 57 96 0 96 0 245 80 0 0 254 48 96 0 85 48 49 96 1 85 50 96 2 85 51 96 3 85 52 96 4 85 54 96 5 85 56 96 6 85 58 96 7 85 0 0
 addr 0xf200000000000000000000000000000000000000
  acc_nonce 0
  balance 0
  code 58 96 0 96 41 128 96 17 96 0 57 96 0 96 0 245 0 254 48 96 0 82 48 49 96 32 82 50 96 64 82 51 96 96 82 52 96 128 82 54 96 160 82 56 96 192 82 58 96 224 82 97 1 0 96 0 243 0 0
post
 addr 0x1000000000000000000000000000000000000000
  acc_nonce 0
  balance 0
  code 34 96 0 96 0 96 0 96 0 96 0 115 240 0 0 0 0 0 0 0 0 0 0 0 0 0 0 0 0 0 0 0 90 241 0
 addr 0x1100000000000000000000000000000000000000
  acc_nonce 0
  balance 0
  code 55 96 0 96 36 128 96 19 96 0 57 96 0 96 0 245 80 0 0 254 96 0 96 0 96 0 96 0 96 0 115 240 0 0 0 0 0 0 0 0 0 0 0 0 0 0 0 0 0 0 0 90 241 80 0 0
 addr 0x2000000000000000000000000000000000000000
  acc_nonce 1
  balance 0
  code 34 96 0 96 0 96 0 96 0 96 0 115 240 0 0 0 0 0 0 0 0 0 0 0 0 0 0 0 0 0 0 0 90 242 0
 addr 0x2200000000000000000000000000000000000000
  acc_nonce 0
  balance 0
  code 55 96 0 96 36 128 96 19 96 0 57 96 0 96 0 245 80 0 0 254 96 0 96 0 96 0 96 0 96 0 115 240 0 0 0 0 0 0 0 0 0 0 0 0 0 0 0 0 0 0 0 90 242 80 0 0
 addr 0x2adc25665018aa1fe0e6bc666dac8fc2697ff9ba
  acc_nonce 0
  balance 2000000000000157773
  code 0
 addr 0x3000000000000000000000000000000000000000
  acc_nonce 0
  balance 0
  code 34 96 0 96 0 96 0 96 0 115 240 0 0 0 0 0 0 0 0 0 0 0 0 0 0 0 0 0 0 0 90 244 80 0 0
 addr 0x3300000000000000000000000000000000000000
  acc_nonce 0
  balance 0
  code 53 96 0 96 34 128 96 19 96 0 57 96 0 96 0 245 80 0 0 254 96 0 96 0 96 0 96 0 115 240 0 0 0 0 0 0 0 0 0 0 0 0 0 0 0 0 0 0 0 90 244 80 0 0
 addr 0x4000000000000000000000000000000000000000
  acc_nonce 0
  balance 0
  code 40 97 1 0 96 0 96 0 96 0 115 242 0 0 0 0 0 0 0 0 0 0 0 0 0 0 0 0 0 0 0 90 250 80 96 0 81 96 10 85 0
 addr 0x4400000000000000000000000000000000000000
  acc_nonce 0
  balance 0
  code 58 96 0 96 41 128 96 17 96 0 57 96 0 96 0 245 0 254 97 1 0 96 0 96 0 96 0 115 242 0 0 0 0 0 0 0 0 0 0 0 0 0 0 0 0 0 0 0 90 250 80 96 0 81 96 10 85 0 0
 addr 0xa94f5374fce5edbc8e2a8697c15331677e6ebf0b
  acc_nonce 1
  balance 999999999999842227
  code 0
 addr 0xb94f5374fce5edbc8e2a8697c15331677e6ebf0b
  acc_nonce 0
  balance 0
  code 16 96 0 96 0 96 0 96 0 96 0 96 0 53 90 241 0
 addr 0xdfad1c567f12d848fabb8d9d8872c42e7aa81e95
  acc_nonce 1
  balance 0
  code 0
   kv 0x0000000000000000000000000000000000000000000000000000000000000000 0x000000000000000000000000dfad1c567f12d848fabb8d9d8872c42e7aa81e95
   kv 0x0000000000000000000000000000000000000000000000000000000000000002 0x000000000000000000000000a94f5374fce5edbc8e2a8697c15331677e6ebf0b
   kv 0x0000000000000000000000000000000000000000000000000000000000000003 0x0000000000000000000000002000000000000000000000000000000000000000
   kv 0x0000000000000000000000000000000000000000000000000000000000000006 0x0000000000000000000000000000000000000000000000000000000000000023
   kv 0x0000000000000000000000000000000000000000000000000000000000000007 0x0000000000000000000000000000000000000000000000000000000000000001
 addr 0xf000000000000000000000000000000000000000
  acc_nonce 0
  balance 0
  code 54 96 0 96 35 128 96 19 96 0 57 96 0 96 0 245 80 0 0 254 48 96 0 85 48 49 96 1 85 50 96 2 85 51 96 3 85 52 96 4 85 54 96 5 85 56 96 6 85 58 96 7 85 0 0
 addr 0xf200000000000000000000000000000000000000
  acc_nonce 0
  balance 0
  code 58 96 0 96 41 128 96 17 96 0 57 96 0 96 0 245 0 254 48 96 0 82 48 49 96 32 82 50 96 64 82 51 96 96 82 52 96 128 82 54 96 160 82 56 96 192 82 58 96 224 82 97 1 0 96 0 243 0 0
blocks
 block 0
  coinbase 0x2adc25665018aa1fe0e6bc666dac8fc2697ff9ba
  height 1
  difficulty 131072
  gaslimit 1000975
  timestamp 1000
  tx 0
   from 0xa94f5374fce5edbc8e2a8697c15331677e6ebf0b
   nonce 0
   to 0xb94f5374fce5edbc8e2a8697c15331677e6ebf0b
   value 0
   gasprice 1
   gas 600000
   data 32 0 0 0 0 0 0 0 0 0 0 0 0 32 0 0 0 0 0 0 0 0 0 0 0 0 0 0 0 0 0 0 0
test create2checkFieldsInInitcode_d2g0v0_Istanbul
pre
 addr 0x1000000000000000000000000000000000000000
  acc_nonce 0
  balance 0
  code 34 96 0 96 0 96 0 96 0 96 0 115 240 0 0 0 0 0 0 0 0 0 0 0 0 0 0 0 0 0 0 0 90 241 0
 addr 0x1100000000000000000000000000000000000000
  acc_nonce 0
  balance 0
  code 55 96 0 96 36 128 96 19 96 0 57 96 0 96 0 245 80 0 0 254 96 0 96 0 96 0 96 0 96 0 115 240 0 0 0 0 0 0 0 0 0 0 0 0 0 0 0 0 0 0 0 90 241 80 0 0
 addr 0x2000000000000000000000000000000000000000
  acc_nonce 0
  balance 0
  code 34 96 0 96 0 96 0 96 0 96 0 115 240 0 0 0 0 0 0 0 0 0 0 0 0 0 0 0 0 0 0 0 90 242 0
 addr 0x2200000000000000000000000000000000000000
  acc_nonce 0
  balance 0
  code 55 96 0 96 36 128 96 19 96 0 57 96 0 96 0 245 80 0 0 254 96 0 96 0 96 0 96 0 96 0 115 240 0 0 0 0 0 0 0 0 0 0 0 0 0 0 0 0 0 0 0 90 242 80 0 0
 addr 0x3000000000000000000000000000000000000000
  acc_nonce 0
  balance 0
  code 34 96 0 96 0 96 0 96 0 115 240 0 0 0 0 0 0 0 0 0 0 0 0 0 0 0 0 0 0 0 90 244 80 0 0
 addr 0x3300000000000000000000000000000000000000
  acc_nonce 0
  balance 0
  code 53 96 0 96 34 128 96 19 96 0 57 96 0 96 0 245 80 0 0 254 96 0 96 0 96 0 96 0 115 240 0 0 0 0 0 0 0 0 0 0 0 0 0 0 0 0 0 0 0 90 244 80 0 0
 addr 0x4000000000000000000000000000000000000000
  acc_nonce 0
  balance 0
  code 40 97 1 0 96 0 96 0 96 0 115 242 0 0 0 0 0 0 0 0 0 0 0 0 0 0 0 0 0 0 0 90 250 80 96 0 81 96 10 85 0
 addr 0x4400000000000000000000000000000000000000
  acc_nonce 0
  balance 0
  code 58 96 0 96 41 128 96 17 96 0 57 96 0 96 0 245 0 254 97 1 0 96 0 96 0 96 0 115 242 0 0 0 0 0 0 0 0 0 0 0 0 0 0 0 0 0 0 0 90 250 80 96 0 81 96 10 85 0 0
 addr 0xa94f5374fce5edbc8e2a8697c15331677e6ebf0b
  acc_nonce 0
  balance 1000000000000000000
  code 0
 addr 0xb94f5374fce5edbc8e2a8697c15331677e6ebf0b
  acc_nonce 0
  balance 0
  code 16 96 0 96 0 96 0 96 0 96 0 96 0 53 90 241 0
 addr 0xf000000000000000000000000000000000000000
  acc_nonce 0
  balance 0
  code 54 96 0 96 35 128 96 19 96 0 57 96 0 96 0 245 80 0 0 254 48 96 0 85 48 49 96 1 85 50 96 2 85 51 96 3 85 52 96 4 85 54 96 5 85 56 96 6 85 58 96 7 85 0 0
 addr 0xf200000000000000000000000000000000000000
  acc_nonce 0
  balance 0
  code 58 96 0 96 41 128 96 17 96 0 57 96 0 96 0 245 0 254 48 96 0 82 48 49 96 32 82 50 96 64 82 51 96 96 82 52 96 128 82 54 96 160 82 56 96 192 82 58 96 224 82 97 1 0 96 0 243 0 0
post
 addr 0x1000000000000000000000000000000000000000
  acc_nonce 0
  balance 0
  code 34 96 0 96 0 96 0 96 0 96 0 115 240 0 0 0 0 0 0 0 0 0 0 0 0 0 0 0 0 0 0 0 90 241 0
 addr 0x1100000000000000000000000000000000000000
  acc_nonce 0
  balance 0
  code 55 96 0 96 36 128 96 19 96 0 57 96 0 96 0 245 80 0 0 254 96 0 96 0 96 0 96 0 96 0 115 240 0 0 0 0 0 0 0 0 0 0 0 0 0 0 0 0 0 0 0 90 241 80 0 0
 addr 0x2000000000000000000000000000000000000000
  acc_nonce 0
  balance 0
  code 34 96 0 96 0 96 0 96 0 96 0 115 240 0 0 0 0 0 0 0 0 0 0 0 0 0 0 0 0 0 0 0 90 242 0
 addr 0x2200000000000000000000000000000000000000
  acc_nonce 0
  balance 0
  code 55 96 0 96 36 128 96 19 96 0 57 96 0 96 0 245 80 0 0 254 96 0 96 0 96 0 96 0 96 0 115 240 0 0 0 0 0 0 0 0 0 0 0 0 0 0 0 0 0 0 0 90 242 80 0 0
 addr 0x2adc25665018aa1fe0e6bc666dac8fc2697ff9ba
  acc_nonce 0
  balance 2000000000000157772
  code 0
 addr 0x3000000000000000000000000000000000000000
  acc_nonce 1
  balance 0
  code 34 96 0 96 0 96 0 96 0 115 240 0 0 0 0 0 0 0 0 0 0 0 0 0 0 0 0 0 0 0 90 244 80 0 0
 addr 0x3300000000000000000000000000000000000000
  acc_nonce 0
  balance 0
  code 53 96 0 96 34 128 96 19 96 0 57 96 0 96 0 245 80 0 0 254 96 0 96 0 96 0 96 0 115 240 0 0 0 0 0 0 0 0 0 0 0 0 0 0 0 0 0 0 0 90 244 80 0 0
 addr 0x3ff16480055c6ccc070257c61fa902448f4ae111
  acc_nonce 1
  balance 0
  code 0
   kv 0x0000000000000000000000000000000000000000000000000000000000000000 0x0000000000000000000000003ff16480055c6ccc070257c61fa902448f4ae111
   kv 0x0000000000000000000000000000000000000000000000000000000000000002 0x000000000000000000000000a94f5374fce5edbc8e2a8697c15331677e6ebf0b
   kv 0x0000000000000000000000000000000000000000000000000000000000000003 0x0000000000000000000000003000000000000000000000000000000000000000
   kv 0x0000000000000000000000000000000000000000000000000000000000000006 0x0000000000000000000000000000000000000000000000000000000000000023
   kv 0x0000000000000000000000000000000000000000000000000000000000000007 0x0000000000000000000000000000000000000000000000000000000000000001
 addr 0x4000000000000000000000000000000000000000
  acc_nonce 0
  balance 0
  code 40 97 1 0 96 0 96 0 96 0 115 242 0 0 0 0 0 0 0 0 0 0 0 0 0 0 0 0 0 0 0 90 250 80 96 0 81 96 10 85 0
 addr 0x4400000000000000000000000000000000000000
  acc_nonce 0
  balance 0
  code 58 96 0 96 41 128 96 17 96 0 57 96 0 96 0 245 0 254 97 1 0 96 0 96 0 96 0 115 242 0 0 0 0 0 0 0 0 0 0 0 0 0 0 0 0 0 0 0 90 250 80 96 0 81 96 10 85 0 0
 addr 0xa94f5374fce5edbc8e2a8697c15331677e6ebf0b
  acc_nonce 1
  balance 999999999999842228
  code 0
 addr 0xb94f5374fce5edbc8e2a8697c15331677e6ebf0b
  acc_nonce 0
  balance 0
  code 16 96 0 96 0 96 0 96 0 96 0 96 0 53 90 241 0
 addr 0xf000000000000000000000000000000000000000
  acc_nonce 0
  balance 0
  code 54 96 0 96 35 128 96 19 96 0 57 96 0 96 0 245 80 0 0 254 48 96 0 85 48 49 96 1 85 50 96 2 85 51 96 3 85 52 96 4 85 54 96 5 85 56 96 6 85 58 96 7 85 0 0
 addr 0xf200000000000000000000000000000000000000
  acc_nonce 0
  balance 0
  code 58 96 0 96 41 128 96 17 96 0 57 96 0 96 0 245 0 254 48 96 0 82 48 49 96 32 82 50 96 64 82 51 96 96 82 52 96 128 82 54 96 160 82 56 96 192 82 58 96 224 82 97 1 0 96 0 243 0 0
blocks
 block 0
  coinbase 0x2adc25665018aa1fe0e6bc666dac8fc2697ff9ba
  height 1
  difficulty 131072
  gaslimit 1000975
  timestamp 1000
  tx 0
   from 0xa94f5374fce5edbc8e2a8697c15331677e6ebf0b
   nonce 0
   to 0xb94f5374fce5edbc8e2a8697c15331677e6ebf0b
   value 0
   gasprice 1
   gas 600000
   data 32 0 0 0 0 0 0 0 0 0 0 0 0 48 0 0 0 0 0 0 0 0 0 0 0 0 0 0 0 0 0 0 0
test create2checkFieldsInInitcode_d3g0v0_Istanbul
pre
 addr 0x1000000000000000000000000000000000000000
  acc_nonce 0
  balance 0
  code 34 96 0 96 0 96 0 96 0 96 0 115 240 0 0 0 0 0 0 0 0 0 0 0 0 0 0 0 0 0 0 0 90 241 0
 addr 0x1100000000000000000000000000000000000000
  acc_nonce 0
  balance 0
  code 55 96 0 96 36 128 96 19 96 0 57 96 0 96 0 245 80 0 0 254 96 0 96 0 96 0 96 0 96 0 115 240 0 0 0 0 0 0 0 0 0 0 0 0 0 0 0 0 0 0 0 90 241 80 0 0
 addr 0x2000000000000000000000000000000000000000
  acc_nonce 0
  balance 0
  code 34 96 0 96 0 96 0 96 0 96 0 115 240 0 0 0 0 0 0 0 0 0 0 0 0 0 0 0 0 0 0 0 90 242 0
 addr 0x2200000000000000000000000000000000000000
  acc_nonce 0
  balance 0
  code 55 96 0 96 36 128 96 19 96 0 57 96 0 96 0 245 80 0 0 254 96 0 96 0 96 0 96 0 96 0 115 240 0 0 0 0 0 0 0 0 0 0 0 0 0 0 0 0 0 0 0 90 242 80 0 0
 addr 0x3000000000000000000000000000000000000000
  acc_nonce 0
  balance 0
  code 34 96 0 96 0 96 0 96 0 115 240 0 0 0 0 0 0 0 0 0 0 0 0 0 0 0 0 0 0 0 90 244 80 0 0
 addr 0x3300000000000000000000000000000000000000
  acc_nonce 0
  balance 0
  code 53 96 0 96 34 128 96 19 96 0 57 96 0 96 0 245 80 0 0 254 96 0 96 0 96 0 96 0 115 240 0 0 0 0 0 0 0 0 0 0 0 0 0 0 0 0 0 0 0 90 244 80 0 0
 addr 0x4000000000000000000000000000000000000000
  acc_nonce 0
  balance 0
  code 40 97 1 0 96 0 96 0 96 0 115 242 0 0 0 0 0 0 0 0 0 0 0 0 0 0 0 0 0 0 0 90 250 80 96 0 81 96 10 85 0
 addr 0x4400000000000000000000000000000000000000
  acc_nonce 0
  balance 0
  code 58 96 0 96 41 128 96 17 96 0 57 96 0 96 0 245 0 254 97 1 0 96 0 96 0 96 0 115 242 0 0 0 0 0 0 0 0 0 0 0 0 0 0 0 0 0 0 0 90 250 80 96 0 81 96 10 85 0 0
 addr 0xa94f5374fce5edbc8e2a8697c15331677e6ebf0b
  acc_nonce 0
  balance 1000000000000000000
  code 0
 addr 0xb94f5374fce5edbc8e2a8697c15331677e6ebf0b
  acc_nonce 0
  balance 0
  code 16 96 0 96 0 96 0 96 0 96 0 96 0 53 90 241 0
 addr 0xf000000000000000000000000000000000000000
  acc_nonce 0
  balance 0
  code 54 96 0 96 35 128 96 19 96 0 57 96 0 96 0 245 80 0 0 254 48 96 0 85 48 49 96 1 85 50 96 2 85 51 96 3 85 52 96 4 85 54 96 5 85 56 96 6 85 58 96 7 85 0 0
 addr 0xf200000000000000000000000000000000000000
  acc_nonce 0
  balance 0
  code 58 96 0 96 41 128 96 17 96 0 57 96 0 96 0 245 0 254 48 96 0 82 48 49 96 32 82 50 96 64 82 51 96 96 82 52 96 128 82 54 96 160 82 56 96 192 82 58 96 224 82 97 1 0 96 0 243 0 0
post
 addr 0x1000000000000000000000000000000000000000
  acc_nonce 0
  balance 0
  code 34 96 0 96 0 96 0 96 0 96 0 115 240 0 0 0 0 0 0 0 0 0 0 0 0 0 0 0 0 0 0 0 90 241 0
 addr 0x1100000000000000000000000000000000000000
  acc_nonce 0
  balance 0
  code 55 96 0 96 36 128 96 19 96 0 57 96 0 96 0 245 80 0 0 254 96 0 96 0 96 0 96 0 96 0 115 240 0 0 0 0 0 0 0 0 0 0 0 0 0 0 0 0 0 0 0 90 241 80 0 0
 addr 0x2000000000000000000000000000000000000000
  acc_nonce 0
  balance 0
  code 34 96 0 96 0 96 0 96 0 96 0 115 240 0 0 0 0 0 0 0 0 0 0 0 0 0 0 0 0 0 0 0 90 242 0
 addr 0x2200000000000000000000000000000000000000
  acc_nonce 0
  balance 0
  code 55 96 0 96 36 128 96 19 96 0 57 96 0 96 0 245 80 0 0 254 96 0 96 0 96 0 96 0 96 0 115 240 0 0 0 0 0 0 0 0 0 0 0 0 0 0 0 0 0 0 0 90 242 80 0 0
 addr 0x2adc25665018aa1fe0e6bc666dac8fc2697ff9ba
  acc_nonce 0
  balance 2000000000000582898
  code 0
 addr 0x3000000000000000000000000000000000000000
  acc_nonce 0
  balance 0
  code 34 96 0 96 0 96 0 96 0 115 240 0 0 0 0 0 0 0 0 0 0 0 0 0 0 0 0 0 0 0 90 244 80 0 0
 addr 0x3300000000000000000000000000000000000000
  acc_nonce 0
  balance 0
  code 53 96 0 96 34 128 96 19 96 0 57 96 0 96 0 245 80 0 0 254 96 0 96 0 96 0 96 0 115 240 0 0 0 0 0 0 0 0 0 0 0 0 0 0 0 0 0 0 0 90 244 80 0 0
 addr 0x4000000000000000000000000000000000000000
  acc_nonce 0
  balance 0
  code 40 97 1 0 96 0 96 0 96 0 115 242 0 0 0 0 0 0 0 0 0 0 0 0 0 0 0 0 0 0 0 90 250 80 96 0 81 96 10 85 0
 addr 0x4400000000000000000000000000000000000000
  acc_nonce 0
  balance 0
  code 58 96 0 96 41 128 96 17 96 0 57 96 0 96 0 245 0 254 97 1 0 96 0 96 0 96 0 115 242 0 0 0 0 0 0 0 0 0 0 0 0 0 0 0 0 0 0 0 90 250 80 96 0 81 96 10 85 0 0
 addr 0xa94f5374fce5edbc8e2a8697c15331677e6ebf0b
  acc_nonce 1
  balance 999999999999417102
  code 0
 addr 0xb94f5374fce5edbc8e2a8697c15331677e6ebf0b
  acc_nonce 0
  balance 0
  code 16 96 0 96 0 96 0 96 0 96 0 96 0 53 90 241 0
 addr 0xf000000000000000000000000000000000000000
  acc_nonce 0
  balance 0
  code 54 96 0 96 35 128 96 19 96 0 57 96 0 96 0 245 80 0 0 254 48 96 0 85 48 49 96 1 85 50 96 2 85 51 96 3 85 52 96 4 85 54 96 5 85 56 96 6 85 58 96 7 85 0 0
 addr 0xf200000000000000000000000000000000000000
  acc_nonce 0
  balance 0
  code 58 96 0 96 41 128 96 17 96 0 57 96 0 96 0 245 0 254 48 96 0 82 48 49 96 32 82 50 96 64 82 51 96 96 82 52 96 128 82 54 96 160 82 56 96 192 82 58 96 224 82 97 1 0 96 0 243 0 0
blocks
 block 0
  coinbase 0x2adc25665018aa1fe0e6bc666dac8fc2697ff9ba
  height 1
  difficulty 131072
  gaslimit 1000975
  timestamp 1000
  tx 0
   from 0xa94f5374fce5edbc8e2a8697c15331677e6ebf0b
   nonce 0
   to 0xb94f5374fce5edbc8e2a8697c15331677e6ebf0b
   value 0
   gasprice 1
   gas 600000
   data 32 0 0 0 0 0 0 0 0 0 0 0 0 64 0 0 0 0 0 0 0 0 0 0 0 0 0 0 0 0 0 0 0
test create2checkFieldsInInitcode_d4g0v0_Istanbul
pre
 addr 0x1000000000000000000000000000000000000000
  acc_nonce 0
  balance 0
  code 34 96 0 96 0 96 0 96 0 96 0 115 240 0 0 0 0 0 0 0 0 0 0 0 0 0 0 0 0 0 0 0 90 241 0
 addr 0x1100000000000000000000000000000000000000
  acc_nonce 0
  balance 0
  code 55 96 0 96 36 128 96 19 96 0 57 96 0 96 0 245 80 0 0 254 96 0 96 0 96 0 96 0 96 0 115 240 0 0 0 0 0 0 0 0 0 0 0 0 0 0 0 0 0 0 0 90 241 80 0 0
 addr 0x2000000000000000000000000000000000000000
  acc_nonce 0
  balance 0
  code 34 96 0 96 0 96 0 96 0 96 0 115 240 0 0 0 0 0 0 0 0 0 0 0 0 0 0 0 0 0 0 0 90 242 0
 addr 0x2200000000000000000000000000000000000000
  acc_nonce 0
  balance 0
  code 55 96 0 96 36 128 96 19 96 0 57 96 0 96 0 245 80 0 0 254 96 0 96 0 96 0 96 0 96 0 115 240 0 0 0 0 0 0 0 0 0 0 0 0 0 0 0 0 0 0 0 90 242 80 0 0
 addr 0x3000000000000000000000000000000000000000
  acc_nonce 0
  balance 0
  code 34 96 0 96 0 96 0 96 0 115 240 0 0 0 0 0 0 0 0 0 0 0 0 0 0 0 0 0 0 0 90 244 80 0 0
 addr 0x3300000000000000000000000000000000000000
  acc_nonce 0
  balance 0
  code 53 96 0 96 34 128 96 19 96 0 57 96 0 96 0 245 80 0 0 254 96 0 96 0 96 0 96 0 115 240 0 0 0 0 0 0 0 0 0 0 0 0 0 0 0 0 0 0 0 90 244 80 0 0
 addr 0x4000000000000000000000000000000000000000
  acc_nonce 0
  balance 0
  code 40 97 1 0 96 0 96 0 96 0 115 242 0 0 0 0 0 0 0 0 0 0 0 0 0 0 0 0 0 0 0 90 250 80 96 0 81 96 10 85 0
 addr 0x4400000000000000000000000000000000000000
  acc_nonce 0
  balance 0
  code 58 96 0 96 41 128 96 17 96 0 57 96 0 96 0 245 0 254 97 1 0 96 0 96 0 96 0 115 242 0 0 0 0 0 0 0 0 0 0 0 0 0 0 0 0 0 0 0 90 250 80 96 0 81 96 10 85 0 0
 addr 0xa94f5374fce5edbc8e2a8697c15331677e6ebf0b
  acc_nonce 0
  balance 1000000000000000000
  code 0
 addr 0xb94f5374fce5edbc8e2a8697c15331677e6ebf0b
  acc_nonce 0
  balance 0
  code 16 96 0 96 0 96 0 96 0 96 0 96 0 53 90 241 0
 addr 0xf000000000000000000000000000000000000000
  acc_nonce 0
  balance 0
  code 54 96 0 96 35 128 96 19 96 0 57 96 0 96 0 245 80 0 0 254 48 96 0 85 48 49 96 1 85 50 96 2 85 51 96 3 85 52 96 4 85 54 96 5 85 56 96 6 85 58 96 7 85 0 0
 addr 0xf200000000000000000000000000000000000000
  acc_nonce 0
  balance 0
  code 58 96 0 96 41 128 96 17 96 0 57 96 0 96 0 245 0 254 48 96 0 82 48 49 96 32 82 50 96 64 82 51 96 96 82 52 96 128 82 54 96 160 82 56 96 192 82 58 96 224 82 97 1 0 96 0 243 0 0
post
 addr 0x1000000000000000000000000000000000000000
  acc_nonce 0
  balance 0
  code 34 96 0 96 0 96 0 96 0 96 0 115 240 0 0 0 0 0 0 0 0 0 0 0 0 0 0 0 0 0 0 0 90 241 0
 addr 0x1100000000000000000000000000000000000000
  acc_nonce 1
  balance 0
  code 55 96 0 96 36 128 96 19 96 0 57 96 0 96 0 245 80 0 0 254 96 0 96 0 96 0 96 0 96 0 115 240 0 0 0 0 0 0 0 0 0 0 0 0 0 0 0 0 0 0 0 90 241 80 0 0
 addr 0x2000000000000000000000000000000000000000
  acc_nonce 0
  balance 0
  code 34 96 0 96 0 96 0 96 0 96 0 115 240 0 0 0 0 0 0 0 0 0 0 0 0 0 0 0 0 0 0 0 90 242 0
 addr 0x2200000000000000000000000000000000000000
  acc_nonce 0
  balance 0
  code 55 96 0 96 36 128 96 19 96 0 57 96 0 96 0 245 80 0 0 254 96 0 96 0 96 0 96 0 96 0 115 240 0 0 0 0 0 0 0 0 0 0 0 0 0 0 0 0 0 0 0 90 242 80 0 0
 addr 0x2adc25665018aa1fe0e6bc666dac8fc2697ff9ba
  acc_nonce 0
  balance 2000000000000189825
  code 0
 addr 0x3000000000000000000000000000000000000000
  acc_nonce 0
  balance 0
  code 34 96 0 96 0 96 0 96 0 115 240 0 0 0 0 0 0 0 0 0 0 0 0 0 0 0 0 0 0 0 90 244 80 0 0
 addr 0x3300000000000000000000000000000000000000
  acc_nonce 0
  balance 0
  code 53 96 0 96 34 128 96 19 96 0 57 96 0 96 0 245 80 0 0 254 96 0 96 0 96 0 96 0 115 240 0 0 0 0 0 0 0 0 0 0 0 0 0 0 0 0 0 0 0 90 244 80 0 0
 addr 0x4000000000000000000000000000000000000000
  acc_nonce 0
  balance 0
  code 40 97 1 0 96 0 96 0 96 0 115 242 0 0 0 0 0 0 0 0 0 0 0 0 0 0 0 0 0 0 0 90 250 80 96 0 81 96 10 85 0
 addr 0x4400000000000000000000000000000000000000
  acc_nonce 0
  balance 0
  code 58 96 0 96 41 128 96 17 96 0 57 96 0 96 0 245 0 254 97 1 0 96 0 96 0 96 0 115 242 0 0 0 0 0 0 0 0 0 0 0 0 0 0 0 0 0 0 0 90 250 80 96 0 81 96 10 85 0 0
 addr 0x543b556648e2c2c777147448a345b5a82afc4240
  acc_nonce 1
  balance 0
  code 0
 addr 0xa94f5374fce5edbc8e2a8697c15331677e6ebf0b
  acc_nonce 1
  balance 999999999999810175
  code 0
 addr 0xb94f5374fce5edbc8e2a8697c15331677e6ebf0b
  acc_nonce 0
  balance 0
  code 16 96 0 96 0 96 0 96 0 96 0 96 0 53 90 241 0
 addr 0xdaf9f53e732f21fe517e624b6dfe92dc8d0e51e0
  acc_nonce 1
  balance 0
  code 0
   kv 0x0000000000000000000000000000000000000000000000000000000000000000 0x000000000000000000000000daf9f53e732f21fe517e624b6dfe92dc8d0e51e0
   kv 0x0000000000000000000000000000000000000000000000000000000000000002 0x000000000000000000000000a94f5374fce5edbc8e2a8697c15331677e6ebf0b
   kv 0x0000000000000000000000000000000000000000000000000000000000000003 0x000000000000000000000000f000000000000000000000000000000000000000
   kv 0x0000000000000000000000000000000000000000000000000000000000000006 0x0000000000000000000000000000000000000000000000000000000000000023
   kv 0x0000000000000000000000000000000000000000000000000000000000000007 0x0000000000000000000000000000000000000000000000000000000000000001
 addr 0xf000000000000000000000000000000000000000
  acc_nonce 1
  balance 0
  code 54 96 0 96 35 128 96 19 96 0 57 96 0 96 0 245 80 0 0 254 48 96 0 85 48 49 96 1 85 50 96 2 85 51 96 3 85 52 96 4 85 54 96 5 85 56 96 6 85 58 96 7 85 0 0
 addr 0xf200000000000000000000000000000000000000
  acc_nonce 0
  balance 0
  code 58 96 0 96 41 128 96 17 96 0 57 96 0 96 0 245 0 254 48 96 0 82 48 49 96 32 82 50 96 64 82 51 96 96 82 52 96 128 82 54 96 160 82 56 96 192 82 58 96 224 82 97 1 0 96 0 243 0 0
blocks
 block 0
  coinbase 0x2adc25665018aa1fe0e6bc666dac8fc2697ff9ba
  height 1
  difficulty 131072
  gaslimit 1000975
  timestamp 1000
  tx 0
   from 0xa94f5374fce5edbc8e2a8697c15331677e6ebf0b
   nonce 0
   to 0xb94f5374fce5edbc8e2a8697c15331677e6ebf0b
   value 0
   gasprice 1
   gas 600000
   data 32 0 0 0 0 0 0 0 0 0 0 0 0 17 0 0 0 0 0 0 0 0 0 0 0 0 0 0 0 0 0 0 0
test create2checkFieldsInInitcode_d5g0v0_Istanbul
pre
 addr 0x1000000000000000000000000000000000000000
  acc_nonce 0
  balance 0
  code 34 96 0 96 0 96 0 96 0 96 0 115 240 0 0 0 0 0 0 0 0 0 0 0 0 0 0 0 0 0 0 0 90 241 0
 addr 0x1100000000000000000000000000000000000000
  acc_nonce 0
  balance 0
  code 55 96 0 96 36 128 96 19 96 0 57 96 0 96 0 245 80 0 0 254 96 0 96 0 96 0 96 0 96 0 115 240 0 0 0 0 0 0 0 0 0 0 0 0 0 0 0 0 0 0 0 90 241 80 0 0
 addr 0x2000000000000000000000000000000000000000
  acc_nonce 0
  balance 0
  code 34 96 0 96 0 96 0 96 0 96 0 115 240 0 0 0 0 0 0 0 0 0 0 0 0 0 0 0 0 0 0 0 90 242 0
 addr 0x2200000000000000000000000000000000000000
  acc_nonce 0
  balance 0
  code 55 96 0 96 36 128 96 19 96 0 57 96 0 96 0 245 80 0 0 254 96 0 96 0 96 0 96 0 96 0 115 240 0 0 0 0 0 0 0 0 0 0 0 0 0 0 0 0 0 0 0 90 242 80 0 0
 addr 0x3000000000000000000000000000000000000000
  acc_nonce 0
  balance 0
  code 34 96 0 96 0 96 0 96 0 115 240 0 0 0 0 0 0 0 0 0 0 0 0 0 0 0 0 0 0 0 90 244 80 0 0
 addr 0x3300000000000000000000000000000000000000
  acc_nonce 0
  balance 0
  code 53 96 0 96 34 128 96 19 96 0 57 96 0 96 0 245 80 0 0 254 96 0 96 0 96 0 96 0 115 240 0 0 0 0 0 0 0 0 0 0 0 0 0 0 0 0 0 0 0 90 244 80 0 0
 addr 0x4000000000000000000000000000000000000000
  acc_nonce 0
  balance 0
  code 40 97 1 0 96 0 96 0 96 0 115 242 0 0 0 0 0 0 0 0 0 0 0 0 0 0 0 0 0 0 0 90 250 80 96 0 81 96 10 85 0
 addr 0x4400000000000000000000000000000000000000
  acc_nonce 0
  balance 0
  code 58 96 0 96 41 128 96 17 96 0 57 96 0 96 0 245 0 254 97 1 0 96 0 96 0 96 0 115 242 0 0 0 0 0 0 0 0 0 0 0 0 0 0 0 0 0 0 0 90 250 80 96 0 81 96 10 85 0 0
 addr 0xa94f5374fce5edbc8e2a8697c15331677e6ebf0b
  acc_nonce 0
  balance 1000000000000000000
  code 0
 addr 0xb94f5374fce5edbc8e2a8697c15331677e6ebf0b
  acc_nonce 0
  balance 0
  code 16 96 0 96 0 96 0 96 0 96 0 96 0 53 90 241 0
 addr 0xf000000000000000000000000000000000000000
  acc_nonce 0
  balance 0
  code 54 96 0 96 35 128 96 19 96 0 57 96 0 96 0 245 80 0 0 254 48 96 0 85 48 49 96 1 85 50 96 2 85 51 96 3 85 52 96 4 85 54 96 5 85 56 96 6 85 58 96 7 85 0 0
 addr 0xf200000000000000000000000000000000000000
  acc_nonce 0
  balance 0
  code 58 96 0 96 41 128 96 17 96 0 57 96 0 96 0 245 0 254 48 96 0 82 48 49 96 32 82 50 96 64 82 51 96 96 82 52 96 128 82 54 96 160 82 56 96 192 82 58 96 224 82 97 1 0 96 0 243 0 0
post
 addr 0x1000000000000000000000000000000000000000
  acc_nonce 0
  balance 0
  code 34 96 0 96 0 96 0 96 0 96 0 115 240 0 0 0 0 0 0 0 0 0 0 0 0 0 0 0 0 0 0 0 90 241 0
 addr 0x1100000000000000000000000000000000000000
  acc_nonce 0
  balance 0
  code 55 96 0 96 36 128 96 19 96 0 57 96 0 96 0 245 80 0 0 254 96 0 96 0 96 0 96 0 96 0 115 240 0 0 0 0 0 0 0 0 0 0 0 0 0 0 0 0 0 0 0 90 241 80 0 0
 addr 0x2000000000000000000000000000000000000000
  acc_nonce 0
  balance 0
  code 34 96 0 96 0 96 0 96 0 96 0 115 240 0 0 0 0 0 0 0 0 0 0 0 0 0 0 0 0 0 0 0 90 242 0
 addr 0x2200000000000000000000000000000000000000
  acc_nonce 1
  balance 0
  code 55 96 0 96 36 128 96 19 96 0 57 96 0 96 0 245 80 0 0 254 96 0 96 0 96 0 96 0 96 0 115 240 0 0 0 0 0 0 0 0 0 0 0 0 0 0 0 0 0 0 0 90 242 80 0 0
 addr 0x2adc25665018aa1fe0e6bc666dac8fc2697ff9ba
  acc_nonce 0
  balance 2000000000000189825
  code 0
 addr 0x3000000000000000000000000000000000000000
  acc_nonce 0
  balance 0
  code 34 96 0 96 0 96 0 96 0 115 240 0 0 0 0 0 0 0 0 0 0 0 0 0 0 0 0 0 0 0 90 244 80 0 0
 addr 0x3300000000000000000000000000000000000000
  acc_nonce 0
  balance 0
  code 53 96 0 96 34 128 96 19 96 0 57 96 0 96 0 245 80 0 0 254 96 0 96 0 96 0 96 0 115 240 0 0 0 0 0 0 0 0 0 0 0 0 0 0 0 0 0 0 0 90 244 80 0 0
 addr 0x4000000000000000000000000000000000000000
  acc_nonce 0
  balance 0
  code 40 97 1 0 96 0 96 0 96 0 115 242 0 0 0 0 0 0 0 0 0 0 0 0 0 0 0 0 0 0 0 90 250 80 96 0 81 96 10 85 0
 addr 0x4400000000000000000000000000000000000000
  acc_nonce 0
  balance 0
  code 58 96 0 96 41 128 96 17 96 0 57 96 0 96 0 245 0 254 97 1 0 96 0 96 0 96 0 115 242 0 0 0 0 0 0 0 0 0 0 0 0 0 0 0 0 0 0 0 90 250 80 96 0 81 96 10 85 0 0
 addr 0x7ce21e3c16d63738cbbb697c919555c910504278
  acc_nonce 1
  balance 0
  code 0
   kv 0x0000000000000000000000000000000000000000000000000000000000000000 0x0000000000000000000000007ce21e3c16d63738cbbb697c919555c910504278
   kv 0x0000000000000000000000000000000000000000000000000000000000000002 0x000000000000000000000000a94f5374fce5edbc8e2a8697c15331677e6ebf0b
   kv 0x0000000000000000000000000000000000000000000000000000000000000003 0x0000000000000000000000009d25fbabdeb081b9ecd0645b9b6aba8c7eb3821d
   kv 0x0000000000000000000000000000000000000000000000000000000000000006 0x0000000000000000000000000000000000000000000000000000000000000023
   kv 0x0000000000000000000000000000000000000000000000000000000000000007 0x0000000000000000000000000000000000000000000000000000000000000001
 addr 0x9d25fbabdeb081b9ecd0645b9b6aba8c7eb3821d
  acc_nonce 2
  balance 0
  code 0
 addr 0xa94f5374fce5edbc8e2a8697c15331677e6ebf0b
  acc_nonce 1
  balance 999999999999810175
  code 0
 addr 0xb94f5374fce5edbc8e2a8697c15331677e6ebf0b
  acc_nonce 0
  balance 0
  code 16 96 0 96 0 96 0 96 0 96 0 96 0 53 90 241 0
 addr 0xf000000000000000000000000000000000000000
  acc_nonce 0
  balance 0
  code 54 96 0 96 35 128 96 19 96 0 57 96 0 96 0 245 80 0 0 254 48 96 0 85 48 49 96 1 85 50 96 2 85 51 96 3 85 52 96 4 85 54 96 5 85 56 96 6 85 58 96 7 85 0 0
 addr 0xf200000000000000000000000000000000000000
  acc_nonce 0
  balance 0
  code 58 96 0 96 41 128 96 17 96 0 57 96 0 96 0 245 0 254 48 96 0 82 48 49 96 32 82 50 96 64 82 51 96 96 82 52 96 128 82 54 96 160 82 56 96 192 82 58 96 224 82 97 1 0 96 0 243 0 0
blocks
 block 0
  coinbase 0x2adc25665018aa1fe0e6bc666dac8fc2697ff9ba
  height 1
  difficulty 131072
  gaslimit 1000975
  timestamp 1000
  tx 0
   from 0xa94f5374fce5edbc8e2a8697c15331677e6ebf0b
   nonce 0
   to 0xb94f5374fce5edbc8e2a8697c15331677e6ebf0b
   value 0
   gasprice 1
   gas 600000
   data 32 0 0 0 0 0 0 0 0 0 0 0 0 34 0 0 0 0 0 0 0 0 0 0 0 0 0 0 0 0 0 0 0
test create2checkFieldsInInitcode_d6g0v0_Istanbul
pre
 addr 0x1000000000000000000000000000000000000000
  acc_nonce 0
  balance 0
  code 34 96 0 96 0 96 0 96 0 96 0 115 240 0 0 0 0 0 0 0 0 0 0 0 0 0 0 0 0 0 0 0 90 241 0
 addr 0x1100000000000000000000000000000000000000
  acc_nonce 0
  balance 0
  code 55 96 0 96 36 128 96 19 96 0 57 96 0 96 0 245 80 0 0 254 96 0 96 0 96 0 96 0 96 0 115 240 0 0 0 0 0 0 0 0 0 0 0 0 0 0 0 0 0 0 0 90 241 80 0 0
 addr 0x2000000000000000000000000000000000000000
  acc_nonce 0
  balance 0
  code 34 96 0 96 0 96 0 96 0 96 0 115 240 0 0 0 0 0 0 0 0 0 0 0 0 0 0 0 0 0 0 0 90 242 0
 addr 0x2200000000000000000000000000000000000000
  acc_nonce 0
  balance 0
  code 55 96 0 96 36 128 96 19 96 0 57 96 0 96 0 245 80 0 0 254 96 0 96 0 96 0 96 0 96 0 115 240 0 0 0 0 0 0 0 0 0 0 0 0 0 0 0 0 0 0 0 90 242 80 0 0
 addr 0x3000000000000000000000000000000000000000
  acc_nonce 0
  balance 0
  code 34 96 0 96 0 96 0 96 0 115 240 0 0 0 0 0 0 0 0 0 0 0 0 0 0 0 0 0 0 0 90 244 80 0 0
 addr 0x3300000000000000000000000000000000000000
  acc_nonce 0
  balance 0
  code 53 96 0 96 34 128 96 19 96 0 57 96 0 96 0 245 80 0 0 254 96 0 96 0 96 0 96 0 115 240 0 0 0 0 0 0 0 0 0 0 0 0 0 0 0 0 0 0 0 90 244 80 0 0
 addr 0x4000000000000000000000000000000000000000
  acc_nonce 0
  balance 0
  code 40 97 1 0 96 0 96 0 96 0 115 242 0 0 0 0 0 0 0 0 0 0 0 0 0 0 0 0 0 0 0 90 250 80 96 0 81 96 10 85 0
 addr 0x4400000000000000000000000000000000000000
  acc_nonce 0
  balance 0
  code 58 96 0 96 41 128 96 17 96 0 57 96 0 96 0 245 0 254 97 1 0 96 0 96 0 96 0 115 242 0 0 0 0 0 0 0 0 0 0 0 0 0 0 0 0 0 0 0 90 250 80 96 0 81 96 10 85 0 0
 addr 0xa94f5374fce5edbc8e2a8697c15331677e6ebf0b
  acc_nonce 0
  balance 1000000000000000000
  code 0
 addr 0xb94f5374fce5edbc8e2a8697c15331677e6ebf0b
  acc_nonce 0
  balance 0
  code 16 96 0 96 0 96 0 96 0 96 0 96 0 53 90 241 0
 addr 0xf000000000000000000000000000000000000000
  acc_nonce 0
  balance 0
  code 54 96 0 96 35 128 96 19 96 0 57 96 0 96 0 245 80 0 0 254 48 96 0 85 48 49 96 1 85 50 96 2 85 51 96 3 85 52 96 4 85 54 96 5 85 56 96 6 85 58 96 7 85 0 0
 addr 0xf200000000000000000000000000000000000000
  acc_nonce 0
  balance 0
  code 58 96 0 96 41 128 96 17 96 0 57 96 0 96 0 245 0 254 48 96 0 82 48 49 96 32 82 50 96 64 82 51 96 96 82 52 96 128 82 54 96 160 82 56 96 192 82 58 96 224 82 97 1 0 96 0 243 0 0
post
 addr 0x1000000000000000000000000000000000000000
  acc_nonce 0
  balance 0
  code 34 96 0 96 0 96 0 96 0 96 0 115 240 0 0 0 0 0 0 0 0 0 0 0 0 0 0 0 0 0 0 0 90 241 0
 addr 0x1100000000000000000000000000000000000000
  acc_nonce 0
  balance 0
  code 55 96 0 96 36 128 96 19 96 0 57 96 0 96 0 245 80 0 0 254 96 0 96 0 96 0 96 0 96 0 115 240 0 0 0 0 0 0 0 0 0 0 0 0 0 0 0 0 0 0 0 90 241 80 0 0
 addr 0x2000000000000000000000000000000000000000
  acc_nonce 0
  balance 0
  code 34 96 0 96 0 96 0 96 0 96 0 115 240 0 0 0 0 0 0 0 0 0 0 0 0 0 0 0 0 0 0 0 90 242 0
 addr 0x2200000000000000000000000000000000000000
  acc_nonce 0
  balance 0
  code 55 96 0 96 36 128 96 19 96 0 57 96 0 96 0 245 80 0 0 254 96 0 96 0 96 0 96 0 96 0 115 240 0 0 0 0 0 0 0 0 0 0 0 0 0 0 0 0 0 0 0 90 242 80 0 0
 addr 0x2adc25665018aa1fe0e6bc666dac8fc2697ff9ba
  acc_nonce 0
  balance 2000000000000189822
  code 0
 addr 0x3000000000000000000000000000000000000000
  acc_nonce 0
  balance 0
  code 34 96 0 96 0 96 0 96 0 115 240 0 0 0 0 0 0 0 0 0 0 0 0 0 0 0 0 0 0 0 90 244 80 0 0
 addr 0x3300000000000000000000000000000000000000
  acc_nonce 1
  balance 0
  code 53 96 0 96 34 128 96 19 96 0 57 96 0 96 0 245 80 0 0 254 96 0 96 0 96 0 96 0 115 240 0 0 0 0 0 0 0 0 0 0 0 0 0 0 0 0 0 0 0 90 244 80 0 0
 addr 0x4000000000000000000000000000000000000000
  acc_nonce 0
  balance 0
  code 40 97 1 0 96 0 96 0 96 0 115 242 0 0 0 0 0 0 0 0 0 0 0 0 0 0 0 0 0 0 0 90 250 80 96 0 81 96 10 85 0
 addr 0x4400000000000000000000000000000000000000
  acc_nonce 0
  balance 0
  code 58 96 0 96 41 128 96 17 96 0 57 96 0 96 0 245 0 254 97 1 0 96 0 96 0 96 0 115 242 0 0 0 0 0 0 0 0 0 0 0 0 0 0 0 0 0 0 0 90 250 80 96 0 81 96 10 85 0 0
 addr 0x45dde7fbf9f1cf09e18c4e584ba93c82e83c8898
  acc_nonce 2
  balance 0
  code 0
 addr 0xa94f5374fce5edbc8e2a8697c15331677e6ebf0b
  acc_nonce 1
  balance 999999999999810178
  code 0
 addr 0xb94f5374fce5edbc8e2a8697c15331677e6ebf0b
  acc_nonce 0
  balance 0
  code 16 96 0 96 0 96 0 96 0 96 0 96 0 53 90 241 0
 addr 0xbb1b88ea45d33397f45583ca612adea3eb267318
  acc_nonce 1
  balance 0
  code 0
   kv 0x0000000000000000000000000000000000000000000000000000000000000000 0x000000000000000000000000bb1b88ea45d33397f45583ca612adea3eb267318
   kv 0x0000000000000000000000000000000000000000000000000000000000000002 0x000000000000000000000000a94f5374fce5edbc8e2a8697c15331677e6ebf0b
   kv 0x0000000000000000000000000000000000000000000000000000000000000003 0x00000000000000000000000045dde7fbf9f1cf09e18c4e584ba93c82e83c8898
   kv 0x0000000000000000000000000000000000000000000000000000000000000006 0x0000000000000000000000000000000000000000000000000000000000000023
   kv 0x0000000000000000000000000000000000000000000000000000000000000007 0x0000000000000000000000000000000000000000000000000000000000000001
 addr 0xf000000000000000000000000000000000000000
  acc_nonce 0
  balance 0
  code 54 96 0 96 35 128 96 19 96 0 57 96 0 96 0 245 80 0 0 254 48 96 0 85 48 49 96 1 85 50 96 2 85 51 96 3 85 52 96 4 85 54 96 5 85 56 96 6 85 58 96 7 85 0 0
 addr 0xf200000000000000000000000000000000000000
  acc_nonce 0
  balance 0
  code 58 96 0 96 41 128 96 17 96 0 57 96 0 96 0 245 0 254 48 96 0 82 48 49 96 32 82 50 96 64 82 51 96 96 82 52 96 128 82 54 96 160 82 56 96 192 82 58 96 224 82 97 1 0 96 0 243 0 0
blocks
 block 0
  coinbase 0x2adc25665018aa1fe0e6bc666dac8fc2697ff9ba
  height 1
  difficulty 131072
  gaslimit 1000975
  timestamp 1000
  tx 0
   from 0xa94f5374fce5edbc8e2a8697c15331677e6ebf0b
   nonce 0
   to 0xb94f5374fce5edbc8e2a8697c15331677e6ebf0b
   value 0
   gasprice 1
   gas 600000
   data 32 0 0 0 0 0 0 0 0 0 0 0 0 51 0 0 0 0 0 0 0 0 0 0 0 0 0 0 0 0 0 0 0
test create2checkFieldsInInitcode_d7g0v0_Istanbul
pre
 addr 0x1000000000000000000000000000000000000000
  acc_nonce 0
  balance 0
  code 34 96 0 96 0 96 0 96 0 96 0 115 240 0 0 0 0 0 0 0 0 0 0 0 0 0 0 0 0 0 0 0 90 241 0
 addr 0x1100000000000000000000000000000000000000
  acc_nonce 0
  balance 0
  code 55 96 0 96 36 128 96 19 96 0 57 96 0 96 0 245 80 0 0 254 96 0 96 0 96 0 96 0 96 0 115 240 0 0 0 0 0 0 0 0 0 0 0 0 0 0 0 0 0 0 0 90 241 80 0 0
 addr 0x2000000000000000000000000000000000000000
  acc_nonce 0
  balance 0
  code 34 96 0 96 0 96 0 96 0 96 0 115 240 0 0 0 0 0 0 0 0 0 0 0 0 0 0 0 0 0 0 0 90 242 0
 addr 0x2200000000000000000000000000000000000000
  acc_nonce 0
  balance 0
  code 55 96 0 96 36 128 96 19 96 0 57 96 0 96 0 245 80 0 0 254 96 0 96 0 96 0 96 0 96 0 115 240 0 0 0 0 0 0 0 0 0 0 0 0 0 0 0 0 0 0 0 90 242 80 0 0
 addr 0x3000000000000000000000000000000000000000
  acc_nonce 0
  balance 0
  code 34 96 0 96 0 96 0 96 0 115 240 0 0 0 0 0 0 0 0 0 0 0 0 0 0 0 0 0 0 0 90 244 80 0 0
 addr 0x3300000000000000000000000000000000000000
  acc_nonce 0
  balance 0
  code 53 96 0 96 34 128 96 19 96 0 57 96 0 96 0 245 80 0 0 254 96 0 96 0 96 0 96 0 115 240 0 0 0 0 0 0 0 0 0 0 0 0 0 0 0 0 0 0 0 90 244 80 0 0
 addr 0x4000000000000000000000000000000000000000
  acc_nonce 0
  balance 0
  code 40 97 1 0 96 0 96 0 96 0 115 242 0 0 0 0 0 0 0 0 0 0 0 0 0 0 0 0 0 0 0 90 250 80 96 0 81 96 10 85 0
 addr 0x4400000000000000000000000000000000000000
  acc_nonce 0
  balance 0
  code 58 96 0 96 41 128 96 17 96 0 57 96 0 96 0 245 0 254 97 1 0 96 0 96 0 96 0 115 242 0 0 0 0 0 0 0 0 0 0 0 0 0 0 0 0 0 0 0 90 250 80 96 0 81 96 10 85 0 0
 addr 0xa94f5374fce5edbc8e2a8697c15331677e6ebf0b
  acc_nonce 0
  balance 1000000000000000000
  code 0
 addr 0xb94f5374fce5edbc8e2a8697c15331677e6ebf0b
  acc_nonce 0
  balance 0
  code 16 96 0 96 0 96 0 96 0 96 0 96 0 53 90 241 0
 addr 0xf000000000000000000000000000000000000000
  acc_nonce 0
  balance 0
  code 54 96 0 96 35 128 96 19 96 0 57 96 0 96 0 245 80 0 0 254 48 96 0 85 48 49 96 1 85 50 96 2 85 51 96 3 85 52 96 4 85 54 96 5 85 56 96 6 85 58 96 7 85 0 0
 addr 0xf200000000000000000000000000000000000000
  acc_nonce 0
  balance 0
  code 58 96 0 96 41 128 96 17 96 0 57 96 0 96 0 245 0 254 48 96 0 82 48 49 96 32 82 50 96 64 82 51 96 96 82 52 96 128 82 54 96 160 82 56 96 192 82 58 96 224 82 97 1 0 96 0 243 0 0
post
 addr 0x1000000000000000000000000000000000000000
  acc_nonce 0
  balance 0
  code 34 96 0 96 0 96 0 96 0 96 0 115 240 0 0 0 0 0 0 0 0 0 0 0 0 0 0 0 0 0 0 0 90 241 0
 addr 0x1100000000000000000000000000000000000000
  acc_nonce 0
  balance 0
  code 55 96 0 96 36 128 96 19 96 0 57 96 0 96 0 245 80 0 0 254 96 0 96 0 96 0 96 0 96 0 115 240 0 0 0 0 0 0 0 0 0 0 0 0 0 0 0 0 0 0 0 90 241 80 0 0
 addr 0x2000000000000000000000000000000000000000
  acc_nonce 0
  balance 0
  code 34 96 0 96 0 96 0 96 0 96 0 115 240 0 0 0 0 0 0 0 0 0 0 0 0 0 0 0 0 0 0 0 90 242 0
 addr 0x2200000000000000000000000000000000000000
  acc_nonce 0
  balance 0
  code 55 96 0 96 36 128 96 19 96 0 57 96 0 96 0 245 80 0 0 254 96 0 96 0 96 0 96 0 96 0 115 240 0 0 0 0 0 0 0 0 0 0 0 0 0 0 0 0 0 0 0 90 242 80 0 0
 addr 0x2adc25665018aa1fe0e6bc666dac8fc2697ff9ba
  acc_nonce 0
  balance 2000000000000575139
  code 0
 addr 0x3000000000000000000000000000000000000000
  acc_nonce 0
  balance 0
  code 34 96 0 96 0 96 0 96 0 115 240 0 0 0 0 0 0 0 0 0 0 0 0 0 0 0 0 0 0 0 90 244 80 0 0
 addr 0x3300000000000000000000000000000000000000
  acc_nonce 0
  balance 0
  code 53 96 0 96 34 128 96 19 96 0 57 96 0 96 0 245 80 0 0 254 96 0 96 0 96 0 96 0 115 240 0 0 0 0 0 0 0 0 0 0 0 0 0 0 0 0 0 0 0 90 244 80 0 0
 addr 0x4000000000000000000000000000000000000000
  acc_nonce 0
  balance 0
  code 40 97 1 0 96 0 96 0 96 0 115 242 0 0 0 0 0 0 0 0 0 0 0 0 0 0 0 0 0 0 0 90 250 80 96 0 81 96 10 85 0
 addr 0x4400000000000000000000000000000000000000
  acc_nonce 1
  balance 0
  code 58 96 0 96 41 128 96 17 96 0 57 96 0 96 0 245 0 254 97 1 0 96 0 96 0 96 0 115 242 0 0 0 0 0 0 0 0 0 0 0 0 0 0 0 0 0 0 0 90 250 80 96 0 81 96 10 85 0 0
 addr 0xa94f5374fce5edbc8e2a8697c15331677e6ebf0b
  acc_nonce 1
  balance 999999999999424861
  code 0
 addr 0xb94f5374fce5edbc8e2a8697c15331677e6ebf0b
  acc_nonce 0
  balance 0
  code 16 96 0 96 0 96 0 96 0 96 0 96 0 53 90 241 0
 addr 0xc91476965ddff489cdc5dc20c8f25819609ce341
  acc_nonce 1
  balance 0
  code 0
 addr 0xf000000000000000000000000000000000000000
  acc_nonce 0
  balance 0
  code 54 96 0 96 35 128 96 19 96 0 57 96 0 96 0 245 80 0 0 254 48 96 0 85 48 49 96 1 85 50 96 2 85 51 96 3 85 52 96 4 85 54 96 5 85 56 96 6 85 58 96 7 85 0 0
 addr 0xf200000000000000000000000000000000000000
  acc_nonce 0
  balance 0
  code 58 96 0 96 41 128 96 17 96 0 57 96 0 96 0 245 0 254 48 96 0 82 48 49 96 32 82 50 96 64 82 51 96 96 82 52 96 128 82 54 96 160 82 56 96 192 82 58 96 224 82 97 1 0 96 0 243 0 0
blocks
 block 0
  coinbase 0x2adc25665018aa1fe0e6bc666dac8fc2697ff9ba
  height 1
  difficulty 131072
  gaslimit 1000975
  timestamp 1000
  tx 0
   from 0xa94f5374fce5edbc8e2a8697c15331677e6ebf0b
   nonce 0
   to 0xb94f5374fce5edbc8e2a8697c15331677e6ebf0b
   value 0
   gasprice 1
   gas 600000
   data 32 0 0 0 0 0 0 0 0 0 0 0 0 68 0 0 0 0 0 0 0 0 0 0 0 0 0 0 0 0 0 0 0
