test Create2OnDepth1024_d0g0v0_Istanbul
pre
 addr 0xa94f5374fce5edbc8e2a8697c15331677e6ebf0b
  acc_nonce 0
  balance 70368744177664000000
  code 0
 addr 0xb94f5374fce5edbc8e2a8697c15331677e6ebf0b
  acc_nonce 0
  balance 0
  code 111 96 0 53 96 0 82 96 0 81 96 2 1 96 0 82 97 4 0 96 0 81 20 96 67 87 96 0 96 0 96 32 96 0 97 4 0 96 0 81 20 115 201 79 83 116 252 229 237 188 142 42 134 151 193 83 49 103 126 110 191 11 90 241 80 96 109 86 91 120 104 96 0 96 0 96 0 96 0 245 96 0 82 96 0 96 9 96 23 96 0 245 96 1 85 96 32 82 96 0 96 25 96 39 96 0 245 96 1 85 91 0
 addr 0xc94f5374fce5edbc8e2a8697c15331677e6ebf0b
  acc_nonce 0
  balance 0
  code 40 96 0 53 96 0 82 96 0 96 0 96 32 96 0 96 0 115 185 79 83 116 252 229 237 188 142 42 134 151 193 83 49 103 126 110 191 11 90 241 0
post
 addr 0x2adc25665018aa1fe0e6bc666dac8fc2697ff9ba
  acc_nonce 0
  balance 2000000000000942034
  code 0
 addr 0x436b8f99e8d953cdaf8f9472116add83ccd82a65
  acc_nonce 1
  balance 0
  code 0
 addr 0xa94f5374fce5edbc8e2a8697c15331677e6ebf0b
  acc_nonce 1
  balance 70368744177663057966
  code 0
 addr 0xb250d8cdad4a7a81323be508f4ac44584dd27597
  acc_nonce 2
  balance 0
  code 0
   kv 0x0000000000000000000000000000000000000000000000000000000000000001 0x000000000000000000000000436b8f99e8d953cdaf8f9472116add83ccd82a65
 addr 0xb94f5374fce5edbc8e2a8697c15331677e6ebf0b
  acc_nonce 1
  balance 0
  code 111 96 0 53 96 0 82 96 0 81 96 2 1 96 0 82 97 4 0 96 0 81 20 96 67 87 96 0 96 0 96 32 96 0 97 4 0 96 0 81 20 115 201 79 83 116 252 229 237 188 142 42 134 151 193 83 49 103 126 110 191 11 90 241 80 96 109 86 91 120 104 96 0 96 0 96 0 96 0 245 96 0 82 96 0 96 9 96 23 96 0 245 96 1 85 96 32 82 96 0 96 25 96 39 96 0 245 96 1 85 91 0
   kv 0x0000000000000000000000000000000000000000000000000000000000000001 0x000000000000000000000000b250d8cdad4a7a81323be508f4ac44584dd27597
 addr 0xc94f5374fce5edbc8e2a8697c15331677e6ebf0b
  acc_nonce 0
  balance 0
  code 40 96 0 53 96 0 82 96 0 96 0 96 32 96 0 96 0 115 185 79 83 116 252 229 237 188 142 42 134 151 193 83 49 103 126 110 191 11 90 241 0
blocks
 block 0
  coinbase 0x2adc25665018aa1fe0e6bc666dac8fc2697ff9ba
  height 1
  difficulty 131072
  gaslimit 9223372036854775807
  timestamp 1000
  tx 0
   from 0xa94f5374fce5edbc8e2a8697c15331677e6ebf0b
   nonce 0
   to 0xb94f5374fce5edbc8e2a8697c15331677e6ebf0b
   value 0
   gasprice 1
   gas 9151314442816847871
   data 0
