test create2SmartInitCode_d0g0v0_Istanbul
pre
 addr 0x0f572e5295c57f15886f9b263e2f6d2d6c7b5ec6
  acc_nonce 0
  balance 100
  code 56 122 96 0 96 1 84 20 96 17 87 96 10 96 0 243 96 26 86 91 96 1 96 1 85 96 1 255 91 96 0 82 96 0 96 27 96 5 96 1 245 96 1 85 96 0 96 27 96 5 96 1 245 96 2 85 0
 addr 0x1f572e5295c57f15886f9b263e2f6d2d6c7b5ec6
  acc_nonce 0
  balance 100
  code 58 124 96 0 96 1 84 20 96 17 87 96 10 96 0 243 96 28 86 91 96 1 96 1 85 96 10 96 0 243 91 96 0 82 96 0 96 29 96 3 96 1 245 96 1 85 96 0 96 27 96 5 96 1 245 96 2 85 0
 addr 0xa94f5374fce5edbc8e2a8697c15331677e6ebf0b
  acc_nonce 0
  balance 429496729600
  code 0
 addr 0xb94f5374fce5edbc8e2a8697c15331677e6ebf0b
  acc_nonce 0
  balance 429496729600
  code 16 96 0 96 0 96 0 96 0 96 0 96 0 53 90 241 0
post
 addr 0x0000000000000000000000000000000000000001
  acc_nonce 0
  balance 1
  code 0
 addr 0x0f572e5295c57f15886f9b263e2f6d2d6c7b5ec6
  acc_nonce 2
  balance 99
  code 56 122 96 0 96 1 84 20 96 17 87 96 10 96 0 243 96 26 86 91 96 1 96 1 85 96 1 255 91 96 0 82 96 0 96 27 96 5 96 1 245 96 1 85 96 0 96 27 96 5 96 1 245 96 2 85 0
   kv 0x0000000000000000000000000000000000000000000000000000000000000001 0x0000000000000000000000000f6510583d425cfcf94b99f8b073b44f60d1912b
 addr 0x1f572e5295c57f15886f9b263e2f6d2d6c7b5ec6
  acc_nonce 0
  balance 100
  code 58 124 96 0 96 1 84 20 96 17 87 96 10 96 0 243 96 28 86 91 96 1 96 1 85 96 10 96 0 243 91 96 0 82 96 0 96 29 96 3 96 1 245 96 1 85 96 0 96 27 96 5 96 1 245 96 2 85 0
 addr 0x2adc25665018aa1fe0e6bc666dac8fc2697ff9ba
  acc_nonce 0
  balance 2000000041617961037
  code 0
 addr 0xa94f5374fce5edbc8e2a8697c15331677e6ebf0b
  acc_nonce 1
  balance 387878768563
  code 0
 addr 0xb94f5374fce5edbc8e2a8697c15331677e6ebf0b
  acc_nonce 0
  balance 429496729600
  code 16 96 0 96 0 96 0 96 0 96 0 96 0 53 90 241 0
blocks
 block 0
  coinbase 0x2adc25665018aa1fe0e6bc666dac8fc2697ff9ba
  height 1
  difficulty 131072
  gaslimit 47290777599
  timestamp 1000
  tx 0
   from 0xa94f5374fce5edbc8e2a8697c15331677e6ebf0b
   nonce 0
   to 0xb94f5374fce5edbc8e2a8697c15331677e6ebf0b
   value 0
   gasprice 1
   gas 42949672960
   data 32 0 0 0 0 0 0 0 0 0 0 0 0 15 87 46 82 149 197 127 21 136 111 155 38 62 47 109 45 108 123 94 198
test create2SmartInitCode_d1g0v0_Istanbul
pre
 addr 0x0f572e5295c57f15886f9b263e2f6d2d6c7b5ec6
  acc_nonce 0
  balance 100
  code 56 122 96 0 96 1 84 20 96 17 87 96 10 96 0 243 96 26 86 91 96 1 96 1 85 96 1 255 91 96 0 82 96 0 96 27 96 5 96 1 245 96 1 85 96 0 96 27 96 5 96 1 245 96 2 85 0
 addr 0x1f572e5295c57f15886f9b263e2f6d2d6c7b5ec6
  acc_nonce 0
  balance 100
  code 58 124 96 0 96 1 84 20 96 17 87 96 10 96 0 243 96 28 86 91 96 1 96 1 85 96 10 96 0 243 91 96 0 82 96 0 96 29 96 3 96 1 245 96 1 85 96 0 96 27 96 5 96 1 245 96 2 85 0
 addr 0xa94f5374fce5edbc8e2a8697c15331677e6ebf0b
  acc_nonce 0
  balance 429496729600
  code 0
 addr 0xb94f5374fce5edbc8e2a8697c15331677e6ebf0b
  acc_nonce 0
  balance 429496729600
  code 16 96 0 96 0 96 0 96 0 96 0 96 0 53 90 241 0
post
 addr 0x0f572e5295c57f15886f9b263e2f6d2d6c7b5ec6
  acc_nonce 0
  balance 100
  code 56 122 96 0 96 1 84 20 96 17 87 96 10 96 0 243 96 26 86 91 96 1 96 1 85 96 1 255 91 96 0 82 96 0 96 27 96 5 96 1 245 96 1 85 96 0 96 27 96 5 96 1 245 96 2 85 0
 addr 0x1f572e5295c57f15886f9b263e2f6d2d6c7b5ec6
  acc_nonce 2
  balance 99
  code 58 124 96 0 96 1 84 20 96 17 87 96 10 96 0 243 96 28 86 91 96 1 96 1 85 96 10 96 0 243 91 96 0 82 96 0 96 29 96 3 96 1 245 96 1 85 96 0 96 27 96 5 96 1 245 96 2 85 0
   kv 0x0000000000000000000000000000000000000000000000000000000000000001 0x000000000000000000000000d27e800c69122409ac5609fe4df903745f3988a0
 addr 0x2adc25665018aa1fe0e6bc666dac8fc2697ff9ba
  acc_nonce 0
  balance 2000000041617984599
  code 0
 addr 0xa94f5374fce5edbc8e2a8697c15331677e6ebf0b
  acc_nonce 1
  balance 387878745001
  code 0
 addr 0xb94f5374fce5edbc8e2a8697c15331677e6ebf0b
  acc_nonce 0
  balance 429496729600
  code 16 96 0 96 0 96 0 96 0 96 0 96 0 53 90 241 0
 addr 0xd27e800c69122409ac5609fe4df903745f3988a0
  acc_nonce 1
  balance 1
  code 10 0 0 0 0 0 0 0 0 0 0
   kv 0x0000000000000000000000000000000000000000000000000000000000000001 0x0000000000000000000000000000000000000000000000000000000000000001
blocks
 block 0
  coinbase 0x2adc25665018aa1fe0e6bc666dac8fc2697ff9ba
  height 1
  difficulty 131072
  gaslimit 47290777599
  timestamp 1000
  tx 0
   from 0xa94f5374fce5edbc8e2a8697c15331677e6ebf0b
   nonce 0
   to 0xb94f5374fce5edbc8e2a8697c15331677e6ebf0b
   value 0
   gasprice 1
   gas 42949672960
   data 32 0 0 0 0 0 0 0 0 0 0 0 0 31 87 46 82 149 197 127 21 136 111 155 38 62 47 109 45 108 123 94 198
