test Create2OnDepth1023_d0g0v0_Istanbul
pre
 addr 0xa94f5374fce5edbc8e2a8697c15331677e6ebf0b
  acc_nonce 0
  balance 70368744177664000000
  code 0
 addr 0xb94f5374fce5edbc8e2a8697c15331677e6ebf0b
  acc_nonce 0
  balance 0
  code 98 96 0 53 96 0 82 96 0 81 96 2 1 96 0 82 97 4 0 96 0 81 20 96 67 87 96 0 96 0 96 32 96 0 97 4 0 96 0 81 20 115 201 79 83 116 252 229 237 188 142 42 134 151 193 83 49 103 126 110 191 11 90 241 80 96 96 86 91 107 96 0 96 0 96 0 96 0 245 96 1 85 96 32 82 96 0 96 12 96 52 96 0 245 96 1 85 91 0
 addr 0xc94f5374fce5edbc8e2a8697c15331677e6ebf0b
  acc_nonce 0
  balance 0
  code 40 96 0 53 96 0 82 96 0 96 0 96 32 96 0 96 0 115 185 79 83 116 252 229 237 188 142 42 134 151 193 83 49 103 126 110 191 11 90 241 0
post
 addr 0x2adc25665018aa1fe0e6bc666dac8fc2697ff9ba
  acc_nonce 0
  balance 2000000000000910004
  code 0
 addr 0x4f05179f0987710f94f2cbde67c5357bc1815af3
  acc_nonce 1
  balance 0
  code 0
 addr 0xa3da9580897e90044fa0de6969815406b3172e3a
  acc_nonce 2
  balance 0
  code 0
   kv 0x0000000000000000000000000000000000000000000000000000000000000001 0x0000000000000000000000004f05179f0987710f94f2cbde67c5357bc1815af3
 addr 0xa94f5374fce5edbc8e2a8697c15331677e6ebf0b
  acc_nonce 1
  balance 70368744177663089996
  code 0
 addr 0xb94f5374fce5edbc8e2a8697c15331677e6ebf0b
  acc_nonce 1
  balance 0
  code 98 96 0 53 96 0 82 96 0 81 96 2 1 96 0 82 97 4 0 96 0 81 20 96 67 87 96 0 96 0 96 32 96 0 97 4 0 96 0 81 20 115 201 79 83 116 252 229 237 188 142 42 134 151 193 83 49 103 126 110 191 11 90 241 80 96 96 86 91 107 96 0 96 0 96 0 96 0 245 96 1 85 96 32 82 96 0 96 12 96 52 96 0 245 96 1 85 91 0
   kv 0x0000000000000000000000000000000000000000000000000000000000000001 0x000000000000000000000000a3da9580897e90044fa0de6969815406b3172e3a
 addr 0xc94f5374fce5edbc8e2a8697c15331677e6ebf0b
  acc_nonce 0
  balance 0
  code 40 96 0 53 96 0 82 96 0 96 0 96 32 96 0 96 0 115 185 79 83 116 252 229 237 188 142 42 134 151 193 83 49 103 126 110 191 11 90 241 0
blocks
 block 0
  coinbase 0x2adc25665018aa1fe0e6bc666dac8fc2697ff9ba
  height 1
  difficulty 131072
  gaslimit 9223372036854775807
  timestamp 1000
  tx 0
   from 0xa94f5374fce5edbc8e2a8697c15331677e6ebf0b
   nonce 0
   to 0xb94f5374fce5edbc8e2a8697c15331677e6ebf0b
   value 0
   gasprice 1
   gas 9151314442816847871
   data 0
