test create2callPrecompiles_d0g0v0_Istanbul
pre
 addr 0xa94f5374fce5edbc8e2a8697c15331677e6ebf0b
  acc_nonce 0
  balance 1000000000000000000
  code 0
 addr 0xaddf5374fce5edbc8e2a8697c15331677e6ebf0b
  acc_nonce 0
  balance 0
  code 57 96 0 53 96 0 82 96 32 53 96 32 82 96 64 53 96 64 82 96 96 53 96 96 82 96 64 96 200 96 128 96 0 96 0 96 6 98 7 161 32 242 96 0 85 96 200 81 96 1 85 96 232 81 96 2 85 0
 addr 0xb94f5374fce5edbc8e2a8697c15331677e6ebf0b
  acc_nonce 0
  balance 0
  code 133 96 0 53 96 0 82 96 32 53 96 32 82 96 64 53 96 64 82 96 96 53 96 96 82 96 128 53 96 128 82 96 160 53 96 160 82 96 192 53 96 192 82 96 64 97 1 44 96 128 96 0 96 0 96 6 98 7 161 32 242 96 0 85 96 64 97 1 144 96 96 96 128 96 0 96 7 98 7 161 32 242 96 1 85 97 1 44 81 96 10 85 97 1 76 81 96 11 85 97 1 144 81 96 20 85 97 1 176 81 96 21 85 96 20 84 96 10 84 20 96 2 85 96 21 84 96 11 84 20 96 3 85 0
post
 addr 0x2adc25665018aa1fe0e6bc666dac8fc2697ff9ba
  acc_nonce 0
  balance 2000000000000152380
  code 0
 addr 0x6295ee1b4f6dd65047762f924ecd367c17eabf8f
  acc_nonce 2
  balance 1
  code 0
 addr 0xa94f5374fce5edbc8e2a8697c15331677e6ebf0b
  acc_nonce 1
  balance 999999999999847619
  code 0
 addr 0xaddf5374fce5edbc8e2a8697c15331677e6ebf0b
  acc_nonce 0
  balance 0
  code 57 96 0 53 96 0 82 96 32 53 96 32 82 96 64 53 96 64 82 96 96 53 96 96 82 96 64 96 200 96 128 96 0 96 0 96 6 98 7 161 32 242 96 0 85 96 200 81 96 1 85 96 232 81 96 2 85 0
 addr 0xb94f5374fce5edbc8e2a8697c15331677e6ebf0b
  acc_nonce 0
  balance 0
  code 133 96 0 53 96 0 82 96 32 53 96 32 82 96 64 53 96 64 82 96 96 53 96 96 82 96 128 53 96 128 82 96 160 53 96 160 82 96 192 53 96 192 82 96 64 97 1 44 96 128 96 0 96 0 96 6 98 7 161 32 242 96 0 85 96 64 97 1 144 96 96 96 128 96 0 96 7 98 7 161 32 242 96 1 85 97 1 44 81 96 10 85 97 1 76 81 96 11 85 97 1 144 81 96 20 85 97 1 176 81 96 21 85 96 20 84 96 10 84 20 96 2 85 96 21 84 96 11 84 20 96 3 85 0
 addr 0xf68e26002db0f9ca9b54367c57c25e474c581622
  acc_nonce 1
  balance 0
  code 0
   kv 0x0000000000000000000000000000000000000000000000000000000000000000 0x000000000000000000000000a94f5374fce5edbc8e2a8697c15331677e6ebf0b
   kv 0x0000000000000000000000000000000000000000000000000000000000000001 0x0000000000000000000000000000000000000000000000000000000000000001
   kv 0x0000000000000000000000000000000000000000000000000000000000000002 0x0000000000000000000000000000000000000000000000000000000000000001
blocks
 block 0
  coinbase 0x2adc25665018aa1fe0e6bc666dac8fc2697ff9ba
  height 1
  difficulty 131072
  gaslimit 1000976562499
  timestamp 1000
  tx 0
   from 0xa94f5374fce5edbc8e2a8697c15331677e6ebf0b
   nonce 0
   to 0x0000000000000000000000000000000000000000
   value 1
   gasprice 1
   gas 15000000
   data 174 96 0 96 155 128 96 19 96 0 57 96 0 96 0 245 80 0 0 254 127 24 197 71 228 247 176 243 37 173 30 86 245 126 38 199 69 176 154 62 80 61 134 224 14 82 85 255 127 113 93 61 28 96 0 82 96 28 96 32 82 127 115 177 105 56 146 33 157 115 108 171 165 91 219 103 33 110 72 85 87 234 107 106 247 95 55 9 108 154 166 165 167 95 96 64 82 127 238 185 64 177 208 59 33 227 107 14 71 231 151 105 240 149 254 42 184 85 189 145 227 163 135 86 183 215 90 156 69 73 96 96 82 96 32 96 128 96 128 96 0 96 0 96 1 98 4 147 224 241 96 2 85 96 160 96 2 10 96 128 81 6 96 0 85 96 0 84 50 20 96 1 85 0 0
test create2callPrecompiles_d1g0v0_Istanbul
pre
 addr 0xa94f5374fce5edbc8e2a8697c15331677e6ebf0b
  acc_nonce 0
  balance 1000000000000000000
  code 0
 addr 0xaddf5374fce5edbc8e2a8697c15331677e6ebf0b
  acc_nonce 0
  balance 0
  code 57 96 0 53 96 0 82 96 32 53 96 32 82 96 64 53 96 64 82 96 96 53 96 96 82 96 64 96 200 96 128 96 0 96 0 96 6 98 7 161 32 242 96 0 85 96 200 81 96 1 85 96 232 81 96 2 85 0
 addr 0xb94f5374fce5edbc8e2a8697c15331677e6ebf0b
  acc_nonce 0
  balance 0
  code 133 96 0 53 96 0 82 96 32 53 96 32 82 96 64 53 96 64 82 96 96 53 96 96 82 96 128 53 96 128 82 96 160 53 96 160 82 96 192 53 96 192 82 96 64 97 1 44 96 128 96 0 96 0 96 6 98 7 161 32 242 96 0 85 96 64 97 1 144 96 96 96 128 96 0 96 7 98 7 161 32 242 96 1 85 97 1 44 81 96 10 85 97 1 76 81 96 11 85 97 1 144 81 96 20 85 97 1 176 81 96 21 85 96 20 84 96 10 84 20 96 2 85 96 21 84 96 11 84 20 96 3 85 0
post
 addr 0x2adc25665018aa1fe0e6bc666dac8fc2697ff9ba
  acc_nonce 0
  balance 2000000000000126606
  code 0
 addr 0x3b9ea59b92545beb727022289665cf38fa462bae
  acc_nonce 1
  balance 0
  code 0
   kv 0x0000000000000000000000000000000000000000000000000000000000000000 0xcb39b3bde22925b2f931111130c774761d8895e0e08437c9b396c1e97d10f34d
   kv 0x0000000000000000000000000000000000000000000000000000000000000002 0x0000000000000000000000000000000000000000000000000000000000000001
 addr 0x6295ee1b4f6dd65047762f924ecd367c17eabf8f
  acc_nonce 2
  balance 1
  code 0
 addr 0xa94f5374fce5edbc8e2a8697c15331677e6ebf0b
  acc_nonce 1
  balance 999999999999873393
  code 0
 addr 0xaddf5374fce5edbc8e2a8697c15331677e6ebf0b
  acc_nonce 0
  balance 0
  code 57 96 0 53 96 0 82 96 32 53 96 32 82 96 64 53 96 64 82 96 96 53 96 96 82 96 64 96 200 96 128 96 0 96 0 96 6 98 7 161 32 242 96 0 85 96 200 81 96 1 85 96 232 81 96 2 85 0
 addr 0xb94f5374fce5edbc8e2a8697c15331677e6ebf0b
  acc_nonce 0
  balance 0
  code 133 96 0 53 96 0 82 96 32 53 96 32 82 96 64 53 96 64 82 96 96 53 96 96 82 96 128 53 96 128 82 96 160 53 96 160 82 96 192 53 96 192 82 96 64 97 1 44 96 128 96 0 96 0 96 6 98 7 161 32 242 96 0 85 96 64 97 1 144 96 96 96 128 96 0 96 7 98 7 161 32 242 96 1 85 97 1 44 81 96 10 85 97 1 76 81 96 11 85 97 1 144 81 96 20 85 97 1 176 81 96 21 85 96 20 84 96 10 84 20 96 2 85 96 21 84 96 11 84 20 96 3 85 0
blocks
 block 0
  coinbase 0x2adc25665018aa1fe0e6bc666dac8fc2697ff9ba
  height 1
  difficulty 131072
  gaslimit 1000976562499
  timestamp 1000
  tx 0
   from 0xa94f5374fce5edbc8e2a8697c15331677e6ebf0b
   nonce 0
   to 0x0000000000000000000000000000000000000000
   value 1
   gasprice 1
   gas 15000000
   data 55 96 0 96 36 128 96 19 96 0 57 96 0 96 0 245 80 0 0 254 100 243 69 120 144 127 96 5 82 96 32 96 0 96 37 96 0 96 0 96 2 97 1 244 241 96 2 85 96 0 81 96 0 85 0 0
test create2callPrecompiles_d2g0v0_Istanbul
pre
 addr 0xa94f5374fce5edbc8e2a8697c15331677e6ebf0b
  acc_nonce 0
  balance 1000000000000000000
  code 0
 addr 0xaddf5374fce5edbc8e2a8697c15331677e6ebf0b
  acc_nonce 0
  balance 0
  code 57 96 0 53 96 0 82 96 32 53 96 32 82 96 64 53 96 64 82 96 96 53 96 96 82 96 64 96 200 96 128 96 0 96 0 96 6 98 7 161 32 242 96 0 85 96 200 81 96 1 85 96 232 81 96 2 85 0
 addr 0xb94f5374fce5edbc8e2a8697c15331677e6ebf0b
  acc_nonce 0
  balance 0
  code 133 96 0 53 96 0 82 96 32 53 96 32 82 96 64 53 96 64 82 96 96 53 96 96 82 96 128 53 96 128 82 96 160 53 96 160 82 96 192 53 96 192 82 96 64 97 1 44 96 128 96 0 96 0 96 6 98 7 161 32 242 96 0 85 96 64 97 1 144 96 96 96 128 96 0 96 7 98 7 161 32 242 96 1 85 97 1 44 81 96 10 85 97 1 76 81 96 11 85 97 1 144 81 96 20 85 97 1 176 81 96 21 85 96 20 84 96 10 84 20 96 2 85 96 21 84 96 11 84 20 96 3 85 0
post
 addr 0x2adc25665018aa1fe0e6bc666dac8fc2697ff9ba
  acc_nonce 0
  balance 2000000000000126942
  code 0
 addr 0x6295ee1b4f6dd65047762f924ecd367c17eabf8f
  acc_nonce 2
  balance 1
  code 0
 addr 0x7525f19e2970539fd2897357777a4c275175bcf5
  acc_nonce 1
  balance 0
  code 0
   kv 0x0000000000000000000000000000000000000000000000000000000000000000 0x0000000000000000000000009c1185a5c5e9fc54612808977ee8f548b2258d31
   kv 0x0000000000000000000000000000000000000000000000000000000000000002 0x0000000000000000000000000000000000000000000000000000000000000001
 addr 0xa94f5374fce5edbc8e2a8697c15331677e6ebf0b
  acc_nonce 1
  balance 999999999999873057
  code 0
 addr 0xaddf5374fce5edbc8e2a8697c15331677e6ebf0b
  acc_nonce 0
  balance 0
  code 57 96 0 53 96 0 82 96 32 53 96 32 82 96 64 53 96 64 82 96 96 53 96 96 82 96 64 96 200 96 128 96 0 96 0 96 6 98 7 161 32 242 96 0 85 96 200 81 96 1 85 96 232 81 96 2 85 0
 addr 0xb94f5374fce5edbc8e2a8697c15331677e6ebf0b
  acc_nonce 0
  balance 0
  code 133 96 0 53 96 0 82 96 32 53 96 32 82 96 64 53 96 64 82 96 96 53 96 96 82 96 128 53 96 128 82 96 160 53 96 160 82 96 192 53 96 192 82 96 64 97 1 44 96 128 96 0 96 0 96 6 98 7 161 32 242 96 0 85 96 64 97 1 144 96 96 96 128 96 0 96 7 98 7 161 32 242 96 1 85 97 1 44 81 96 10 85 97 1 76 81 96 11 85 97 1 144 81 96 20 85 97 1 176 81 96 21 85 96 20 84 96 10 84 20 96 2 85 96 21 84 96 11 84 20 96 3 85 0
blocks
 block 0
  coinbase 0x2adc25665018aa1fe0e6bc666dac8fc2697ff9ba
  height 1
  difficulty 131072
  gaslimit 1000976562499
  timestamp 1000
  tx 0
   from 0xa94f5374fce5edbc8e2a8697c15331677e6ebf0b
   nonce 0
   to 0x0000000000000000000000000000000000000000
   value 1
   gasprice 1
   gas 15000000
   data 46 96 0 96 27 128 96 19 96 0 57 96 0 96 0 245 80 0 0 254 96 32 96 0 96 0 96 0 96 0 96 3 97 2 88 241 96 2 85 96 0 81 96 0 85 0 0
test create2callPrecompiles_d3g0v0_Istanbul
pre
 addr 0xa94f5374fce5edbc8e2a8697c15331677e6ebf0b
  acc_nonce 0
  balance 1000000000000000000
  code 0
 addr 0xaddf5374fce5edbc8e2a8697c15331677e6ebf0b
  acc_nonce 0
  balance 0
  code 57 96 0 53 96 0 82 96 32 53 96 32 82 96 64 53 96 64 82 96 96 53 96 96 82 96 64 96 200 96 128 96 0 96 0 96 6 98 7 161 32 242 96 0 85 96 200 81 96 1 85 96 232 81 96 2 85 0
 addr 0xb94f5374fce5edbc8e2a8697c15331677e6ebf0b
  acc_nonce 0
  balance 0
  code 133 96 0 53 96 0 82 96 32 53 96 32 82 96 64 53 96 64 82 96 96 53 96 96 82 96 128 53 96 128 82 96 160 53 96 160 82 96 192 53 96 192 82 96 64 97 1 44 96 128 96 0 96 0 96 6 98 7 161 32 242 96 0 85 96 64 97 1 144 96 96 96 128 96 0 96 7 98 7 161 32 242 96 1 85 97 1 44 81 96 10 85 97 1 76 81 96 11 85 97 1 144 81 96 20 85 97 1 176 81 96 21 85 96 20 84 96 10 84 20 96 2 85 96 21 84 96 11 84 20 96 3 85 0
post
 addr 0x0ee431db7c48fc10a9a56c909bfefa87661442fb
  acc_nonce 1
  balance 0
  code 0
   kv 0x0000000000000000000000000000000000000000000000000000000000000000 0x000000000000000000000000000000000000000000000000000000f34578907f
   kv 0x0000000000000000000000000000000000000000000000000000000000000002 0x0000000000000000000000000000000000000000000000000000000000000001
 addr 0x2adc25665018aa1fe0e6bc666dac8fc2697ff9ba
  acc_nonce 0
  balance 2000000000000126531
  code 0
 addr 0x6295ee1b4f6dd65047762f924ecd367c17eabf8f
  acc_nonce 2
  balance 1
  code 0
 addr 0xa94f5374fce5edbc8e2a8697c15331677e6ebf0b
  acc_nonce 1
  balance 999999999999873468
  code 0
 addr 0xaddf5374fce5edbc8e2a8697c15331677e6ebf0b
  acc_nonce 0
  balance 0
  code 57 96 0 53 96 0 82 96 32 53 96 32 82 96 64 53 96 64 82 96 96 53 96 96 82 96 64 96 200 96 128 96 0 96 0 96 6 98 7 161 32 242 96 0 85 96 200 81 96 1 85 96 232 81 96 2 85 0
 addr 0xb94f5374fce5edbc8e2a8697c15331677e6ebf0b
  acc_nonce 0
  balance 0
  code 133 96 0 53 96 0 82 96 32 53 96 32 82 96 64 53 96 64 82 96 96 53 96 96 82 96 128 53 96 128 82 96 160 53 96 160 82 96 192 53 96 192 82 96 64 97 1 44 96 128 96 0 96 0 96 6 98 7 161 32 242 96 0 85 96 64 97 1 144 96 96 96 128 96 0 96 7 98 7 161 32 242 96 1 85 97 1 44 81 96 10 85 97 1 76 81 96 11 85 97 1 144 81 96 20 85 97 1 176 81 96 21 85 96 20 84 96 10 84 20 96 2 85 96 21 84 96 11 84 20 96 3 85 0
blocks
 block 0
  coinbase 0x2adc25665018aa1fe0e6bc666dac8fc2697ff9ba
  height 1
  difficulty 131072
  gaslimit 1000976562499
  timestamp 1000
  tx 0
   from 0xa94f5374fce5edbc8e2a8697c15331677e6ebf0b
   nonce 0
   to 0x0000000000000000000000000000000000000000
   value 1
   gasprice 1
   gas 15000000
   data 55 96 0 96 36 128 96 19 96 0 57 96 0 96 0 245 80 0 0 254 100 243 69 120 144 127 96 0 82 96 32 96 0 96 37 96 0 96 0 96 4 97 1 244 241 96 2 85 96 0 81 96 0 85 0 0
test create2callPrecompiles_d4g0v0_Istanbul
pre
 addr 0xa94f5374fce5edbc8e2a8697c15331677e6ebf0b
  acc_nonce 0
  balance 1000000000000000000
  code 0
 addr 0xaddf5374fce5edbc8e2a8697c15331677e6ebf0b
  acc_nonce 0
  balance 0
  code 57 96 0 53 96 0 82 96 32 53 96 32 82 96 64 53 96 64 82 96 96 53 96 96 82 96 64 96 200 96 128 96 0 96 0 96 6 98 7 161 32 242 96 0 85 96 200 81 96 1 85 96 232 81 96 2 85 0
 addr 0xb94f5374fce5edbc8e2a8697c15331677e6ebf0b
  acc_nonce 0
  balance 0
  code 133 96 0 53 96 0 82 96 32 53 96 32 82 96 64 53 96 64 82 96 96 53 96 96 82 96 128 53 96 128 82 96 160 53 96 160 82 96 192 53 96 192 82 96 64 97 1 44 96 128 96 0 96 0 96 6 98 7 161 32 242 96 0 85 96 64 97 1 144 96 96 96 128 96 0 96 7 98 7 161 32 242 96 1 85 97 1 44 81 96 10 85 97 1 76 81 96 11 85 97 1 144 81 96 20 85 97 1 176 81 96 21 85 96 20 84 96 10 84 20 96 2 85 96 21 84 96 11 84 20 96 3 85 0
post
 addr 0x2adc25665018aa1fe0e6bc666dac8fc2697ff9ba
  acc_nonce 0
  balance 2000000000000141229
  code 0
 addr 0x6295ee1b4f6dd65047762f924ecd367c17eabf8f
  acc_nonce 2
  balance 1
  code 0
 addr 0xa94f5374fce5edbc8e2a8697c15331677e6ebf0b
  acc_nonce 1
  balance 999999999999858770
  code 0
 addr 0xaddf5374fce5edbc8e2a8697c15331677e6ebf0b
  acc_nonce 0
  balance 0
  code 57 96 0 53 96 0 82 96 32 53 96 32 82 96 64 53 96 64 82 96 96 53 96 96 82 96 64 96 200 96 128 96 0 96 0 96 6 98 7 161 32 242 96 0 85 96 200 81 96 1 85 96 232 81 96 2 85 0
 addr 0xb94f5374fce5edbc8e2a8697c15331677e6ebf0b
  acc_nonce 0
  balance 0
  code 133 96 0 53 96 0 82 96 32 53 96 32 82 96 64 53 96 64 82 96 96 53 96 96 82 96 128 53 96 128 82 96 160 53 96 160 82 96 192 53 96 192 82 96 64 97 1 44 96 128 96 0 96 0 96 6 98 7 161 32 242 96 0 85 96 64 97 1 144 96 96 96 128 96 0 96 7 98 7 161 32 242 96 1 85 97 1 44 81 96 10 85 97 1 76 81 96 11 85 97 1 144 81 96 20 85 97 1 176 81 96 21 85 96 20 84 96 10 84 20 96 2 85 96 21 84 96 11 84 20 96 3 85 0
 addr 0xbbd394930b408da783ee071ced240ece997bc8b2
  acc_nonce 1
  balance 0
  code 0
   kv 0x0000000000000000000000000000000000000000000000000000000000000001 0x0000000000000000000000000000000000000000000000000000000000000001
   kv 0x0000000000000000000000000000000000000000000000000000000000000002 0x162ead82cadefaeaf6e9283248fdf2f2845f6396f6f17c4d5a39f820b6f6b5f9
blocks
 block 0
  coinbase 0x2adc25665018aa1fe0e6bc666dac8fc2697ff9ba
  height 1
  difficulty 131072
  gaslimit 1000976562499
  timestamp 1000
  tx 0
   from 0xa94f5374fce5edbc8e2a8697c15331677e6ebf0b
   nonce 0
   to 0x0000000000000000000000000000000000000000
   value 1
   gasprice 1
   gas 15000000
   data 169 96 0 96 150 128 96 19 96 0 57 96 0 96 0 245 80 0 0 254 96 1 96 0 82 96 32 96 32 82 96 32 96 64 82 127 3 255 255 255 255 255 255 255 255 255 255 255 255 255 255 255 255 255 255 255 255 255 255 255 255 255 255 255 254 255 255 252 96 96 82 127 46 255 255 255 255 255 255 255 255 255 255 255 255 255 255 255 255 255 255 255 255 255 255 255 255 255 255 255 254 255 255 252 96 128 82 127 47 0 0 0 0 0 0 0 0 0 0 0 0 0 0 0 0 0 0 0 0 0 0 0 0 0 0 0 0 0 0 0 96 150 82 96 32 97 3 232 96 151 96 0 96 0 96 5 90 242 96 1 85 97 3 232 81 96 2 85 0 0
test create2callPrecompiles_d5g0v0_Istanbul
pre
 addr 0xa94f5374fce5edbc8e2a8697c15331677e6ebf0b
  acc_nonce 0
  balance 1000000000000000000
  code 0
 addr 0xaddf5374fce5edbc8e2a8697c15331677e6ebf0b
  acc_nonce 0
  balance 0
  code 57 96 0 53 96 0 82 96 32 53 96 32 82 96 64 53 96 64 82 96 96 53 96 96 82 96 64 96 200 96 128 96 0 96 0 96 6 98 7 161 32 242 96 0 85 96 200 81 96 1 85 96 232 81 96 2 85 0
 addr 0xb94f5374fce5edbc8e2a8697c15331677e6ebf0b
  acc_nonce 0
  balance 0
  code 133 96 0 53 96 0 82 96 32 53 96 32 82 96 64 53 96 64 82 96 96 53 96 96 82 96 128 53 96 128 82 96 160 53 96 160 82 96 192 53 96 192 82 96 64 97 1 44 96 128 96 0 96 0 96 6 98 7 161 32 242 96 0 85 96 64 97 1 144 96 96 96 128 96 0 96 7 98 7 161 32 242 96 1 85 97 1 44 81 96 10 85 97 1 76 81 96 11 85 97 1 144 81 96 20 85 97 1 176 81 96 21 85 96 20 84 96 10 84 20 96 2 85 96 21 84 96 11 84 20 96 3 85 0
post
 addr 0x2adc25665018aa1fe0e6bc666dac8fc2697ff9ba
  acc_nonce 0
  balance 2000000000000707284
  code 0
 addr 0x2e3ec33a50ed32c2fcbef07a1bab8643db4dc670
  acc_nonce 1
  balance 0
  code 0
   kv 0x0000000000000000000000000000000000000000000000000000000000000000 0x0000000000000000000000000000000000000000000000000000000000000001
 addr 0x6295ee1b4f6dd65047762f924ecd367c17eabf8f
  acc_nonce 2
  balance 1
  code 0
 addr 0xa94f5374fce5edbc8e2a8697c15331677e6ebf0b
  acc_nonce 1
  balance 999999999999292715
  code 0
 addr 0xaddf5374fce5edbc8e2a8697c15331677e6ebf0b
  acc_nonce 0
  balance 0
  code 57 96 0 53 96 0 82 96 32 53 96 32 82 96 64 53 96 64 82 96 96 53 96 96 82 96 64 96 200 96 128 96 0 96 0 96 6 98 7 161 32 242 96 0 85 96 200 81 96 1 85 96 232 81 96 2 85 0
 addr 0xb94f5374fce5edbc8e2a8697c15331677e6ebf0b
  acc_nonce 0
  balance 0
  code 133 96 0 53 96 0 82 96 32 53 96 32 82 96 64 53 96 64 82 96 96 53 96 96 82 96 128 53 96 128 82 96 160 53 96 160 82 96 192 53 96 192 82 96 64 97 1 44 96 128 96 0 96 0 96 6 98 7 161 32 242 96 0 85 96 64 97 1 144 96 96 96 128 96 0 96 7 98 7 161 32 242 96 1 85 97 1 44 81 96 10 85 97 1 76 81 96 11 85 97 1 144 81 96 20 85 97 1 176 81 96 21 85 96 20 84 96 10 84 20 96 2 85 96 21 84 96 11 84 20 96 3 85 0
blocks
 block 0
  coinbase 0x2adc25665018aa1fe0e6bc666dac8fc2697ff9ba
  height 1
  difficulty 131072
  gaslimit 1000976562499
  timestamp 1000
  tx 0
   from 0xa94f5374fce5edbc8e2a8697c15331677e6ebf0b
   nonce 0
   to 0x0000000000000000000000000000000000000000
   value 1
   gasprice 1
   gas 15000000
   data 53 96 0 96 34 128 96 19 96 0 57 96 0 96 0 245 80 0 0 254 96 1 96 0 82 96 32 96 0 97 1 0 96 0 96 0 96 6 98 9 39 192 241 96 2 85 96 0 81 96 0 85 0 0
test create2callPrecompiles_d6g0v0_Istanbul
pre
 addr 0xa94f5374fce5edbc8e2a8697c15331677e6ebf0b
  acc_nonce 0
  balance 1000000000000000000
  code 0
 addr 0xaddf5374fce5edbc8e2a8697c15331677e6ebf0b
  acc_nonce 0
  balance 0
  code 57 96 0 53 96 0 82 96 32 53 96 32 82 96 64 53 96 64 82 96 96 53 96 96 82 96 64 96 200 96 128 96 0 96 0 96 6 98 7 161 32 242 96 0 85 96 200 81 96 1 85 96 232 81 96 2 85 0
 addr 0xb94f5374fce5edbc8e2a8697c15331677e6ebf0b
  acc_nonce 0
  balance 0
  code 133 96 0 53 96 0 82 96 32 53 96 32 82 96 64 53 96 64 82 96 96 53 96 96 82 96 128 53 96 128 82 96 160 53 96 160 82 96 192 53 96 192 82 96 64 97 1 44 96 128 96 0 96 0 96 6 98 7 161 32 242 96 0 85 96 64 97 1 144 96 96 96 128 96 0 96 7 98 7 161 32 242 96 1 85 97 1 44 81 96 10 85 97 1 76 81 96 11 85 97 1 144 81 96 20 85 97 1 176 81 96 21 85 96 20 84 96 10 84 20 96 2 85 96 21 84 96 11 84 20 96 3 85 0
post
 addr 0x2adc25665018aa1fe0e6bc666dac8fc2697ff9ba
  acc_nonce 0
  balance 2000000000000149900
  code 0
 addr 0x6295ee1b4f6dd65047762f924ecd367c17eabf8f
  acc_nonce 2
  balance 1
  code 0
 addr 0xa94f5374fce5edbc8e2a8697c15331677e6ebf0b
  acc_nonce 1
  balance 999999999999850099
  code 0
 addr 0xaa0ab87aa0e27e22e21671040c11f3537cdc7b3e
  acc_nonce 1
  balance 0
  code 0
   kv 0x0000000000000000000000000000000000000000000000000000000000000000 0x0000000000000000000000000000000000000000000000000000000000000001
   kv 0x0000000000000000000000000000000000000000000000000000000000000001 0x1f4d1d80177b1377743d1901f70d7389be7f7a35a35bfd234a8aaee615b88c49
   kv 0x0000000000000000000000000000000000000000000000000000000000000002 0x018683193ae021a2f8920fed186cde5d9b1365116865281ccf884c1f28b1df8f
 addr 0xaddf5374fce5edbc8e2a8697c15331677e6ebf0b
  acc_nonce 0
  balance 0
  code 57 96 0 53 96 0 82 96 32 53 96 32 82 96 64 53 96 64 82 96 96 53 96 96 82 96 64 96 200 96 128 96 0 96 0 96 6 98 7 161 32 242 96 0 85 96 200 81 96 1 85 96 232 81 96 2 85 0
 addr 0xb94f5374fce5edbc8e2a8697c15331677e6ebf0b
  acc_nonce 0
  balance 0
  code 133 96 0 53 96 0 82 96 32 53 96 32 82 96 64 53 96 64 82 96 96 53 96 96 82 96 128 53 96 128 82 96 160 53 96 160 82 96 192 53 96 192 82 96 64 97 1 44 96 128 96 0 96 0 96 6 98 7 161 32 242 96 0 85 96 64 97 1 144 96 96 96 128 96 0 96 7 98 7 161 32 242 96 1 85 97 1 44 81 96 10 85 97 1 76 81 96 11 85 97 1 144 81 96 20 85 97 1 176 81 96 21 85 96 20 84 96 10 84 20 96 2 85 96 21 84 96 11 84 20 96 3 85 0
blocks
 block 0
  coinbase 0x2adc25665018aa1fe0e6bc666dac8fc2697ff9ba
  height 1
  difficulty 131072
  gaslimit 1000976562499
  timestamp 1000
  tx 0
   from 0xa94f5374fce5edbc8e2a8697c15331677e6ebf0b
   nonce 0
   to 0x0000000000000000000000000000000000000000
   value 1
   gasprice 1
   gas 15000000
   data 202 96 0 96 183 128 96 19 96 0 57 96 0 96 0 245 80 0 0 254 127 15 37 146 155 203 67 213 165 115 145 86 70 21 201 231 10 153 43 16 234 250 77 177 9 112 150 73 207 72 197 13 210 96 0 82 127 22 218 47 92 182 190 122 10 167 44 68 12 83 201 187 223 236 108 54 199 213 21 83 100 49 179 168 101 70 138 203 186 96 32 82 127 29 228 154 75 2 51 39 59 186 129 70 175 130 4 45 0 79 32 133 236 152 35 151 219 13 151 218 23 32 76 194 134 96 64 82 127 2 23 50 127 252 70 57 25 190 248 12 193 102 208 156 97 114 99 157 133 137 121 153 40 118 27 205 159 34 201 3 212 96 96 82 96 0 96 0 96 128 96 0 96 0 115 173 223 83 116 252 229 237 188 142 42 134 151 193 83 49 103 126 110 191 11 98 7 161 32 242 80 0 0
test create2callPrecompiles_d7g0v0_Istanbul
pre
 addr 0xa94f5374fce5edbc8e2a8697c15331677e6ebf0b
  acc_nonce 0
  balance 1000000000000000000
  code 0
 addr 0xaddf5374fce5edbc8e2a8697c15331677e6ebf0b
  acc_nonce 0
  balance 0
  code 57 96 0 53 96 0 82 96 32 53 96 32 82 96 64 53 96 64 82 96 96 53 96 96 82 96 64 96 200 96 128 96 0 96 0 96 6 98 7 161 32 242 96 0 85 96 200 81 96 1 85 96 232 81 96 2 85 0
 addr 0xb94f5374fce5edbc8e2a8697c15331677e6ebf0b
  acc_nonce 0
  balance 0
  code 133 96 0 53 96 0 82 96 32 53 96 32 82 96 64 53 96 64 82 96 96 53 96 96 82 96 128 53 96 128 82 96 160 53 96 160 82 96 192 53 96 192 82 96 64 97 1 44 96 128 96 0 96 0 96 6 98 7 161 32 242 96 0 85 96 64 97 1 144 96 96 96 128 96 0 96 7 98 7 161 32 242 96 1 85 97 1 44 81 96 10 85 97 1 76 81 96 11 85 97 1 144 81 96 20 85 97 1 176 81 96 21 85 96 20 84 96 10 84 20 96 2 85 96 21 84 96 11 84 20 96 3 85 0
post
 addr 0x2adc25665018aa1fe0e6bc666dac8fc2697ff9ba
  acc_nonce 0
  balance 2000000000000260172
  code 0
 addr 0x6295ee1b4f6dd65047762f924ecd367c17eabf8f
  acc_nonce 2
  balance 1
  code 0
 addr 0xa94f5374fce5edbc8e2a8697c15331677e6ebf0b
  acc_nonce 1
  balance 999999999999739827
  code 0
 addr 0xab7cf4e4980432e892fa512ec2b9e8532c23ac15
  acc_nonce 1
  balance 0
  code 0
   kv 0x0000000000000000000000000000000000000000000000000000000000000000 0x0000000000000000000000000000000000000000000000000000000000000001
   kv 0x0000000000000000000000000000000000000000000000000000000000000001 0x0000000000000000000000000000000000000000000000000000000000000001
   kv 0x0000000000000000000000000000000000000000000000000000000000000002 0x0000000000000000000000000000000000000000000000000000000000000001
   kv 0x0000000000000000000000000000000000000000000000000000000000000003 0x0000000000000000000000000000000000000000000000000000000000000001
   kv 0x000000000000000000000000000000000000000000000000000000000000000a 0x1de49a4b0233273bba8146af82042d004f2085ec982397db0d97da17204cc286
   kv 0x000000000000000000000000000000000000000000000000000000000000000b 0x0217327ffc463919bef80cc166d09c6172639d8589799928761bcd9f22c903d4
   kv 0x0000000000000000000000000000000000000000000000000000000000000014 0x1de49a4b0233273bba8146af82042d004f2085ec982397db0d97da17204cc286
   kv 0x0000000000000000000000000000000000000000000000000000000000000015 0x0217327ffc463919bef80cc166d09c6172639d8589799928761bcd9f22c903d4
 addr 0xaddf5374fce5edbc8e2a8697c15331677e6ebf0b
  acc_nonce 0
  balance 0
  code 57 96 0 53 96 0 82 96 32 53 96 32 82 96 64 53 96 64 82 96 96 53 96 96 82 96 64 96 200 96 128 96 0 96 0 96 6 98 7 161 32 242 96 0 85 96 200 81 96 1 85 96 232 81 96 2 85 0
 addr 0xb94f5374fce5edbc8e2a8697c15331677e6ebf0b
  acc_nonce 0
  balance 0
  code 133 96 0 53 96 0 82 96 32 53 96 32 82 96 64 53 96 64 82 96 96 53 96 96 82 96 128 53 96 128 82 96 160 53 96 160 82 96 192 53 96 192 82 96 64 97 1 44 96 128 96 0 96 0 96 6 98 7 161 32 242 96 0 85 96 64 97 1 144 96 96 96 128 96 0 96 7 98 7 161 32 242 96 1 85 97 1 44 81 96 10 85 97 1 76 81 96 11 85 97 1 144 81 96 20 85 97 1 176 81 96 21 85 96 20 84 96 10 84 20 96 2 85 96 21 84 96 11 84 20 96 3 85 0
blocks
 block 0
  coinbase 0x2adc25665018aa1fe0e6bc666dac8fc2697ff9ba
  height 1
  difficulty 131072
  gaslimit 1000976562499
  timestamp 1000
  tx 0
   from 0xa94f5374fce5edbc8e2a8697c15331677e6ebf0b
   nonce 0
   to 0x0000000000000000000000000000000000000000
   value 1
   gasprice 1
   gas 15000000
   data 217 96 0 96 198 128 96 19 96 0 57 96 0 96 0 245 80 0 0 254 127 29 228 154 75 2 51 39 59 186 129 70 175 130 4 45 0 79 32 133 236 152 35 151 219 13 151 218 23 32 76 194 134 96 0 82 127 2 23 50 127 252 70 57 25 190 248 12 193 102 208 156 97 114 99 157 133 137 121 153 40 118 27 205 159 34 201 3 212 96 32 82 96 0 96 64 82 96 0 96 96 82 127 29 228 154 75 2 51 39 59 186 129 70 175 130 4 45 0 79 32 133 236 152 35 151 219 13 151 218 23 32 76 194 134 96 128 82 127 2 23 50 127 252 70 57 25 190 248 12 193 102 208 156 97 114 99 157 133 137 121 153 40 118 27 205 159 34 201 3 212 96 160 82 96 1 96 192 82 96 0 96 0 96 224 96 0 96 0 115 185 79 83 116 252 229 237 188 142 42 134 151 193 83 49 103 126 110 191 11 98 7 161 32 242 80 0 0
