test returndatacopy_following_revert_in_create_d0g0v0_Istanbul
pre
 addr 0x0f572e5295c57f15886f9b263e2f6d2d6c7b5ec6
  acc_nonce 0
  balance 0
  code 73 96 0 96 41 128 96 32 96 0 57 96 0 96 0 245 80 96 32 96 0 96 0 62 96 0 81 96 0 85 0 0 254 125 17 17 34 34 51 51 68 68 85 85 102 102 119 119 136 136 153 153 170 170 187 187 204 204 221 221 238 238 255 255 96 0 82 96 32 96 0 253 0 0
   kv 0x0000000000000000000000000000000000000000000000000000000000000000 0x0000000000000000000000000000000000000000000000000000000000000001
 addr 0xa94f5374fce5edbc8e2a8697c15331677e6ebf0b
  acc_nonce 0
  balance 429496729600
  code 0
post
 addr 0x0f572e5295c57f15886f9b263e2f6d2d6c7b5ec6
  acc_nonce 1
  balance 0
  code 73 96 0 96 41 128 96 32 96 0 57 96 0 96 0 245 80 96 32 96 0 96 0 62 96 0 81 96 0 85 0 0 254 125 17 17 34 34 51 51 68 68 85 85 102 102 119 119 136 136 153 153 170 170 187 187 204 204 221 221 238 238 255 255 96 0 82 96 32 96 0 253 0 0
   kv 0x0000000000000000000000000000000000000000000000000000000000000000 0x0000111122223333444455556666777788889999aaaabbbbccccddddeeeeffff
 addr 0x2adc25665018aa1fe0e6bc666dac8fc2697ff9ba
  acc_nonce 0
  balance 2000000000000058092
  code 0
 addr 0xa94f5374fce5edbc8e2a8697c15331677e6ebf0b
  acc_nonce 1
  balance 429496671508
  code 0
blocks
 block 0
  coinbase 0x2adc25665018aa1fe0e6bc666dac8fc2697ff9ba
  height 1
  difficulty 131072
  gaslimit 47290777599
  timestamp 1000
  tx 0
   from 0xa94f5374fce5edbc8e2a8697c15331677e6ebf0b
   nonce 0
   to 0x0f572e5295c57f15886f9b263e2f6d2d6c7b5ec6
   value 0
   gasprice 1
   gas 42949672960
   data 0
