test returndatasize_following_successful_create_d0g0v0_Istanbul
pre
 addr 0x0f572e5295c57f15886f9b263e2f6d2d6c7b5ec6
  acc_nonce 0
  balance 0
  code 36 96 0 96 13 128 96 23 96 0 57 96 0 96 0 245 80 61 96 0 85 0 0 254 98 17 34 51 96 0 82 96 32 96 0 243 0
   kv 0x0000000000000000000000000000000000000000000000000000000000000000 0x0000000000000000000000000000000000000000000000000000000000000001
 addr 0xa94f5374fce5edbc8e2a8697c15331677e6ebf0b
  acc_nonce 0
  balance 429496729600
  code 0
post
 addr 0x0f572e5295c57f15886f9b263e2f6d2d6c7b5ec6
  acc_nonce 1
  balance 0
  code 36 96 0 96 13 128 96 23 96 0 57 96 0 96 0 245 80 61 96 0 85 0 0 254 98 17 34 51 96 0 82 96 32 96 0 243 0
 addr 0x2adc25665018aa1fe0e6bc666dac8fc2697ff9ba
  acc_nonce 0
  balance 2000000000000049461
  code 0
 addr 0x69c6738cb9ceec5b62ae47911b782e1af0b80a3c
  acc_nonce 1
  balance 0
  code 32 0 0 0 0 0 0 0 0 0 0 0 0 0 0 0 0 0 0 0 0 0 0 0 0 0 0 0 0 0 17 34 51
 addr 0xa94f5374fce5edbc8e2a8697c15331677e6ebf0b
  acc_nonce 1
  balance 429496680139
  code 0
blocks
 block 0
  coinbase 0x2adc25665018aa1fe0e6bc666dac8fc2697ff9ba
  height 1
  difficulty 131072
  gaslimit 47290777599
  timestamp 1000
  tx 0
   from 0xa94f5374fce5edbc8e2a8697c15331677e6ebf0b
   nonce 0
   to 0x0f572e5295c57f15886f9b263e2f6d2d6c7b5ec6
   value 0
   gasprice 1
   gas 42949672960
   data 0
