test Call1024PreCalls_d0g0v0_Istanbul
pre
 addr 0xa94f5374fce5edbc8e2a8697c15331677e6ebf0b
  acc_nonce 0
  balance 5444517870735015415413993718908291383295
  code 0
 addr 0xaaaf5374fce5edbc8e2a8697c15331677e6ebf0b
  acc_nonce 0
  balance 7000
  code 0
 addr 0xbbbf5374fce5edbc8e2a8697c15331677e6ebf0b
  acc_nonce 0
  balance 2024
  code 128 96 0 96 0 96 0 96 0 96 1 115 170 175 83 116 252 229 237 188 142 42 134 151 193 83 49 103 126 110 191 11 97 255 255 241 96 2 85 96 0 96 0 96 0 96 0 96 1 115 170 175 83 116 252 229 237 188 142 42 134 151 193 83 49 103 126 110 191 11 97 255 255 241 96 3 85 96 1 96 0 84 1 96 0 85 96 0 96 0 96 0 96 0 96 0 115 187 191 83 116 252 229 237 188 142 42 134 151 193 83 49 103 126 110 191 11 101 15 255 255 255 255 255 241 96 1 85 0
post
 addr 0x2adc25665018aa1fe0e6bc666dac8fc2697ff9ba
  acc_nonce 0
  balance 2000000000020260428
  code 0
 addr 0xa94f5374fce5edbc8e2a8697c15331677e6ebf0b
  acc_nonce 1
  balance 5444517870735015415413993718908271122857
  code 0
 addr 0xaaaf5374fce5edbc8e2a8697c15331677e6ebf0b
  acc_nonce 0
  balance 8992
  code 0
 addr 0xbbbf5374fce5edbc8e2a8697c15331677e6ebf0b
  acc_nonce 0
  balance 42
  code 128 96 0 96 0 96 0 96 0 96 1 115 170 175 83 116 252 229 237 188 142 42 134 151 193 83 49 103 126 110 191 11 97 255 255 241 96 2 85 96 0 96 0 96 0 96 0 96 1 115 170 175 83 116 252 229 237 188 142 42 134 151 193 83 49 103 126 110 191 11 97 255 255 241 96 3 85 96 1 96 0 84 1 96 0 85 96 0 96 0 96 0 96 0 96 0 115 187 191 83 116 252 229 237 188 142 42 134 151 193 83 49 103 126 110 191 11 101 15 255 255 255 255 255 241 96 1 85 0
   kv 0x0000000000000000000000000000000000000000000000000000000000000000 0x00000000000000000000000000000000000000000000000000000000000003e4
   kv 0x0000000000000000000000000000000000000000000000000000000000000001 0x0000000000000000000000000000000000000000000000000000000000000001
   kv 0x0000000000000000000000000000000000000000000000000000000000000002 0x0000000000000000000000000000000000000000000000000000000000000001
   kv 0x0000000000000000000000000000000000000000000000000000000000000003 0x0000000000000000000000000000000000000000000000000000000000000001
blocks
 block 0
  coinbase 0x2adc25665018aa1fe0e6bc666dac8fc2697ff9ba
  height 1
  difficulty 131072
  gaslimit 9223372036854775807
  timestamp 1000
  tx 0
   from 0xa94f5374fce5edbc8e2a8697c15331677e6ebf0b
   nonce 0
   to 0xbbbf5374fce5edbc8e2a8697c15331677e6ebf0b
   value 10
   gasprice 1
   gas 11937600034817
   data 0
test Call1024PreCalls_d0g1v0_Istanbul
pre
 addr 0xa94f5374fce5edbc8e2a8697c15331677e6ebf0b
  acc_nonce 0
  balance 5444517870735015415413993718908291383295
  code 0
 addr 0xaaaf5374fce5edbc8e2a8697c15331677e6ebf0b
  acc_nonce 0
  balance 7000
  code 0
 addr 0xbbbf5374fce5edbc8e2a8697c15331677e6ebf0b
  acc_nonce 0
  balance 2024
  code 128 96 0 96 0 96 0 96 0 96 1 115 170 175 83 116 252 229 237 188 142 42 134 151 193 83 49 103 126 110 191 11 97 255 255 241 96 2 85 96 0 96 0 96 0 96 0 96 1 115 170 175 83 116 252 229 237 188 142 42 134 151 193 83 49 103 126 110 191 11 97 255 255 241 96 3 85 96 1 96 0 84 1 96 0 85 96 0 96 0 96 0 96 0 96 0 115 187 191 83 116 252 229 237 188 142 42 134 151 193 83 49 103 126 110 191 11 101 15 255 255 255 255 255 241 96 1 85 0
post
 addr 0x2adc25665018aa1fe0e6bc666dac8fc2697ff9ba
  acc_nonce 0
  balance 2000000000020133000
  code 0
 addr 0xa94f5374fce5edbc8e2a8697c15331677e6ebf0b
  acc_nonce 1
  balance 5444517870735015415413993718908271250285
  code 0
 addr 0xaaaf5374fce5edbc8e2a8697c15331677e6ebf0b
  acc_nonce 0
  balance 9034
  code 0
 addr 0xbbbf5374fce5edbc8e2a8697c15331677e6ebf0b
  acc_nonce 0
  balance 0
  code 128 96 0 96 0 96 0 96 0 96 1 115 170 175 83 116 252 229 237 188 142 42 134 151 193 83 49 103 126 110 191 11 97 255 255 241 96 2 85 96 0 96 0 96 0 96 0 96 1 115 170 175 83 116 252 229 237 188 142 42 134 151 193 83 49 103 126 110 191 11 97 255 255 241 96 3 85 96 1 96 0 84 1 96 0 85 96 0 96 0 96 0 96 0 96 0 115 187 191 83 116 252 229 237 188 142 42 134 151 193 83 49 103 126 110 191 11 101 15 255 255 255 255 255 241 96 1 85 0
   kv 0x0000000000000000000000000000000000000000000000000000000000000000 0x0000000000000000000000000000000000000000000000000000000000000401
   kv 0x0000000000000000000000000000000000000000000000000000000000000001 0x0000000000000000000000000000000000000000000000000000000000000001
blocks
 block 0
  coinbase 0x2adc25665018aa1fe0e6bc666dac8fc2697ff9ba
  height 1
  difficulty 131072
  gaslimit 9223372036854775807
  timestamp 1000
  tx 0
   from 0xa94f5374fce5edbc8e2a8697c15331677e6ebf0b
   nonce 0
   to 0xbbbf5374fce5edbc8e2a8697c15331677e6ebf0b
   value 10
   gasprice 1
   gas 9214364837600034817
   data 0
