test EXP_Empty_d0g0v0_Istanbul
pre
 addr 0xa94f5374fce5edbc8e2a8697c15331677e6ebf0b
  acc_nonce 0
  balance 1000000000000
  code 0
 addr 0xb94f5374fce5edbc8e2a8697c15331677e6ebf0b
  acc_nonce 0
  balance 0
  code 207 90 96 0 85 96 12 96 0 10 96 1 85 90 96 2 85 96 0 96 12 10 96 3 85 90 96 4 85 103 255 255 255 255 255 255 255 255 96 0 10 96 5 85 90 96 6 85 111 255 255 255 255 255 255 255 255 255 255 255 255 255 255 255 255 96 0 10 96 7 85 90 96 8 85 127 255 255 255 255 255 255 255 255 255 255 255 255 255 255 255 255 255 255 255 255 255 255 255 255 255 255 255 255 255 255 255 255 96 0 10 96 9 85 90 96 10 85 96 0 103 255 255 255 255 255 255 255 255 10 96 11 85 90 96 12 85 96 0 111 255 255 255 255 255 255 255 255 255 255 255 255 255 255 255 255 10 96 13 85 90 96 14 85 96 0 127 255 255 255 255 255 255 255 255 255 255 255 255 255 255 255 255 255 255 255 255 255 255 255 255 255 255 255 255 255 255 255 255 10 96 15 85 90 96 100 85 0
post
 addr 0x2adc25665018aa1fe0e6bc666dac8fc2697ff9ba
  acc_nonce 0
  balance 2000000000000287247
  code 0
 addr 0xa94f5374fce5edbc8e2a8697c15331677e6ebf0b
  acc_nonce 1
  balance 999999712753
  code 0
 addr 0xb94f5374fce5edbc8e2a8697c15331677e6ebf0b
  acc_nonce 0
  balance 0
  code 207 90 96 0 85 96 12 96 0 10 96 1 85 90 96 2 85 96 0 96 12 10 96 3 85 90 96 4 85 103 255 255 255 255 255 255 255 255 96 0 10 96 5 85 90 96 6 85 111 255 255 255 255 255 255 255 255 255 255 255 255 255 255 255 255 96 0 10 96 7 85 90 96 8 85 127 255 255 255 255 255 255 255 255 255 255 255 255 255 255 255 255 255 255 255 255 255 255 255 255 255 255 255 255 255 255 255 255 96 0 10 96 9 85 90 96 10 85 96 0 103 255 255 255 255 255 255 255 255 10 96 11 85 90 96 12 85 96 0 111 255 255 255 255 255 255 255 255 255 255 255 255 255 255 255 255 10 96 13 85 90 96 14 85 96 0 127 255 255 255 255 255 255 255 255 255 255 255 255 255 255 255 255 255 255 255 255 255 255 255 255 255 255 255 255 255 255 255 255 10 96 15 85 90 96 100 85 0
   kv 0x0000000000000000000000000000000000000000000000000000000000000000 0x000000000000000000000000000000000000000000000000000000000008d5b6
   kv 0x0000000000000000000000000000000000000000000000000000000000000002 0x000000000000000000000000000000000000000000000000000000000008842c
   kv 0x0000000000000000000000000000000000000000000000000000000000000003 0x0000000000000000000000000000000000000000000000000000000000000001
   kv 0x0000000000000000000000000000000000000000000000000000000000000004 0x000000000000000000000000000000000000000000000000000000000007e7d4
   kv 0x0000000000000000000000000000000000000000000000000000000000000006 0x00000000000000000000000000000000000000000000000000000000000794ec
   kv 0x0000000000000000000000000000000000000000000000000000000000000008 0x0000000000000000000000000000000000000000000000000000000000074074
   kv 0x000000000000000000000000000000000000000000000000000000000000000a 0x000000000000000000000000000000000000000000000000000000000006e8dc
   kv 0x000000000000000000000000000000000000000000000000000000000000000b 0x0000000000000000000000000000000000000000000000000000000000000001
   kv 0x000000000000000000000000000000000000000000000000000000000000000c 0x0000000000000000000000000000000000000000000000000000000000064c84
   kv 0x000000000000000000000000000000000000000000000000000000000000000d 0x0000000000000000000000000000000000000000000000000000000000000001
   kv 0x000000000000000000000000000000000000000000000000000000000000000e 0x000000000000000000000000000000000000000000000000000000000005b02c
   kv 0x000000000000000000000000000000000000000000000000000000000000000f 0x0000000000000000000000000000000000000000000000000000000000000001
   kv 0x0000000000000000000000000000000000000000000000000000000000000064 0x00000000000000000000000000000000000000000000000000000000000513d4
blocks
 block 0
  coinbase 0x2adc25665018aa1fe0e6bc666dac8fc2697ff9ba
  height 1
  difficulty 131072
  gaslimit 10009764
  timestamp 1000
  tx 0
   from 0xa94f5374fce5edbc8e2a8697c15331677e6ebf0b
   nonce 0
   to 0xb94f5374fce5edbc8e2a8697c15331677e6ebf0b
   value 0
   gasprice 1
   gas 600000
   data 0
