test static_LoopCallsDepthThenRevert_d0g0v0_Istanbul
pre
 addr 0x1000000000000000000000000000000000000000
  acc_nonce 0
  balance 0
  code 46 96 0 96 0 96 0 96 0 96 0 115 16 0 0 0 0 0 0 0 0 0 0 0 0 0 0 0 0 0 0 0 98 1 134 160 90 3 241 96 0 85 90 96 1 85 0
 addr 0xa000000000000000000000000000000000000000
  acc_nonce 0
  balance 0
  code 32 96 0 96 0 96 0 96 0 115 176 0 0 0 0 0 0 0 0 0 0 0 0 0 0 0 0 0 0 0 90 250 0
 addr 0xa94f5374fce5edbc8e2a8697c15331677e6ebf0b
  acc_nonce 0
  balance 1000000000000
  code 0
 addr 0xb000000000000000000000000000000000000000
  acc_nonce 0
  balance 0
  code 32 96 0 96 0 96 0 96 0 115 160 0 0 0 0 0 0 0 0 0 0 0 0 0 0 0 0 0 0 0 90 250 0
post
 addr 0x1000000000000000000000000000000000000000
  acc_nonce 0
  balance 0
  code 46 96 0 96 0 96 0 96 0 96 0 115 16 0 0 0 0 0 0 0 0 0 0 0 0 0 0 0 0 0 0 0 98 1 134 160 90 3 241 96 0 85 90 96 1 85 0
   kv 0x0000000000000000000000000000000000000000000000000000000000000000 0x0000000000000000000000000000000000000000000000000000000000000001
   kv 0x0000000000000000000000000000000000000000000000000000000000000001 0x000000000000000000000000000000000000000000000000000000000094624e
 addr 0x2adc25665018aa1fe0e6bc666dac8fc2697ff9ba
  acc_nonce 0
  balance 2000000000000276309
  code 0
 addr 0xa000000000000000000000000000000000000000
  acc_nonce 0
  balance 0
  code 32 96 0 96 0 96 0 96 0 115 176 0 0 0 0 0 0 0 0 0 0 0 0 0 0 0 0 0 0 0 90 250 0
 addr 0xa94f5374fce5edbc8e2a8697c15331677e6ebf0b
  acc_nonce 1
  balance 999999723691
  code 0
 addr 0xb000000000000000000000000000000000000000
  acc_nonce 0
  balance 0
  code 32 96 0 96 0 96 0 96 0 115 160 0 0 0 0 0 0 0 0 0 0 0 0 0 0 0 0 0 0 0 90 250 0
blocks
 block 0
  coinbase 0x2adc25665018aa1fe0e6bc666dac8fc2697ff9ba
  height 1
  difficulty 131072
  gaslimit 100097655
  timestamp 1000
  tx 0
   from 0xa94f5374fce5edbc8e2a8697c15331677e6ebf0b
   nonce 0
   to 0x1000000000000000000000000000000000000000
   value 0
   gasprice 1
   gas 10000000
   data 0
