test static_Call1024OOG_d0g0v0_Istanbul
pre
 addr 0x1000000000000000000000000000000000000000
  acc_nonce 0
  balance 0
  code 22 96 0 96 0 96 0 96 0 52 96 0 53 90 241 96 0 85 90 96 1 85 0
 addr 0xa94f5374fce5edbc8e2a8697c15331677e6ebf0b
  acc_nonce 0
  balance 340282366920938463463374607431768211455
  code 0
 addr 0xaaaf5374fce5edbc8e2a8697c15331677e6ebf0b
  acc_nonce 0
  balance 7000
  code 0
 addr 0xbbbf5374fce5edbc8e2a8697c15331677e6ebf0b
  acc_nonce 0
  balance 1024
  code 72 96 1 96 0 84 1 96 0 85 96 0 96 0 96 0 96 0 115 187 191 83 116 252 229 237 188 142 42 134 151 193 83 49 103 126 110 191 11 97 4 1 96 0 84 4 96 1 3 97 39 16 90 3 2 250 96 1 85 97 3 232 96 0 84 2 96 1 1 96 2 85 0
 addr 0xcbbf5374fce5edbc8e2a8697c15331677e6ebf0b
  acc_nonce 0
  balance 1024
  code 70 96 1 96 0 81 1 96 0 82 96 0 96 0 96 0 96 0 115 203 191 83 116 252 229 237 188 142 42 134 151 193 83 49 103 126 110 191 11 97 4 1 96 0 81 4 96 1 3 97 39 16 90 3 2 250 80 97 3 232 96 0 81 2 96 1 1 96 32 82 0
post
 addr 0x1000000000000000000000000000000000000000
  acc_nonce 0
  balance 0
  code 22 96 0 96 0 96 0 96 0 52 96 0 53 90 241 96 0 85 90 96 1 85 0
   kv 0x0000000000000000000000000000000000000000000000000000000000000000 0x0000000000000000000000000000000000000000000000000000000000000001
   kv 0x0000000000000000000000000000000000000000000000000000000000000001 0x000000000000000000000000000000000000000000000000000000000006c874
 addr 0xa94f5374fce5edbc8e2a8697c15331677e6ebf0b
  acc_nonce 1
  balance 340282366920938463463374607431752915148
  code 0
 addr 0xaaaf5374fce5edbc8e2a8697c15331677e6ebf0b
  acc_nonce 0
  balance 7000
  code 0
 addr 0xb94f5374fce5edbc8e2a8697c15331677e6ebf0b
  acc_nonce 0
  balance 2000000000015296297
  code 0
 addr 0xbbbf5374fce5edbc8e2a8697c15331677e6ebf0b
  acc_nonce 0
  balance 1034
  code 72 96 1 96 0 84 1 96 0 85 96 0 96 0 96 0 96 0 115 187 191 83 116 252 229 237 188 142 42 134 151 193 83 49 103 126 110 191 11 97 4 1 96 0 84 4 96 1 3 97 39 16 90 3 2 250 96 1 85 97 3 232 96 0 84 2 96 1 1 96 2 85 0
   kv 0x0000000000000000000000000000000000000000000000000000000000000000 0x0000000000000000000000000000000000000000000000000000000000000001
   kv 0x0000000000000000000000000000000000000000000000000000000000000002 0x00000000000000000000000000000000000000000000000000000000000003e9
 addr 0xcbbf5374fce5edbc8e2a8697c15331677e6ebf0b
  acc_nonce 0
  balance 1024
  code 70 96 1 96 0 81 1 96 0 82 96 0 96 0 96 0 96 0 115 203 191 83 116 252 229 237 188 142 42 134 151 193 83 49 103 126 110 191 11 97 4 1 96 0 81 4 96 1 3 97 39 16 90 3 2 250 80 97 3 232 96 0 81 2 96 1 1 96 32 82 0
blocks
 block 0
  coinbase 0xb94f5374fce5edbc8e2a8697c15331677e6ebf0b
  height 1
  difficulty 131072
  gaslimit 9223372036854775807
  timestamp 1000
  tx 0
   from 0xa94f5374fce5edbc8e2a8697c15331677e6ebf0b
   nonce 0
   to 0x1000000000000000000000000000000000000000
   value 10
   gasprice 1
   gas 15720826
   data 32 0 0 0 0 0 0 0 0 0 0 0 0 187 191 83 116 252 229 237 188 142 42 134 151 193 83 49 103 126 110 191 11
test static_Call1024OOG_d1g0v0_Istanbul
pre
 addr 0x1000000000000000000000000000000000000000
  acc_nonce 0
  balance 0
  code 22 96 0 96 0 96 0 96 0 52 96 0 53 90 241 96 0 85 90 96 1 85 0
 addr 0xa94f5374fce5edbc8e2a8697c15331677e6ebf0b
  acc_nonce 0
  balance 340282366920938463463374607431768211455
  code 0
 addr 0xaaaf5374fce5edbc8e2a8697c15331677e6ebf0b
  acc_nonce 0
  balance 7000
  code 0
 addr 0xbbbf5374fce5edbc8e2a8697c15331677e6ebf0b
  acc_nonce 0
  balance 1024
  code 72 96 1 96 0 84 1 96 0 85 96 0 96 0 96 0 96 0 115 187 191 83 116 252 229 237 188 142 42 134 151 193 83 49 103 126 110 191 11 97 4 1 96 0 84 4 96 1 3 97 39 16 90 3 2 250 96 1 85 97 3 232 96 0 84 2 96 1 1 96 2 85 0
 addr 0xcbbf5374fce5edbc8e2a8697c15331677e6ebf0b
  acc_nonce 0
  balance 1024
  code 70 96 1 96 0 81 1 96 0 82 96 0 96 0 96 0 96 0 115 203 191 83 116 252 229 237 188 142 42 134 151 193 83 49 103 126 110 191 11 97 4 1 96 0 81 4 96 1 3 97 39 16 90 3 2 250 80 97 3 232 96 0 81 2 96 1 1 96 32 82 0
post
 addr 0x1000000000000000000000000000000000000000
  acc_nonce 0
  balance 0
  code 22 96 0 96 0 96 0 96 0 52 96 0 53 90 241 96 0 85 90 96 1 85 0
   kv 0x0000000000000000000000000000000000000000000000000000000000000000 0x0000000000000000000000000000000000000000000000000000000000000001
   kv 0x0000000000000000000000000000000000000000000000000000000000000001 0x0000000000000000000000000000000000000000000000000000000000ebecf1
 addr 0xa94f5374fce5edbc8e2a8697c15331677e6ebf0b
  acc_nonce 1
  balance 340282366920938463463374607431767932233
  code 0
 addr 0xaaaf5374fce5edbc8e2a8697c15331677e6ebf0b
  acc_nonce 0
  balance 7000
  code 0
 addr 0xb94f5374fce5edbc8e2a8697c15331677e6ebf0b
  acc_nonce 0
  balance 2000000000000279212
  code 0
 addr 0xbbbf5374fce5edbc8e2a8697c15331677e6ebf0b
  acc_nonce 0
  balance 1024
  code 72 96 1 96 0 84 1 96 0 85 96 0 96 0 96 0 96 0 115 187 191 83 116 252 229 237 188 142 42 134 151 193 83 49 103 126 110 191 11 97 4 1 96 0 84 4 96 1 3 97 39 16 90 3 2 250 96 1 85 97 3 232 96 0 84 2 96 1 1 96 2 85 0
 addr 0xcbbf5374fce5edbc8e2a8697c15331677e6ebf0b
  acc_nonce 0
  balance 1034
  code 70 96 1 96 0 81 1 96 0 82 96 0 96 0 96 0 96 0 115 203 191 83 116 252 229 237 188 142 42 134 151 193 83 49 103 126 110 191 11 97 4 1 96 0 81 4 96 1 3 97 39 16 90 3 2 250 80 97 3 232 96 0 81 2 96 1 1 96 32 82 0
blocks
 block 0
  coinbase 0xb94f5374fce5edbc8e2a8697c15331677e6ebf0b
  height 1
  difficulty 131072
  gaslimit 9223372036854775807
  timestamp 1000
  tx 0
   from 0xa94f5374fce5edbc8e2a8697c15331677e6ebf0b
   nonce 0
   to 0x1000000000000000000000000000000000000000
   value 10
   gasprice 1
   gas 15720826
   data 32 0 0 0 0 0 0 0 0 0 0 0 0 203 191 83 116 252 229 237 188 142 42 134 151 193 83 49 103 126 110 191 11
