test static_Call1024PreCalls2_d0g0v0_Istanbul
pre
 addr 0x1000000000000000000000000000000000000000
  acc_nonce 0
  balance 0
  code 22 96 0 96 0 96 0 96 0 52 96 0 53 90 241 96 0 85 90 96 1 85 0
 addr 0xa94f5374fce5edbc8e2a8697c15331677e6ebf0b
  acc_nonce 0
  balance 5444517870735015415413993718908291383295
  code 0
 addr 0xaaaf5374fce5edbc8e2a8697c15331677e6ebf0b
  acc_nonce 0
  balance 7000
  code 6 96 1 96 0 82 0
 addr 0xbbbf5374fce5edbc8e2a8697c15331677e6ebf0b
  acc_nonce 0
  balance 2024
  code 122 96 0 96 0 96 0 96 0 115 170 175 83 116 252 229 237 188 142 42 134 151 193 83 49 103 126 110 191 11 97 255 255 250 96 2 85 96 0 96 0 96 0 96 0 115 170 175 83 116 252 229 237 188 142 42 134 151 193 83 49 103 126 110 191 11 97 255 255 250 96 3 85 96 1 96 0 84 1 96 0 85 96 0 96 0 96 0 96 0 115 187 191 83 116 252 229 237 188 142 42 134 151 193 83 49 103 126 110 191 11 101 15 255 255 255 255 255 244 96 1 85 0
 addr 0xcbbf5374fce5edbc8e2a8697c15331677e6ebf0b
  acc_nonce 0
  balance 2024
  code 115 96 0 96 0 96 0 96 0 115 170 175 83 116 252 229 237 188 142 42 134 151 193 83 49 103 126 110 191 11 97 255 255 250 80 96 0 96 0 96 0 96 0 115 170 175 83 116 252 229 237 188 142 42 134 151 193 83 49 103 126 110 191 11 97 255 255 250 80 96 1 96 0 81 1 96 0 82 96 0 96 0 96 0 96 0 115 203 191 83 116 252 229 237 188 142 42 134 151 193 83 49 103 126 110 191 11 101 15 255 255 255 255 255 244 0
post
 addr 0x1000000000000000000000000000000000000000
  acc_nonce 0
  balance 0
  code 22 96 0 96 0 96 0 96 0 52 96 0 53 90 241 96 0 85 90 96 1 85 0
   kv 0x0000000000000000000000000000000000000000000000000000000000000000 0x0000000000000000000000000000000000000000000000000000000000000001
   kv 0x0000000000000000000000000000000000000000000000000000000000000001 0x0000000000000000000000000000000000000000000000007fdfffffff9d397e
 addr 0xa94f5374fce5edbc8e2a8697c15331677e6ebf0b
  acc_nonce 1
  balance 5444517870735015415413993718908284928335
  code 0
 addr 0xaaaf5374fce5edbc8e2a8697c15331677e6ebf0b
  acc_nonce 0
  balance 7000
  code 6 96 1 96 0 82 0
 addr 0xb94f5374fce5edbc8e2a8697c15331677e6ebf0b
  acc_nonce 0
  balance 2000000000006454950
  code 0
 addr 0xbbbf5374fce5edbc8e2a8697c15331677e6ebf0b
  acc_nonce 0
  balance 2034
  code 122 96 0 96 0 96 0 96 0 115 170 175 83 116 252 229 237 188 142 42 134 151 193 83 49 103 126 110 191 11 97 255 255 250 96 2 85 96 0 96 0 96 0 96 0 115 170 175 83 116 252 229 237 188 142 42 134 151 193 83 49 103 126 110 191 11 97 255 255 250 96 3 85 96 1 96 0 84 1 96 0 85 96 0 96 0 96 0 96 0 115 187 191 83 116 252 229 237 188 142 42 134 151 193 83 49 103 126 110 191 11 101 15 255 255 255 255 255 244 96 1 85 0
   kv 0x0000000000000000000000000000000000000000000000000000000000000000 0x0000000000000000000000000000000000000000000000000000000000000400
   kv 0x0000000000000000000000000000000000000000000000000000000000000001 0x0000000000000000000000000000000000000000000000000000000000000001
 addr 0xcbbf5374fce5edbc8e2a8697c15331677e6ebf0b
  acc_nonce 0
  balance 2024
  code 115 96 0 96 0 96 0 96 0 115 170 175 83 116 252 229 237 188 142 42 134 151 193 83 49 103 126 110 191 11 97 255 255 250 80 96 0 96 0 96 0 96 0 115 170 175 83 116 252 229 237 188 142 42 134 151 193 83 49 103 126 110 191 11 97 255 255 250 80 96 1 96 0 81 1 96 0 82 96 0 96 0 96 0 96 0 115 203 191 83 116 252 229 237 188 142 42 134 151 193 83 49 103 126 110 191 11 101 15 255 255 255 255 255 244 0
blocks
 block 0
  coinbase 0xb94f5374fce5edbc8e2a8697c15331677e6ebf0b
  height 1
  difficulty 131072
  gaslimit 9223372036854775807
  timestamp 1000
  tx 0
   from 0xa94f5374fce5edbc8e2a8697c15331677e6ebf0b
   nonce 0
   to 0x1000000000000000000000000000000000000000
   value 10
   gasprice 1
   gas 9214364837600034817
   data 32 0 0 0 0 0 0 0 0 0 0 0 0 187 191 83 116 252 229 237 188 142 42 134 151 193 83 49 103 126 110 191 11
test static_Call1024PreCalls2_d1g0v0_Istanbul
pre
 addr 0x1000000000000000000000000000000000000000
  acc_nonce 0
  balance 0
  code 22 96 0 96 0 96 0 96 0 52 96 0 53 90 241 96 0 85 90 96 1 85 0
 addr 0xa94f5374fce5edbc8e2a8697c15331677e6ebf0b
  acc_nonce 0
  balance 5444517870735015415413993718908291383295
  code 0
 addr 0xaaaf5374fce5edbc8e2a8697c15331677e6ebf0b
  acc_nonce 0
  balance 7000
  code 6 96 1 96 0 82 0
 addr 0xbbbf5374fce5edbc8e2a8697c15331677e6ebf0b
  acc_nonce 0
  balance 2024
  code 122 96 0 96 0 96 0 96 0 115 170 175 83 116 252 229 237 188 142 42 134 151 193 83 49 103 126 110 191 11 97 255 255 250 96 2 85 96 0 96 0 96 0 96 0 115 170 175 83 116 252 229 237 188 142 42 134 151 193 83 49 103 126 110 191 11 97 255 255 250 96 3 85 96 1 96 0 84 1 96 0 85 96 0 96 0 96 0 96 0 115 187 191 83 116 252 229 237 188 142 42 134 151 193 83 49 103 126 110 191 11 101 15 255 255 255 255 255 244 96 1 85 0
 addr 0xcbbf5374fce5edbc8e2a8697c15331677e6ebf0b
  acc_nonce 0
  balance 2024
  code 115 96 0 96 0 96 0 96 0 115 170 175 83 116 252 229 237 188 142 42 134 151 193 83 49 103 126 110 191 11 97 255 255 250 80 96 0 96 0 96 0 96 0 115 170 175 83 116 252 229 237 188 142 42 134 151 193 83 49 103 126 110 191 11 97 255 255 250 80 96 1 96 0 81 1 96 0 82 96 0 96 0 96 0 96 0 115 203 191 83 116 252 229 237 188 142 42 134 151 193 83 49 103 126 110 191 11 101 15 255 255 255 255 255 244 0
post
 addr 0x1000000000000000000000000000000000000000
  acc_nonce 0
  balance 0
  code 22 96 0 96 0 96 0 96 0 52 96 0 53 90 241 96 0 85 90 96 1 85 0
   kv 0x0000000000000000000000000000000000000000000000000000000000000000 0x0000000000000000000000000000000000000000000000000000000000000001
   kv 0x0000000000000000000000000000000000000000000000000000000000000001 0x0000000000000000000000000000000000000000000000007fdfffffffdcd57e
 addr 0xa94f5374fce5edbc8e2a8697c15331677e6ebf0b
  acc_nonce 1
  balance 5444517870735015415413993718908289058639
  code 0
 addr 0xaaaf5374fce5edbc8e2a8697c15331677e6ebf0b
  acc_nonce 0
  balance 7000
  code 6 96 1 96 0 82 0
 addr 0xb94f5374fce5edbc8e2a8697c15331677e6ebf0b
  acc_nonce 0
  balance 2000000000002324646
  code 0
 addr 0xbbbf5374fce5edbc8e2a8697c15331677e6ebf0b
  acc_nonce 0
  balance 2024
  code 122 96 0 96 0 96 0 96 0 115 170 175 83 116 252 229 237 188 142 42 134 151 193 83 49 103 126 110 191 11 97 255 255 250 96 2 85 96 0 96 0 96 0 96 0 115 170 175 83 116 252 229 237 188 142 42 134 151 193 83 49 103 126 110 191 11 97 255 255 250 96 3 85 96 1 96 0 84 1 96 0 85 96 0 96 0 96 0 96 0 115 187 191 83 116 252 229 237 188 142 42 134 151 193 83 49 103 126 110 191 11 101 15 255 255 255 255 255 244 96 1 85 0
 addr 0xcbbf5374fce5edbc8e2a8697c15331677e6ebf0b
  acc_nonce 0
  balance 2034
  code 115 96 0 96 0 96 0 96 0 115 170 175 83 116 252 229 237 188 142 42 134 151 193 83 49 103 126 110 191 11 97 255 255 250 80 96 0 96 0 96 0 96 0 115 170 175 83 116 252 229 237 188 142 42 134 151 193 83 49 103 126 110 191 11 97 255 255 250 80 96 1 96 0 81 1 96 0 82 96 0 96 0 96 0 96 0 115 203 191 83 116 252 229 237 188 142 42 134 151 193 83 49 103 126 110 191 11 101 15 255 255 255 255 255 244 0
blocks
 block 0
  coinbase 0xb94f5374fce5edbc8e2a8697c15331677e6ebf0b
  height 1
  difficulty 131072
  gaslimit 9223372036854775807
  timestamp 1000
  tx 0
   from 0xa94f5374fce5edbc8e2a8697c15331677e6ebf0b
   nonce 0
   to 0x1000000000000000000000000000000000000000
   value 10
   gasprice 1
   gas 9214364837600034817
   data 32 0 0 0 0 0 0 0 0 0 0 0 0 203 191 83 116 252 229 237 188 142 42 134 151 193 83 49 103 126 110 191 11
