test static_CallEcrecover1_d0g0v0_Istanbul
pre
 addr 0x095e7baea6a6c7c4c2dfeb977efac326af552d87
  acc_nonce 0
  balance 20000000
  code 152 127 24 197 71 228 247 176 243 37 173 30 86 245 126 38 199 69 176 154 62 80 61 134 224 14 82 85 255 127 113 93 61 28 96 0 82 96 1 96 32 82 127 115 177 105 56 146 33 157 115 108 171 165 91 219 103 33 110 72 85 87 234 107 106 247 95 55 9 108 154 166 165 167 95 96 64 82 127 238 185 64 177 208 59 33 227 107 14 71 231 151 105 240 149 254 42 184 85 189 145 227 163 135 86 183 215 90 156 69 73 96 96 82 96 32 96 128 96 128 96 0 96 1 98 1 134 160 250 96 2 85 96 160 96 2 10 96 128 81 6 96 0 85 96 0 84 50 20 96 1 85 0
 addr 0xa94f5374fce5edbc8e2a8697c15331677e6ebf0b
  acc_nonce 0
  balance 1000000000000000000
  code 0
post
 addr 0x095e7baea6a6c7c4c2dfeb977efac326af552d87
  acc_nonce 0
  balance 20100000
  code 152 127 24 197 71 228 247 176 243 37 173 30 86 245 126 38 199 69 176 154 62 80 61 134 224 14 82 85 255 127 113 93 61 28 96 0 82 96 1 96 32 82 127 115 177 105 56 146 33 157 115 108 171 165 91 219 103 33 110 72 85 87 234 107 106 247 95 55 9 108 154 166 165 167 95 96 64 82 127 238 185 64 177 208 59 33 227 107 14 71 231 151 105 240 149 254 42 184 85 189 145 227 163 135 86 183 215 90 156 69 73 96 96 82 96 32 96 128 96 128 96 0 96 1 98 1 134 160 250 96 2 85 96 160 96 2 10 96 128 81 6 96 0 85 96 0 84 50 20 96 1 85 0
   kv 0x0000000000000000000000000000000000000000000000000000000000000002 0x0000000000000000000000000000000000000000000000000000000000000001
 addr 0x2adc25665018aa1fe0e6bc666dac8fc2697ff9ba
  acc_nonce 0
  balance 2000000000000047263
  code 0
 addr 0xa94f5374fce5edbc8e2a8697c15331677e6ebf0b
  acc_nonce 1
  balance 999999999999852737
  code 0
blocks
 block 0
  coinbase 0x2adc25665018aa1fe0e6bc666dac8fc2697ff9ba
  height 1
  difficulty 131072
  gaslimit 10009764
  timestamp 1000
  tx 0
   from 0xa94f5374fce5edbc8e2a8697c15331677e6ebf0b
   nonce 0
   to 0x095e7baea6a6c7c4c2dfeb977efac326af552d87
   value 100000
   gasprice 1
   gas 365224
   data 0
