test static_callcodecallcodecall_110_OOGMBefore2_d0g0v0_Istanbul
pre
 addr 0x1000000000000000000000000000000000000000
  acc_nonce 0
  balance 1000000000000000000
  code 43 96 64 96 0 96 64 96 0 52 115 16 0 0 0 0 0 0 0 0 0 0 0 0 0 0 0 0 0 0 1 98 2 73 240 242 96 0 85 90 96 1 85 0
 addr 0x1000000000000000000000000000000000000001
  acc_nonce 0
  balance 0
  code 38 96 64 96 0 96 64 96 0 96 1 52 3 115 16 0 0 0 0 0 0 0 0 0 0 0 0 0 0 0 0 0 0 2 97 156 144 242 0
 addr 0x1000000000000000000000000000000000000002
  acc_nonce 0
  balance 0
  code 63 91 97 195 80 96 128 81 16 21 96 28 87 96 1 59 80 96 1 96 128 81 1 96 128 82 96 0 86 91 96 64 96 0 96 64 96 0 115 16 0 0 0 0 0 0 0 0 0 0 0 0 0 0 0 0 0 0 3 97 78 52 250 0
 addr 0x1000000000000000000000000000000000000003
  acc_nonce 0
  balance 0
  code 6 96 1 96 3 82 0
 addr 0xa94f5374fce5edbc8e2a8697c15331677e6ebf0b
  acc_nonce 0
  balance 1000000000000000000
  code 0
post
 addr 0x1000000000000000000000000000000000000000
  acc_nonce 0
  balance 1000000000000000000
  code 43 96 64 96 0 96 64 96 0 52 115 16 0 0 0 0 0 0 0 0 0 0 0 0 0 0 0 0 0 0 1 98 2 73 240 242 96 0 85 90 96 1 85 0
   kv 0x0000000000000000000000000000000000000000000000000000000000000000 0x0000000000000000000000000000000000000000000000000000000000000001
   kv 0x0000000000000000000000000000000000000000000000000000000000000001 0x000000000000000000000000000000000000000000000000000000000001dfd5
 addr 0x1000000000000000000000000000000000000001
  acc_nonce 0
  balance 0
  code 38 96 64 96 0 96 64 96 0 96 1 52 3 115 16 0 0 0 0 0 0 0 0 0 0 0 0 0 0 0 0 0 0 2 97 156 144 242 0
 addr 0x1000000000000000000000000000000000000002
  acc_nonce 0
  balance 0
  code 63 91 97 195 80 96 128 81 16 21 96 28 87 96 1 59 80 96 1 96 128 81 1 96 128 82 96 0 86 91 96 64 96 0 96 64 96 0 115 16 0 0 0 0 0 0 0 0 0 0 0 0 0 0 0 0 0 0 3 97 78 52 250 0
 addr 0x1000000000000000000000000000000000000003
  acc_nonce 0
  balance 0
  code 6 96 1 96 3 82 0
 addr 0x2adc25665018aa1fe0e6bc666dac8fc2697ff9ba
  acc_nonce 0
  balance 2000000000000069166
  code 0
 addr 0xa94f5374fce5edbc8e2a8697c15331677e6ebf0b
  acc_nonce 1
  balance 999999999999930834
  code 0
blocks
 block 0
  coinbase 0x2adc25665018aa1fe0e6bc666dac8fc2697ff9ba
  height 1
  difficulty 131072
  gaslimit 30029295
  timestamp 1000
  tx 0
   from 0xa94f5374fce5edbc8e2a8697c15331677e6ebf0b
   nonce 0
   to 0x1000000000000000000000000000000000000000
   value 0
   gasprice 1
   gas 172000
   data 0
test static_callcodecallcodecall_110_OOGMBefore2_d0g0v1_Istanbul
pre
 addr 0x1000000000000000000000000000000000000000
  acc_nonce 0
  balance 1000000000000000000
  code 43 96 64 96 0 96 64 96 0 52 115 16 0 0 0 0 0 0 0 0 0 0 0 0 0 0 0 0 0 0 1 98 2 73 240 242 96 0 85 90 96 1 85 0
 addr 0x1000000000000000000000000000000000000001
  acc_nonce 0
  balance 0
  code 38 96 64 96 0 96 64 96 0 96 1 52 3 115 16 0 0 0 0 0 0 0 0 0 0 0 0 0 0 0 0 0 0 2 97 156 144 242 0
 addr 0x1000000000000000000000000000000000000002
  acc_nonce 0
  balance 0
  code 63 91 97 195 80 96 128 81 16 21 96 28 87 96 1 59 80 96 1 96 128 81 1 96 128 82 96 0 86 91 96 64 96 0 96 64 96 0 115 16 0 0 0 0 0 0 0 0 0 0 0 0 0 0 0 0 0 0 3 97 78 52 250 0
 addr 0x1000000000000000000000000000000000000003
  acc_nonce 0
  balance 0
  code 6 96 1 96 3 82 0
 addr 0xa94f5374fce5edbc8e2a8697c15331677e6ebf0b
  acc_nonce 0
  balance 1000000000000000000
  code 0
post
 addr 0x1000000000000000000000000000000000000000
  acc_nonce 0
  balance 1000000000000000001
  code 43 96 64 96 0 96 64 96 0 52 115 16 0 0 0 0 0 0 0 0 0 0 0 0 0 0 0 0 0 0 1 98 2 73 240 242 96 0 85 90 96 1 85 0
   kv 0x0000000000000000000000000000000000000000000000000000000000000000 0x0000000000000000000000000000000000000000000000000000000000000001
   kv 0x0000000000000000000000000000000000000000000000000000000000000001 0x0000000000000000000000000000000000000000000000000000000000014345
 addr 0x1000000000000000000000000000000000000001
  acc_nonce 0
  balance 0
  code 38 96 64 96 0 96 64 96 0 96 1 52 3 115 16 0 0 0 0 0 0 0 0 0 0 0 0 0 0 0 0 0 0 2 97 156 144 242 0
 addr 0x1000000000000000000000000000000000000002
  acc_nonce 0
  balance 0
  code 63 91 97 195 80 96 128 81 16 21 96 28 87 96 1 59 80 96 1 96 128 81 1 96 128 82 96 0 86 91 96 64 96 0 96 64 96 0 115 16 0 0 0 0 0 0 0 0 0 0 0 0 0 0 0 0 0 0 3 97 78 52 250 0
 addr 0x1000000000000000000000000000000000000003
  acc_nonce 0
  balance 0
  code 6 96 1 96 3 82 0
 addr 0x2adc25665018aa1fe0e6bc666dac8fc2697ff9ba
  acc_nonce 0
  balance 2000000000000109246
  code 0
 addr 0xa94f5374fce5edbc8e2a8697c15331677e6ebf0b
  acc_nonce 1
  balance 999999999999890753
  code 0
blocks
 block 0
  coinbase 0x2adc25665018aa1fe0e6bc666dac8fc2697ff9ba
  height 1
  difficulty 131072
  gaslimit 30029295
  timestamp 1000
  tx 0
   from 0xa94f5374fce5edbc8e2a8697c15331677e6ebf0b
   nonce 0
   to 0x1000000000000000000000000000000000000000
   value 1
   gasprice 1
   gas 172000
   data 0
test static_callcodecallcodecall_110_OOGMBefore2_d0g0v2_Istanbul
pre
 addr 0x1000000000000000000000000000000000000000
  acc_nonce 0
  balance 1000000000000000000
  code 43 96 64 96 0 96 64 96 0 52 115 16 0 0 0 0 0 0 0 0 0 0 0 0 0 0 0 0 0 0 1 98 2 73 240 242 96 0 85 90 96 1 85 0
 addr 0x1000000000000000000000000000000000000001
  acc_nonce 0
  balance 0
  code 38 96 64 96 0 96 64 96 0 96 1 52 3 115 16 0 0 0 0 0 0 0 0 0 0 0 0 0 0 0 0 0 0 2 97 156 144 242 0
 addr 0x1000000000000000000000000000000000000002
  acc_nonce 0
  balance 0
  code 63 91 97 195 80 96 128 81 16 21 96 28 87 96 1 59 80 96 1 96 128 81 1 96 128 82 96 0 86 91 96 64 96 0 96 64 96 0 115 16 0 0 0 0 0 0 0 0 0 0 0 0 0 0 0 0 0 0 3 97 78 52 250 0
 addr 0x1000000000000000000000000000000000000003
  acc_nonce 0
  balance 0
  code 6 96 1 96 3 82 0
 addr 0xa94f5374fce5edbc8e2a8697c15331677e6ebf0b
  acc_nonce 0
  balance 1000000000000000000
  code 0
post
 addr 0x1000000000000000000000000000000000000000
  acc_nonce 0
  balance 1000000000000000002
  code 43 96 64 96 0 96 64 96 0 52 115 16 0 0 0 0 0 0 0 0 0 0 0 0 0 0 0 0 0 0 1 98 2 73 240 242 96 0 85 90 96 1 85 0
   kv 0x0000000000000000000000000000000000000000000000000000000000000000 0x0000000000000000000000000000000000000000000000000000000000000001
   kv 0x0000000000000000000000000000000000000000000000000000000000000001 0x000000000000000000000000000000000000000000000000000000000001201d
 addr 0x1000000000000000000000000000000000000001
  acc_nonce 0
  balance 0
  code 38 96 64 96 0 96 64 96 0 96 1 52 3 115 16 0 0 0 0 0 0 0 0 0 0 0 0 0 0 0 0 0 0 2 97 156 144 242 0
 addr 0x1000000000000000000000000000000000000002
  acc_nonce 0
  balance 0
  code 63 91 97 195 80 96 128 81 16 21 96 28 87 96 1 59 80 96 1 96 128 81 1 96 128 82 96 0 86 91 96 64 96 0 96 64 96 0 115 16 0 0 0 0 0 0 0 0 0 0 0 0 0 0 0 0 0 0 3 97 78 52 250 0
 addr 0x1000000000000000000000000000000000000003
  acc_nonce 0
  balance 0
  code 6 96 1 96 3 82 0
 addr 0x2adc25665018aa1fe0e6bc666dac8fc2697ff9ba
  acc_nonce 0
  balance 2000000000000118246
  code 0
 addr 0xa94f5374fce5edbc8e2a8697c15331677e6ebf0b
  acc_nonce 1
  balance 999999999999881752
  code 0
blocks
 block 0
  coinbase 0x2adc25665018aa1fe0e6bc666dac8fc2697ff9ba
  height 1
  difficulty 131072
  gaslimit 30029295
  timestamp 1000
  tx 0
   from 0xa94f5374fce5edbc8e2a8697c15331677e6ebf0b
   nonce 0
   to 0x1000000000000000000000000000000000000000
   value 2
   gasprice 1
   gas 172000
   data 0
