test static_callBasic_d0g0v0_Istanbul
pre
 addr 0x1000000000000000000000000000000000000000
  acc_nonce 0
  balance 1000000000000000000
  code 24 96 0 96 0 96 0 96 0 96 0 53 98 1 134 160 250 96 0 85 90 96 1 85 0
 addr 0x1000000000000000000000000000000000000001
  acc_nonce 0
  balance 23
  code 6 96 1 96 1 85 0
   kv 0x0000000000000000000000000000000000000000000000000000000000000001 0x0000000000000000000000000000000000000000000000000000000000000001
 addr 0x1000000000000000000000000000000000000002
  acc_nonce 0
  balance 23
  code 6 96 0 96 1 85 0
 addr 0x1000000000000000000000000000000000000003
  acc_nonce 0
  balance 23
  code 42 96 0 96 0 96 0 96 0 96 0 115 32 0 0 0 0 0 0 0 0 0 0 0 0 0 0 0 0 0 0 3 97 156 64 241 80 96 1 96 1 82 0
 addr 0x1000000000000000000000000000000000000004
  acc_nonce 0
  balance 23
  code 42 96 0 96 0 96 0 96 0 96 1 115 48 0 0 0 0 0 0 0 0 0 0 0 0 0 0 0 0 0 0 3 97 156 64 242 80 96 1 96 1 82 0
 addr 0x2000000000000000000000000000000000000003
  acc_nonce 0
  balance 23
  code 11 96 10 96 1 160 96 1 96 1 82 0
 addr 0x3000000000000000000000000000000000000003
  acc_nonce 0
  balance 23
  code 6 96 1 96 1 82 0
 addr 0xa94f5374fce5edbc8e2a8697c15331677e6ebf0b
  acc_nonce 0
  balance 1000000000000000000
  code 0
post
 addr 0x1000000000000000000000000000000000000000
  acc_nonce 0
  balance 1000000000000100000
  code 24 96 0 96 0 96 0 96 0 96 0 53 98 1 134 160 250 96 0 85 90 96 1 85 0
   kv 0x0000000000000000000000000000000000000000000000000000000000000001 0x00000000000000000000000000000000000000000000000000000000000d630a
 addr 0x1000000000000000000000000000000000000001
  acc_nonce 0
  balance 23
  code 6 96 1 96 1 85 0
   kv 0x0000000000000000000000000000000000000000000000000000000000000001 0x0000000000000000000000000000000000000000000000000000000000000001
 addr 0x1000000000000000000000000000000000000002
  acc_nonce 0
  balance 23
  code 6 96 0 96 1 85 0
 addr 0x1000000000000000000000000000000000000003
  acc_nonce 0
  balance 23
  code 42 96 0 96 0 96 0 96 0 96 0 115 32 0 0 0 0 0 0 0 0 0 0 0 0 0 0 0 0 0 0 3 97 156 64 241 80 96 1 96 1 82 0
 addr 0x1000000000000000000000000000000000000004
  acc_nonce 0
  balance 23
  code 42 96 0 96 0 96 0 96 0 96 1 115 48 0 0 0 0 0 0 0 0 0 0 0 0 0 0 0 0 0 0 3 97 156 64 242 80 96 1 96 1 82 0
 addr 0x2000000000000000000000000000000000000003
  acc_nonce 0
  balance 23
  code 11 96 10 96 1 160 96 1 96 1 82 0
 addr 0x2adc25665018aa1fe0e6bc666dac8fc2697ff9ba
  acc_nonce 0
  balance 2000000000000142681
  code 0
 addr 0x3000000000000000000000000000000000000003
  acc_nonce 0
  balance 23
  code 6 96 1 96 1 82 0
 addr 0xa94f5374fce5edbc8e2a8697c15331677e6ebf0b
  acc_nonce 1
  balance 999999999999757319
  code 0
blocks
 block 0
  coinbase 0x2adc25665018aa1fe0e6bc666dac8fc2697ff9ba
  height 1
  difficulty 131072
  gaslimit 10009764
  timestamp 1000
  tx 0
   from 0xa94f5374fce5edbc8e2a8697c15331677e6ebf0b
   nonce 0
   to 0x1000000000000000000000000000000000000000
   value 100000
   gasprice 1
   gas 1000000
   data 32 0 0 0 0 0 0 0 0 0 0 0 0 16 0 0 0 0 0 0 0 0 0 0 0 0 0 0 0 0 0 0 1
test static_callBasic_d1g0v0_Istanbul
pre
 addr 0x1000000000000000000000000000000000000000
  acc_nonce 0
  balance 1000000000000000000
  code 24 96 0 96 0 96 0 96 0 96 0 53 98 1 134 160 250 96 0 85 90 96 1 85 0
 addr 0x1000000000000000000000000000000000000001
  acc_nonce 0
  balance 23
  code 6 96 1 96 1 85 0
   kv 0x0000000000000000000000000000000000000000000000000000000000000001 0x0000000000000000000000000000000000000000000000000000000000000001
 addr 0x1000000000000000000000000000000000000002
  acc_nonce 0
  balance 23
  code 6 96 0 96 1 85 0
 addr 0x1000000000000000000000000000000000000003
  acc_nonce 0
  balance 23
  code 42 96 0 96 0 96 0 96 0 96 0 115 32 0 0 0 0 0 0 0 0 0 0 0 0 0 0 0 0 0 0 3 97 156 64 241 80 96 1 96 1 82 0
 addr 0x1000000000000000000000000000000000000004
  acc_nonce 0
  balance 23
  code 42 96 0 96 0 96 0 96 0 96 1 115 48 0 0 0 0 0 0 0 0 0 0 0 0 0 0 0 0 0 0 3 97 156 64 242 80 96 1 96 1 82 0
 addr 0x2000000000000000000000000000000000000003
  acc_nonce 0
  balance 23
  code 11 96 10 96 1 160 96 1 96 1 82 0
 addr 0x3000000000000000000000000000000000000003
  acc_nonce 0
  balance 23
  code 6 96 1 96 1 82 0
 addr 0xa94f5374fce5edbc8e2a8697c15331677e6ebf0b
  acc_nonce 0
  balance 1000000000000000000
  code 0
post
 addr 0x1000000000000000000000000000000000000000
  acc_nonce 0
  balance 1000000000000100000
  code 24 96 0 96 0 96 0 96 0 96 0 53 98 1 134 160 250 96 0 85 90 96 1 85 0
   kv 0x0000000000000000000000000000000000000000000000000000000000000001 0x00000000000000000000000000000000000000000000000000000000000d630a
 addr 0x1000000000000000000000000000000000000001
  acc_nonce 0
  balance 23
  code 6 96 1 96 1 85 0
   kv 0x0000000000000000000000000000000000000000000000000000000000000001 0x0000000000000000000000000000000000000000000000000000000000000001
 addr 0x1000000000000000000000000000000000000002
  acc_nonce 0
  balance 23
  code 6 96 0 96 1 85 0
 addr 0x1000000000000000000000000000000000000003
  acc_nonce 0
  balance 23
  code 42 96 0 96 0 96 0 96 0 96 0 115 32 0 0 0 0 0 0 0 0 0 0 0 0 0 0 0 0 0 0 3 97 156 64 241 80 96 1 96 1 82 0
 addr 0x1000000000000000000000000000000000000004
  acc_nonce 0
  balance 23
  code 42 96 0 96 0 96 0 96 0 96 1 115 48 0 0 0 0 0 0 0 0 0 0 0 0 0 0 0 0 0 0 3 97 156 64 242 80 96 1 96 1 82 0
 addr 0x2000000000000000000000000000000000000003
  acc_nonce 0
  balance 23
  code 11 96 10 96 1 160 96 1 96 1 82 0
 addr 0x2adc25665018aa1fe0e6bc666dac8fc2697ff9ba
  acc_nonce 0
  balance 2000000000000142681
  code 0
 addr 0x3000000000000000000000000000000000000003
  acc_nonce 0
  balance 23
  code 6 96 1 96 1 82 0
 addr 0xa94f5374fce5edbc8e2a8697c15331677e6ebf0b
  acc_nonce 1
  balance 999999999999757319
  code 0
blocks
 block 0
  coinbase 0x2adc25665018aa1fe0e6bc666dac8fc2697ff9ba
  height 1
  difficulty 131072
  gaslimit 10009764
  timestamp 1000
  tx 0
   from 0xa94f5374fce5edbc8e2a8697c15331677e6ebf0b
   nonce 0
   to 0x1000000000000000000000000000000000000000
   value 100000
   gasprice 1
   gas 1000000
   data 32 0 0 0 0 0 0 0 0 0 0 0 0 16 0 0 0 0 0 0 0 0 0 0 0 0 0 0 0 0 0 0 2
test static_callBasic_d2g0v0_Istanbul
pre
 addr 0x1000000000000000000000000000000000000000
  acc_nonce 0
  balance 1000000000000000000
  code 24 96 0 96 0 96 0 96 0 96 0 53 98 1 134 160 250 96 0 85 90 96 1 85 0
 addr 0x1000000000000000000000000000000000000001
  acc_nonce 0
  balance 23
  code 6 96 1 96 1 85 0
   kv 0x0000000000000000000000000000000000000000000000000000000000000001 0x0000000000000000000000000000000000000000000000000000000000000001
 addr 0x1000000000000000000000000000000000000002
  acc_nonce 0
  balance 23
  code 6 96 0 96 1 85 0
 addr 0x1000000000000000000000000000000000000003
  acc_nonce 0
  balance 23
  code 42 96 0 96 0 96 0 96 0 96 0 115 32 0 0 0 0 0 0 0 0 0 0 0 0 0 0 0 0 0 0 3 97 156 64 241 80 96 1 96 1 82 0
 addr 0x1000000000000000000000000000000000000004
  acc_nonce 0
  balance 23
  code 42 96 0 96 0 96 0 96 0 96 1 115 48 0 0 0 0 0 0 0 0 0 0 0 0 0 0 0 0 0 0 3 97 156 64 242 80 96 1 96 1 82 0
 addr 0x2000000000000000000000000000000000000003
  acc_nonce 0
  balance 23
  code 11 96 10 96 1 160 96 1 96 1 82 0
 addr 0x3000000000000000000000000000000000000003
  acc_nonce 0
  balance 23
  code 6 96 1 96 1 82 0
 addr 0xa94f5374fce5edbc8e2a8697c15331677e6ebf0b
  acc_nonce 0
  balance 1000000000000000000
  code 0
post
 addr 0x1000000000000000000000000000000000000000
  acc_nonce 0
  balance 1000000000000100000
  code 24 96 0 96 0 96 0 96 0 96 0 53 98 1 134 160 250 96 0 85 90 96 1 85 0
   kv 0x0000000000000000000000000000000000000000000000000000000000000000 0x0000000000000000000000000000000000000000000000000000000000000001
   kv 0x0000000000000000000000000000000000000000000000000000000000000001 0x00000000000000000000000000000000000000000000000000000000000dff88
 addr 0x1000000000000000000000000000000000000001
  acc_nonce 0
  balance 23
  code 6 96 1 96 1 85 0
   kv 0x0000000000000000000000000000000000000000000000000000000000000001 0x0000000000000000000000000000000000000000000000000000000000000001
 addr 0x1000000000000000000000000000000000000002
  acc_nonce 0
  balance 23
  code 6 96 0 96 1 85 0
 addr 0x1000000000000000000000000000000000000003
  acc_nonce 0
  balance 23
  code 42 96 0 96 0 96 0 96 0 96 0 115 32 0 0 0 0 0 0 0 0 0 0 0 0 0 0 0 0 0 0 3 97 156 64 241 80 96 1 96 1 82 0
 addr 0x1000000000000000000000000000000000000004
  acc_nonce 0
  balance 23
  code 42 96 0 96 0 96 0 96 0 96 1 115 48 0 0 0 0 0 0 0 0 0 0 0 0 0 0 0 0 0 0 3 97 156 64 242 80 96 1 96 1 82 0
 addr 0x2000000000000000000000000000000000000003
  acc_nonce 0
  balance 23
  code 11 96 10 96 1 160 96 1 96 1 82 0
 addr 0x2adc25665018aa1fe0e6bc666dac8fc2697ff9ba
  acc_nonce 0
  balance 2000000000000102619
  code 0
 addr 0x3000000000000000000000000000000000000003
  acc_nonce 0
  balance 23
  code 6 96 1 96 1 82 0
 addr 0xa94f5374fce5edbc8e2a8697c15331677e6ebf0b
  acc_nonce 1
  balance 999999999999797381
  code 0
blocks
 block 0
  coinbase 0x2adc25665018aa1fe0e6bc666dac8fc2697ff9ba
  height 1
  difficulty 131072
  gaslimit 10009764
  timestamp 1000
  tx 0
   from 0xa94f5374fce5edbc8e2a8697c15331677e6ebf0b
   nonce 0
   to 0x1000000000000000000000000000000000000000
   value 100000
   gasprice 1
   gas 1000000
   data 32 0 0 0 0 0 0 0 0 0 0 0 0 16 0 0 0 0 0 0 0 0 0 0 0 0 0 0 0 0 0 0 3
test static_callBasic_d3g0v0_Istanbul
pre
 addr 0x1000000000000000000000000000000000000000
  acc_nonce 0
  balance 1000000000000000000
  code 24 96 0 96 0 96 0 96 0 96 0 53 98 1 134 160 250 96 0 85 90 96 1 85 0
 addr 0x1000000000000000000000000000000000000001
  acc_nonce 0
  balance 23
  code 6 96 1 96 1 85 0
   kv 0x0000000000000000000000000000000000000000000000000000000000000001 0x0000000000000000000000000000000000000000000000000000000000000001
 addr 0x1000000000000000000000000000000000000002
  acc_nonce 0
  balance 23
  code 6 96 0 96 1 85 0
 addr 0x1000000000000000000000000000000000000003
  acc_nonce 0
  balance 23
  code 42 96 0 96 0 96 0 96 0 96 0 115 32 0 0 0 0 0 0 0 0 0 0 0 0 0 0 0 0 0 0 3 97 156 64 241 80 96 1 96 1 82 0
 addr 0x1000000000000000000000000000000000000004
  acc_nonce 0
  balance 23
  code 42 96 0 96 0 96 0 96 0 96 1 115 48 0 0 0 0 0 0 0 0 0 0 0 0 0 0 0 0 0 0 3 97 156 64 242 80 96 1 96 1 82 0
 addr 0x2000000000000000000000000000000000000003
  acc_nonce 0
  balance 23
  code 11 96 10 96 1 160 96 1 96 1 82 0
 addr 0x3000000000000000000000000000000000000003
  acc_nonce 0
  balance 23
  code 6 96 1 96 1 82 0
 addr 0xa94f5374fce5edbc8e2a8697c15331677e6ebf0b
  acc_nonce 0
  balance 1000000000000000000
  code 0
post
 addr 0x1000000000000000000000000000000000000000
  acc_nonce 0
  balance 1000000000000100000
  code 24 96 0 96 0 96 0 96 0 96 0 53 98 1 134 160 250 96 0 85 90 96 1 85 0
   kv 0x0000000000000000000000000000000000000000000000000000000000000000 0x0000000000000000000000000000000000000000000000000000000000000001
   kv 0x0000000000000000000000000000000000000000000000000000000000000001 0x00000000000000000000000000000000000000000000000000000000000e818d
 addr 0x1000000000000000000000000000000000000001
  acc_nonce 0
  balance 23
  code 6 96 1 96 1 85 0
   kv 0x0000000000000000000000000000000000000000000000000000000000000001 0x0000000000000000000000000000000000000000000000000000000000000001
 addr 0x1000000000000000000000000000000000000002
  acc_nonce 0
  balance 23
  code 6 96 0 96 1 85 0
 addr 0x1000000000000000000000000000000000000003
  acc_nonce 0
  balance 23
  code 42 96 0 96 0 96 0 96 0 96 0 115 32 0 0 0 0 0 0 0 0 0 0 0 0 0 0 0 0 0 0 3 97 156 64 241 80 96 1 96 1 82 0
 addr 0x1000000000000000000000000000000000000004
  acc_nonce 0
  balance 23
  code 42 96 0 96 0 96 0 96 0 96 1 115 48 0 0 0 0 0 0 0 0 0 0 0 0 0 0 0 0 0 0 3 97 156 64 242 80 96 1 96 1 82 0
 addr 0x2000000000000000000000000000000000000003
  acc_nonce 0
  balance 23
  code 11 96 10 96 1 160 96 1 96 1 82 0
 addr 0x2adc25665018aa1fe0e6bc666dac8fc2697ff9ba
  acc_nonce 0
  balance 2000000000000069334
  code 0
 addr 0x3000000000000000000000000000000000000003
  acc_nonce 0
  balance 23
  code 6 96 1 96 1 82 0
 addr 0xa94f5374fce5edbc8e2a8697c15331677e6ebf0b
  acc_nonce 1
  balance 999999999999830666
  code 0
blocks
 block 0
  coinbase 0x2adc25665018aa1fe0e6bc666dac8fc2697ff9ba
  height 1
  difficulty 131072
  gaslimit 10009764
  timestamp 1000
  tx 0
   from 0xa94f5374fce5edbc8e2a8697c15331677e6ebf0b
   nonce 0
   to 0x1000000000000000000000000000000000000000
   value 100000
   gasprice 1
   gas 1000000
   data 32 0 0 0 0 0 0 0 0 0 0 0 0 16 0 0 0 0 0 0 0 0 0 0 0 0 0 0 0 0 0 0 4
