test static_LoopCallsDepthThenRevert3_d0g0v0_Istanbul
pre
 addr 0xa000000000000000000000000000000000000000
  acc_nonce 0
  balance 10
  code 82 97 3 254 96 0 53 20 96 61 87 96 1 96 0 53 1 96 0 82 96 0 96 0 96 32 96 0 115 160 0 0 0 0 0 0 0 0 0 0 0 0 0 0 0 0 0 0 0 90 250 80 97 4 26 96 0 53 16 96 81 87 91 102 96 0 96 0 96 2 240 96 0 82 96 7 96 25 96 3 240 80 91
 addr 0xa94f5374fce5edbc8e2a8697c15331677e6ebf0b
  acc_nonce 0
  balance 100000000000000000000000000000000000
  code 0
post
 addr 0x2adc25665018aa1fe0e6bc666dac8fc2697ff9ba
  acc_nonce 0
  balance 2000000943135069042
  code 0
 addr 0xa000000000000000000000000000000000000000
  acc_nonce 0
  balance 10
  code 82 97 3 254 96 0 53 20 96 61 87 96 1 96 0 53 1 96 0 82 96 0 96 0 96 32 96 0 115 160 0 0 0 0 0 0 0 0 0 0 0 0 0 0 0 0 0 0 0 90 250 80 97 4 26 96 0 53 16 96 81 87 91 102 96 0 96 0 96 2 240 96 0 82 96 7 96 25 96 3 240 80 91
 addr 0xa94f5374fce5edbc8e2a8697c15331677e6ebf0b
  acc_nonce 1
  balance 99999999999999999999999056864930958
  code 0
blocks
 block 0
  coinbase 0x2adc25665018aa1fe0e6bc666dac8fc2697ff9ba
  height 1
  difficulty 131072
  gaslimit 9223372036854775807
  timestamp 1000
  tx 0
   from 0xa94f5374fce5edbc8e2a8697c15331677e6ebf0b
   nonce 0
   to 0xa000000000000000000000000000000000000000
   value 0
   gasprice 1
   gas 9214364837600034817
   data 0
