test static_callChangeRevert_d0g0v0_Istanbul
pre
 addr 0x1000000000000000000000000000000000000000
  acc_nonce 0
  balance 1000000000000000000
  code 116 96 0 96 0 96 0 96 0 96 1 115 16 0 0 0 0 0 0 0 0 0 0 0 0 0 0 0 0 0 0 1 98 1 134 160 241 96 0 85 96 0 96 0 96 0 96 0 115 16 0 0 0 0 0 0 0 0 0 0 0 0 0 0 0 0 0 0 1 98 1 134 160 250 96 1 85 96 0 96 0 96 0 96 0 96 1 115 16 0 0 0 0 0 0 0 0 0 0 0 0 0 0 0 0 0 0 1 98 1 134 160 241 96 2 85 0
 addr 0x1000000000000000000000000000000000000001
  acc_nonce 0
  balance 0
  code 6 96 1 96 1 82 0
 addr 0x1000000000000000000000000000000000000002
  acc_nonce 0
  balance 0
  code 12 96 1 96 1 82 96 1 84 96 1 85 0
 addr 0x2000000000000000000000000000000000000000
  acc_nonce 0
  balance 1000000000000000000
  code 145 96 0 96 0 96 0 96 0 96 1 115 16 0 0 0 0 0 0 0 0 0 0 0 0 0 0 0 0 0 0 1 98 1 134 160 241 96 0 85 96 0 96 0 96 0 96 0 115 16 0 0 0 0 0 0 0 0 0 0 0 0 0 0 0 0 0 0 1 98 1 134 160 250 96 1 85 96 0 96 0 96 0 96 0 96 1 115 16 0 0 0 0 0 0 0 0 0 0 0 0 0 0 0 0 0 0 1 98 1 134 160 241 96 2 85 91 97 195 80 96 128 81 16 21 96 143 87 96 1 59 80 96 1 96 128 81 1 96 128 82 96 115 86 91 0
 addr 0x3000000000000000000000000000000000000000
  acc_nonce 0
  balance 1000000000000000000
  code 116 96 0 96 0 96 0 96 0 96 1 115 16 0 0 0 0 0 0 0 0 0 0 0 0 0 0 0 0 0 0 2 98 1 134 160 241 96 0 85 96 0 96 0 96 0 96 0 115 16 0 0 0 0 0 0 0 0 0 0 0 0 0 0 0 0 0 0 2 98 1 134 160 250 96 1 85 96 0 96 0 96 0 96 0 96 1 115 16 0 0 0 0 0 0 0 0 0 0 0 0 0 0 0 0 0 0 2 98 1 134 160 241 96 2 85 0
 addr 0xa000000000000000000000000000000000000000
  acc_nonce 0
  balance 1000000000000000000
  code 19 96 0 96 0 96 0 96 0 96 0 96 0 53 98 5 87 48 241 0
 addr 0xa94f5374fce5edbc8e2a8697c15331677e6ebf0b
  acc_nonce 0
  balance 1000000000000000000
  code 0
post
 addr 0x1000000000000000000000000000000000000000
  acc_nonce 0
  balance 999999999999999998
  code 116 96 0 96 0 96 0 96 0 96 1 115 16 0 0 0 0 0 0 0 0 0 0 0 0 0 0 0 0 0 0 1 98 1 134 160 241 96 0 85 96 0 96 0 96 0 96 0 115 16 0 0 0 0 0 0 0 0 0 0 0 0 0 0 0 0 0 0 1 98 1 134 160 250 96 1 85 96 0 96 0 96 0 96 0 96 1 115 16 0 0 0 0 0 0 0 0 0 0 0 0 0 0 0 0 0 0 1 98 1 134 160 241 96 2 85 0
   kv 0x0000000000000000000000000000000000000000000000000000000000000000 0x0000000000000000000000000000000000000000000000000000000000000001
   kv 0x0000000000000000000000000000000000000000000000000000000000000001 0x0000000000000000000000000000000000000000000000000000000000000001
   kv 0x0000000000000000000000000000000000000000000000000000000000000002 0x0000000000000000000000000000000000000000000000000000000000000001
 addr 0x1000000000000000000000000000000000000001
  acc_nonce 0
  balance 2
  code 6 96 1 96 1 82 0
 addr 0x1000000000000000000000000000000000000002
  acc_nonce 0
  balance 0
  code 12 96 1 96 1 82 96 1 84 96 1 85 0
 addr 0x2000000000000000000000000000000000000000
  acc_nonce 0
  balance 1000000000000000000
  code 145 96 0 96 0 96 0 96 0 96 1 115 16 0 0 0 0 0 0 0 0 0 0 0 0 0 0 0 0 0 0 1 98 1 134 160 241 96 0 85 96 0 96 0 96 0 96 0 115 16 0 0 0 0 0 0 0 0 0 0 0 0 0 0 0 0 0 0 1 98 1 134 160 250 96 1 85 96 0 96 0 96 0 96 0 96 1 115 16 0 0 0 0 0 0 0 0 0 0 0 0 0 0 0 0 0 0 1 98 1 134 160 241 96 2 85 91 97 195 80 96 128 81 16 21 96 143 87 96 1 59 80 96 1 96 128 81 1 96 128 82 96 115 86 91 0
 addr 0x2adc25665018aa1fe0e6bc666dac8fc2697ff9ba
  acc_nonce 0
  balance 2000000000000097478
  code 0
 addr 0x3000000000000000000000000000000000000000
  acc_nonce 0
  balance 1000000000000000000
  code 116 96 0 96 0 96 0 96 0 96 1 115 16 0 0 0 0 0 0 0 0 0 0 0 0 0 0 0 0 0 0 2 98 1 134 160 241 96 0 85 96 0 96 0 96 0 96 0 115 16 0 0 0 0 0 0 0 0 0 0 0 0 0 0 0 0 0 0 2 98 1 134 160 250 96 1 85 96 0 96 0 96 0 96 0 96 1 115 16 0 0 0 0 0 0 0 0 0 0 0 0 0 0 0 0 0 0 2 98 1 134 160 241 96 2 85 0
 addr 0xa000000000000000000000000000000000000000
  acc_nonce 0
  balance 1000000000000100000
  code 19 96 0 96 0 96 0 96 0 96 0 96 0 53 98 5 87 48 241 0
 addr 0xa94f5374fce5edbc8e2a8697c15331677e6ebf0b
  acc_nonce 1
  balance 999999999999802522
  code 0
blocks
 block 0
  coinbase 0x2adc25665018aa1fe0e6bc666dac8fc2697ff9ba
  height 1
  difficulty 131072
  gaslimit 10009764
  timestamp 1000
  tx 0
   from 0xa94f5374fce5edbc8e2a8697c15331677e6ebf0b
   nonce 0
   to 0xa000000000000000000000000000000000000000
   value 100000
   gasprice 1
   gas 1000000
   data 32 0 0 0 0 0 0 0 0 0 0 0 0 16 0 0 0 0 0 0 0 0 0 0 0 0 0 0 0 0 0 0 0
test static_callChangeRevert_d1g0v0_Istanbul
pre
 addr 0x1000000000000000000000000000000000000000
  acc_nonce 0
  balance 1000000000000000000
  code 116 96 0 96 0 96 0 96 0 96 1 115 16 0 0 0 0 0 0 0 0 0 0 0 0 0 0 0 0 0 0 1 98 1 134 160 241 96 0 85 96 0 96 0 96 0 96 0 115 16 0 0 0 0 0 0 0 0 0 0 0 0 0 0 0 0 0 0 1 98 1 134 160 250 96 1 85 96 0 96 0 96 0 96 0 96 1 115 16 0 0 0 0 0 0 0 0 0 0 0 0 0 0 0 0 0 0 1 98 1 134 160 241 96 2 85 0
 addr 0x1000000000000000000000000000000000000001
  acc_nonce 0
  balance 0
  code 6 96 1 96 1 82 0
 addr 0x1000000000000000000000000000000000000002
  acc_nonce 0
  balance 0
  code 12 96 1 96 1 82 96 1 84 96 1 85 0
 addr 0x2000000000000000000000000000000000000000
  acc_nonce 0
  balance 1000000000000000000
  code 145 96 0 96 0 96 0 96 0 96 1 115 16 0 0 0 0 0 0 0 0 0 0 0 0 0 0 0 0 0 0 1 98 1 134 160 241 96 0 85 96 0 96 0 96 0 96 0 115 16 0 0 0 0 0 0 0 0 0 0 0 0 0 0 0 0 0 0 1 98 1 134 160 250 96 1 85 96 0 96 0 96 0 96 0 96 1 115 16 0 0 0 0 0 0 0 0 0 0 0 0 0 0 0 0 0 0 1 98 1 134 160 241 96 2 85 91 97 195 80 96 128 81 16 21 96 143 87 96 1 59 80 96 1 96 128 81 1 96 128 82 96 115 86 91 0
 addr 0x3000000000000000000000000000000000000000
  acc_nonce 0
  balance 1000000000000000000
  code 116 96 0 96 0 96 0 96 0 96 1 115 16 0 0 0 0 0 0 0 0 0 0 0 0 0 0 0 0 0 0 2 98 1 134 160 241 96 0 85 96 0 96 0 96 0 96 0 115 16 0 0 0 0 0 0 0 0 0 0 0 0 0 0 0 0 0 0 2 98 1 134 160 250 96 1 85 96 0 96 0 96 0 96 0 96 1 115 16 0 0 0 0 0 0 0 0 0 0 0 0 0 0 0 0 0 0 2 98 1 134 160 241 96 2 85 0
 addr 0xa000000000000000000000000000000000000000
  acc_nonce 0
  balance 1000000000000000000
  code 19 96 0 96 0 96 0 96 0 96 0 96 0 53 98 5 87 48 241 0
 addr 0xa94f5374fce5edbc8e2a8697c15331677e6ebf0b
  acc_nonce 0
  balance 1000000000000000000
  code 0
post
 addr 0x1000000000000000000000000000000000000000
  acc_nonce 0
  balance 1000000000000000000
  code 116 96 0 96 0 96 0 96 0 96 1 115 16 0 0 0 0 0 0 0 0 0 0 0 0 0 0 0 0 0 0 1 98 1 134 160 241 96 0 85 96 0 96 0 96 0 96 0 115 16 0 0 0 0 0 0 0 0 0 0 0 0 0 0 0 0 0 0 1 98 1 134 160 250 96 1 85 96 0 96 0 96 0 96 0 96 1 115 16 0 0 0 0 0 0 0 0 0 0 0 0 0 0 0 0 0 0 1 98 1 134 160 241 96 2 85 0
 addr 0x1000000000000000000000000000000000000001
  acc_nonce 0
  balance 0
  code 6 96 1 96 1 82 0
 addr 0x1000000000000000000000000000000000000002
  acc_nonce 0
  balance 0
  code 12 96 1 96 1 82 96 1 84 96 1 85 0
 addr 0x2000000000000000000000000000000000000000
  acc_nonce 0
  balance 1000000000000000000
  code 145 96 0 96 0 96 0 96 0 96 1 115 16 0 0 0 0 0 0 0 0 0 0 0 0 0 0 0 0 0 0 1 98 1 134 160 241 96 0 85 96 0 96 0 96 0 96 0 115 16 0 0 0 0 0 0 0 0 0 0 0 0 0 0 0 0 0 0 1 98 1 134 160 250 96 1 85 96 0 96 0 96 0 96 0 96 1 115 16 0 0 0 0 0 0 0 0 0 0 0 0 0 0 0 0 0 0 1 98 1 134 160 241 96 2 85 91 97 195 80 96 128 81 16 21 96 143 87 96 1 59 80 96 1 96 128 81 1 96 128 82 96 115 86 91 0
 addr 0x2adc25665018aa1fe0e6bc666dac8fc2697ff9ba
  acc_nonce 0
  balance 2000000000000371864
  code 0
 addr 0x3000000000000000000000000000000000000000
  acc_nonce 0
  balance 1000000000000000000
  code 116 96 0 96 0 96 0 96 0 96 1 115 16 0 0 0 0 0 0 0 0 0 0 0 0 0 0 0 0 0 0 2 98 1 134 160 241 96 0 85 96 0 96 0 96 0 96 0 115 16 0 0 0 0 0 0 0 0 0 0 0 0 0 0 0 0 0 0 2 98 1 134 160 250 96 1 85 96 0 96 0 96 0 96 0 96 1 115 16 0 0 0 0 0 0 0 0 0 0 0 0 0 0 0 0 0 0 2 98 1 134 160 241 96 2 85 0
 addr 0xa000000000000000000000000000000000000000
  acc_nonce 0
  balance 1000000000000100000
  code 19 96 0 96 0 96 0 96 0 96 0 96 0 53 98 5 87 48 241 0
 addr 0xa94f5374fce5edbc8e2a8697c15331677e6ebf0b
  acc_nonce 1
  balance 999999999999528136
  code 0
blocks
 block 0
  coinbase 0x2adc25665018aa1fe0e6bc666dac8fc2697ff9ba
  height 1
  difficulty 131072
  gaslimit 10009764
  timestamp 1000
  tx 0
   from 0xa94f5374fce5edbc8e2a8697c15331677e6ebf0b
   nonce 0
   to 0xa000000000000000000000000000000000000000
   value 100000
   gasprice 1
   gas 1000000
   data 32 0 0 0 0 0 0 0 0 0 0 0 0 32 0 0 0 0 0 0 0 0 0 0 0 0 0 0 0 0 0 0 0
test static_callChangeRevert_d2g0v0_Istanbul
pre
 addr 0x1000000000000000000000000000000000000000
  acc_nonce 0
  balance 1000000000000000000
  code 116 96 0 96 0 96 0 96 0 96 1 115 16 0 0 0 0 0 0 0 0 0 0 0 0 0 0 0 0 0 0 1 98 1 134 160 241 96 0 85 96 0 96 0 96 0 96 0 115 16 0 0 0 0 0 0 0 0 0 0 0 0 0 0 0 0 0 0 1 98 1 134 160 250 96 1 85 96 0 96 0 96 0 96 0 96 1 115 16 0 0 0 0 0 0 0 0 0 0 0 0 0 0 0 0 0 0 1 98 1 134 160 241 96 2 85 0
 addr 0x1000000000000000000000000000000000000001
  acc_nonce 0
  balance 0
  code 6 96 1 96 1 82 0
 addr 0x1000000000000000000000000000000000000002
  acc_nonce 0
  balance 0
  code 12 96 1 96 1 82 96 1 84 96 1 85 0
 addr 0x2000000000000000000000000000000000000000
  acc_nonce 0
  balance 1000000000000000000
  code 145 96 0 96 0 96 0 96 0 96 1 115 16 0 0 0 0 0 0 0 0 0 0 0 0 0 0 0 0 0 0 1 98 1 134 160 241 96 0 85 96 0 96 0 96 0 96 0 115 16 0 0 0 0 0 0 0 0 0 0 0 0 0 0 0 0 0 0 1 98 1 134 160 250 96 1 85 96 0 96 0 96 0 96 0 96 1 115 16 0 0 0 0 0 0 0 0 0 0 0 0 0 0 0 0 0 0 1 98 1 134 160 241 96 2 85 91 97 195 80 96 128 81 16 21 96 143 87 96 1 59 80 96 1 96 128 81 1 96 128 82 96 115 86 91 0
 addr 0x3000000000000000000000000000000000000000
  acc_nonce 0
  balance 1000000000000000000
  code 116 96 0 96 0 96 0 96 0 96 1 115 16 0 0 0 0 0 0 0 0 0 0 0 0 0 0 0 0 0 0 2 98 1 134 160 241 96 0 85 96 0 96 0 96 0 96 0 115 16 0 0 0 0 0 0 0 0 0 0 0 0 0 0 0 0 0 0 2 98 1 134 160 250 96 1 85 96 0 96 0 96 0 96 0 96 1 115 16 0 0 0 0 0 0 0 0 0 0 0 0 0 0 0 0 0 0 2 98 1 134 160 241 96 2 85 0
 addr 0xa000000000000000000000000000000000000000
  acc_nonce 0
  balance 1000000000000000000
  code 19 96 0 96 0 96 0 96 0 96 0 96 0 53 98 5 87 48 241 0
 addr 0xa94f5374fce5edbc8e2a8697c15331677e6ebf0b
  acc_nonce 0
  balance 1000000000000000000
  code 0
post
 addr 0x1000000000000000000000000000000000000000
  acc_nonce 0
  balance 1000000000000000000
  code 116 96 0 96 0 96 0 96 0 96 1 115 16 0 0 0 0 0 0 0 0 0 0 0 0 0 0 0 0 0 0 1 98 1 134 160 241 96 0 85 96 0 96 0 96 0 96 0 115 16 0 0 0 0 0 0 0 0 0 0 0 0 0 0 0 0 0 0 1 98 1 134 160 250 96 1 85 96 0 96 0 96 0 96 0 96 1 115 16 0 0 0 0 0 0 0 0 0 0 0 0 0 0 0 0 0 0 1 98 1 134 160 241 96 2 85 0
 addr 0x1000000000000000000000000000000000000001
  acc_nonce 0
  balance 0
  code 6 96 1 96 1 82 0
 addr 0x1000000000000000000000000000000000000002
  acc_nonce 0
  balance 2
  code 12 96 1 96 1 82 96 1 84 96 1 85 0
 addr 0x2000000000000000000000000000000000000000
  acc_nonce 0
  balance 1000000000000000000
  code 145 96 0 96 0 96 0 96 0 96 1 115 16 0 0 0 0 0 0 0 0 0 0 0 0 0 0 0 0 0 0 1 98 1 134 160 241 96 0 85 96 0 96 0 96 0 96 0 115 16 0 0 0 0 0 0 0 0 0 0 0 0 0 0 0 0 0 0 1 98 1 134 160 250 96 1 85 96 0 96 0 96 0 96 0 96 1 115 16 0 0 0 0 0 0 0 0 0 0 0 0 0 0 0 0 0 0 1 98 1 134 160 241 96 2 85 91 97 195 80 96 128 81 16 21 96 143 87 96 1 59 80 96 1 96 128 81 1 96 128 82 96 115 86 91 0
 addr 0x2adc25665018aa1fe0e6bc666dac8fc2697ff9ba
  acc_nonce 0
  balance 2000000000000181475
  code 0
 addr 0x3000000000000000000000000000000000000000
  acc_nonce 0
  balance 999999999999999998
  code 116 96 0 96 0 96 0 96 0 96 1 115 16 0 0 0 0 0 0 0 0 0 0 0 0 0 0 0 0 0 0 2 98 1 134 160 241 96 0 85 96 0 96 0 96 0 96 0 115 16 0 0 0 0 0 0 0 0 0 0 0 0 0 0 0 0 0 0 2 98 1 134 160 250 96 1 85 96 0 96 0 96 0 96 0 96 1 115 16 0 0 0 0 0 0 0 0 0 0 0 0 0 0 0 0 0 0 2 98 1 134 160 241 96 2 85 0
   kv 0x0000000000000000000000000000000000000000000000000000000000000000 0x0000000000000000000000000000000000000000000000000000000000000001
   kv 0x0000000000000000000000000000000000000000000000000000000000000002 0x0000000000000000000000000000000000000000000000000000000000000001
 addr 0xa000000000000000000000000000000000000000
  acc_nonce 0
  balance 1000000000000100000
  code 19 96 0 96 0 96 0 96 0 96 0 96 0 53 98 5 87 48 241 0
 addr 0xa94f5374fce5edbc8e2a8697c15331677e6ebf0b
  acc_nonce 1
  balance 999999999999718525
  code 0
blocks
 block 0
  coinbase 0x2adc25665018aa1fe0e6bc666dac8fc2697ff9ba
  height 1
  difficulty 131072
  gaslimit 10009764
  timestamp 1000
  tx 0
   from 0xa94f5374fce5edbc8e2a8697c15331677e6ebf0b
   nonce 0
   to 0xa000000000000000000000000000000000000000
   value 100000
   gasprice 1
   gas 1000000
   data 32 0 0 0 0 0 0 0 0 0 0 0 0 48 0 0 0 0 0 0 0 0 0 0 0 0 0 0 0 0 0 0 0
