test static_contractCreationMakeCallThatAskMoreGasThenTransactionProvided_d0g0v0_Istanbul
pre
 addr 0x1000000000000000000000000000000000000001
  acc_nonce 0
  balance 100000
  code 6 96 1 96 1 85 0
 addr 0x2000000000000000000000000000000000000001
  acc_nonce 0
  balance 100000
  code 6 96 1 96 1 82 0
 addr 0x3000000000000000000000000000000000000001
  acc_nonce 0
  balance 100000
  code 30 91 97 195 80 96 128 81 16 21 96 28 87 96 1 59 80 96 1 96 128 81 1 96 128 82 96 0 86 91 0
 addr 0x4000000000000000000000000000000000000001
  acc_nonce 0
  balance 100000
  code 36 96 0 96 0 96 0 96 0 96 0 115 64 0 0 0 0 0 0 0 0 0 0 0 0 0 0 0 0 0 0 4 97 3 232 242 0
 addr 0x4000000000000000000000000000000000000004
  acc_nonce 0
  balance 100000
  code 6 96 1 96 1 82 0
 addr 0x5000000000000000000000000000000000000001
  acc_nonce 0
  balance 100000
  code 37 96 0 96 0 96 0 96 0 96 0 115 64 0 0 0 0 0 0 0 0 0 0 0 0 0 0 0 0 0 0 4 98 15 66 64 242 0
 addr 0xa94f5374fce5edbc8e2a8697c15331677e6ebf0b
  acc_nonce 0
  balance 1100000
  code 0
 addr 0xb94f5374fce5edbc8e2a8697c15331677e6ebf0b
  acc_nonce 0
  balance 100000
  code 34 96 64 96 0 96 64 96 0 115 16 0 0 0 0 0 0 0 0 0 0 0 0 0 0 0 0 0 0 1 97 195 80 250 0
post
 addr 0x1000000000000000000000000000000000000001
  acc_nonce 0
  balance 100000
  code 6 96 1 96 1 85 0
 addr 0x2000000000000000000000000000000000000001
  acc_nonce 0
  balance 100000
  code 6 96 1 96 1 82 0
 addr 0x2adc25665018aa1fe0e6bc666dac8fc2697ff9ba
  acc_nonce 0
  balance 2000000000000095344
  code 0
 addr 0x3000000000000000000000000000000000000001
  acc_nonce 0
  balance 100000
  code 30 91 97 195 80 96 128 81 16 21 96 28 87 96 1 59 80 96 1 96 128 81 1 96 128 82 96 0 86 91 0
 addr 0x4000000000000000000000000000000000000001
  acc_nonce 0
  balance 100000
  code 36 96 0 96 0 96 0 96 0 96 0 115 64 0 0 0 0 0 0 0 0 0 0 0 0 0 0 0 0 0 0 4 97 3 232 242 0
 addr 0x4000000000000000000000000000000000000004
  acc_nonce 0
  balance 100000
  code 6 96 1 96 1 82 0
 addr 0x5000000000000000000000000000000000000001
  acc_nonce 0
  balance 100000
  code 37 96 0 96 0 96 0 96 0 96 0 115 64 0 0 0 0 0 0 0 0 0 0 0 0 0 0 0 0 0 0 4 98 15 66 64 242 0
 addr 0x6295ee1b4f6dd65047762f924ecd367c17eabf8f
  acc_nonce 1
  balance 0
  code 0
 addr 0xa94f5374fce5edbc8e2a8697c15331677e6ebf0b
  acc_nonce 1
  balance 1004656
  code 0
 addr 0xb94f5374fce5edbc8e2a8697c15331677e6ebf0b
  acc_nonce 0
  balance 100000
  code 34 96 64 96 0 96 64 96 0 115 16 0 0 0 0 0 0 0 0 0 0 0 0 0 0 0 0 0 0 1 97 195 80 250 0
blocks
 block 0
  coinbase 0x2adc25665018aa1fe0e6bc666dac8fc2697ff9ba
  height 1
  difficulty 131072
  gaslimit 100097655
  timestamp 1000
  tx 0
   from 0xa94f5374fce5edbc8e2a8697c15331677e6ebf0b
   nonce 0
   to 0x0000000000000000000000000000000000000000
   value 0
   gasprice 1
   gas 96000
   data 33 96 64 96 0 96 64 96 0 115 16 0 0 0 0 0 0 0 0 0 0 0 0 0 0 0 0 0 0 1 97 195 80 250
test static_contractCreationMakeCallThatAskMoreGasThenTransactionProvided_d1g0v0_Istanbul
pre
 addr 0x1000000000000000000000000000000000000001
  acc_nonce 0
  balance 100000
  code 6 96 1 96 1 85 0
 addr 0x2000000000000000000000000000000000000001
  acc_nonce 0
  balance 100000
  code 6 96 1 96 1 82 0
 addr 0x3000000000000000000000000000000000000001
  acc_nonce 0
  balance 100000
  code 30 91 97 195 80 96 128 81 16 21 96 28 87 96 1 59 80 96 1 96 128 81 1 96 128 82 96 0 86 91 0
 addr 0x4000000000000000000000000000000000000001
  acc_nonce 0
  balance 100000
  code 36 96 0 96 0 96 0 96 0 96 0 115 64 0 0 0 0 0 0 0 0 0 0 0 0 0 0 0 0 0 0 4 97 3 232 242 0
 addr 0x4000000000000000000000000000000000000004
  acc_nonce 0
  balance 100000
  code 6 96 1 96 1 82 0
 addr 0x5000000000000000000000000000000000000001
  acc_nonce 0
  balance 100000
  code 37 96 0 96 0 96 0 96 0 96 0 115 64 0 0 0 0 0 0 0 0 0 0 0 0 0 0 0 0 0 0 4 98 15 66 64 242 0
 addr 0xa94f5374fce5edbc8e2a8697c15331677e6ebf0b
  acc_nonce 0
  balance 1100000
  code 0
 addr 0xb94f5374fce5edbc8e2a8697c15331677e6ebf0b
  acc_nonce 0
  balance 100000
  code 34 96 64 96 0 96 64 96 0 115 16 0 0 0 0 0 0 0 0 0 0 0 0 0 0 0 0 0 0 1 97 195 80 250 0
post
 addr 0x1000000000000000000000000000000000000001
  acc_nonce 0
  balance 100000
  code 6 96 1 96 1 85 0
 addr 0x2000000000000000000000000000000000000001
  acc_nonce 0
  balance 100000
  code 6 96 1 96 1 82 0
 addr 0x2adc25665018aa1fe0e6bc666dac8fc2697ff9ba
  acc_nonce 0
  balance 2000000000000054027
  code 0
 addr 0x3000000000000000000000000000000000000001
  acc_nonce 0
  balance 100000
  code 30 91 97 195 80 96 128 81 16 21 96 28 87 96 1 59 80 96 1 96 128 81 1 96 128 82 96 0 86 91 0
 addr 0x4000000000000000000000000000000000000001
  acc_nonce 0
  balance 100000
  code 36 96 0 96 0 96 0 96 0 96 0 115 64 0 0 0 0 0 0 0 0 0 0 0 0 0 0 0 0 0 0 4 97 3 232 242 0
 addr 0x4000000000000000000000000000000000000004
  acc_nonce 0
  balance 100000
  code 6 96 1 96 1 82 0
 addr 0x5000000000000000000000000000000000000001
  acc_nonce 0
  balance 100000
  code 37 96 0 96 0 96 0 96 0 96 0 115 64 0 0 0 0 0 0 0 0 0 0 0 0 0 0 0 0 0 0 4 98 15 66 64 242 0
 addr 0x6295ee1b4f6dd65047762f924ecd367c17eabf8f
  acc_nonce 1
  balance 0
  code 0
 addr 0xa94f5374fce5edbc8e2a8697c15331677e6ebf0b
  acc_nonce 1
  balance 1045973
  code 0
 addr 0xb94f5374fce5edbc8e2a8697c15331677e6ebf0b
  acc_nonce 0
  balance 100000
  code 34 96 64 96 0 96 64 96 0 115 16 0 0 0 0 0 0 0 0 0 0 0 0 0 0 0 0 0 0 1 97 195 80 250 0
blocks
 block 0
  coinbase 0x2adc25665018aa1fe0e6bc666dac8fc2697ff9ba
  height 1
  difficulty 131072
  gaslimit 100097655
  timestamp 1000
  tx 0
   from 0xa94f5374fce5edbc8e2a8697c15331677e6ebf0b
   nonce 0
   to 0x0000000000000000000000000000000000000000
   value 0
   gasprice 1
   gas 96000
   data 33 96 64 96 0 96 64 96 0 115 32 0 0 0 0 0 0 0 0 0 0 0 0 0 0 0 0 0 0 1 97 195 80 250
test static_contractCreationMakeCallThatAskMoreGasThenTransactionProvided_d2g0v0_Istanbul
pre
 addr 0x1000000000000000000000000000000000000001
  acc_nonce 0
  balance 100000
  code 6 96 1 96 1 85 0
 addr 0x2000000000000000000000000000000000000001
  acc_nonce 0
  balance 100000
  code 6 96 1 96 1 82 0
 addr 0x3000000000000000000000000000000000000001
  acc_nonce 0
  balance 100000
  code 30 91 97 195 80 96 128 81 16 21 96 28 87 96 1 59 80 96 1 96 128 81 1 96 128 82 96 0 86 91 0
 addr 0x4000000000000000000000000000000000000001
  acc_nonce 0
  balance 100000
  code 36 96 0 96 0 96 0 96 0 96 0 115 64 0 0 0 0 0 0 0 0 0 0 0 0 0 0 0 0 0 0 4 97 3 232 242 0
 addr 0x4000000000000000000000000000000000000004
  acc_nonce 0
  balance 100000
  code 6 96 1 96 1 82 0
 addr 0x5000000000000000000000000000000000000001
  acc_nonce 0
  balance 100000
  code 37 96 0 96 0 96 0 96 0 96 0 115 64 0 0 0 0 0 0 0 0 0 0 0 0 0 0 0 0 0 0 4 98 15 66 64 242 0
 addr 0xa94f5374fce5edbc8e2a8697c15331677e6ebf0b
  acc_nonce 0
  balance 1100000
  code 0
 addr 0xb94f5374fce5edbc8e2a8697c15331677e6ebf0b
  acc_nonce 0
  balance 100000
  code 34 96 64 96 0 96 64 96 0 115 16 0 0 0 0 0 0 0 0 0 0 0 0 0 0 0 0 0 0 1 97 195 80 250 0
post
 addr 0x1000000000000000000000000000000000000001
  acc_nonce 0
  balance 100000
  code 6 96 1 96 1 85 0
 addr 0x2000000000000000000000000000000000000001
  acc_nonce 0
  balance 100000
  code 6 96 1 96 1 82 0
 addr 0x2adc25665018aa1fe0e6bc666dac8fc2697ff9ba
  acc_nonce 0
  balance 2000000000000095344
  code 0
 addr 0x3000000000000000000000000000000000000001
  acc_nonce 0
  balance 100000
  code 30 91 97 195 80 96 128 81 16 21 96 28 87 96 1 59 80 96 1 96 128 81 1 96 128 82 96 0 86 91 0
 addr 0x4000000000000000000000000000000000000001
  acc_nonce 0
  balance 100000
  code 36 96 0 96 0 96 0 96 0 96 0 115 64 0 0 0 0 0 0 0 0 0 0 0 0 0 0 0 0 0 0 4 97 3 232 242 0
 addr 0x4000000000000000000000000000000000000004
  acc_nonce 0
  balance 100000
  code 6 96 1 96 1 82 0
 addr 0x5000000000000000000000000000000000000001
  acc_nonce 0
  balance 100000
  code 37 96 0 96 0 96 0 96 0 96 0 115 64 0 0 0 0 0 0 0 0 0 0 0 0 0 0 0 0 0 0 4 98 15 66 64 242 0
 addr 0x6295ee1b4f6dd65047762f924ecd367c17eabf8f
  acc_nonce 1
  balance 0
  code 0
 addr 0xa94f5374fce5edbc8e2a8697c15331677e6ebf0b
  acc_nonce 1
  balance 1004656
  code 0
 addr 0xb94f5374fce5edbc8e2a8697c15331677e6ebf0b
  acc_nonce 0
  balance 100000
  code 34 96 64 96 0 96 64 96 0 115 16 0 0 0 0 0 0 0 0 0 0 0 0 0 0 0 0 0 0 1 97 195 80 250 0
blocks
 block 0
  coinbase 0x2adc25665018aa1fe0e6bc666dac8fc2697ff9ba
  height 1
  difficulty 131072
  gaslimit 100097655
  timestamp 1000
  tx 0
   from 0xa94f5374fce5edbc8e2a8697c15331677e6ebf0b
   nonce 0
   to 0x0000000000000000000000000000000000000000
   value 0
   gasprice 1
   gas 96000
   data 33 96 64 96 0 96 64 96 0 115 48 0 0 0 0 0 0 0 0 0 0 0 0 0 0 0 0 0 0 1 97 195 80 250
test static_contractCreationMakeCallThatAskMoreGasThenTransactionProvided_d3g0v0_Istanbul
pre
 addr 0x1000000000000000000000000000000000000001
  acc_nonce 0
  balance 100000
  code 6 96 1 96 1 85 0
 addr 0x2000000000000000000000000000000000000001
  acc_nonce 0
  balance 100000
  code 6 96 1 96 1 82 0
 addr 0x3000000000000000000000000000000000000001
  acc_nonce 0
  balance 100000
  code 30 91 97 195 80 96 128 81 16 21 96 28 87 96 1 59 80 96 1 96 128 81 1 96 128 82 96 0 86 91 0
 addr 0x4000000000000000000000000000000000000001
  acc_nonce 0
  balance 100000
  code 36 96 0 96 0 96 0 96 0 96 0 115 64 0 0 0 0 0 0 0 0 0 0 0 0 0 0 0 0 0 0 4 97 3 232 242 0
 addr 0x4000000000000000000000000000000000000004
  acc_nonce 0
  balance 100000
  code 6 96 1 96 1 82 0
 addr 0x5000000000000000000000000000000000000001
  acc_nonce 0
  balance 100000
  code 37 96 0 96 0 96 0 96 0 96 0 115 64 0 0 0 0 0 0 0 0 0 0 0 0 0 0 0 0 0 0 4 98 15 66 64 242 0
 addr 0xa94f5374fce5edbc8e2a8697c15331677e6ebf0b
  acc_nonce 0
  balance 1100000
  code 0
 addr 0xb94f5374fce5edbc8e2a8697c15331677e6ebf0b
  acc_nonce 0
  balance 100000
  code 34 96 64 96 0 96 64 96 0 115 16 0 0 0 0 0 0 0 0 0 0 0 0 0 0 0 0 0 0 1 97 195 80 250 0
post
 addr 0x1000000000000000000000000000000000000001
  acc_nonce 0
  balance 100000
  code 6 96 1 96 1 85 0
 addr 0x2000000000000000000000000000000000000001
  acc_nonce 0
  balance 100000
  code 6 96 1 96 1 82 0
 addr 0x2adc25665018aa1fe0e6bc666dac8fc2697ff9ba
  acc_nonce 0
  balance 2000000000000054748
  code 0
 addr 0x3000000000000000000000000000000000000001
  acc_nonce 0
  balance 100000
  code 30 91 97 195 80 96 128 81 16 21 96 28 87 96 1 59 80 96 1 96 128 81 1 96 128 82 96 0 86 91 0
 addr 0x4000000000000000000000000000000000000001
  acc_nonce 0
  balance 100000
  code 36 96 0 96 0 96 0 96 0 96 0 115 64 0 0 0 0 0 0 0 0 0 0 0 0 0 0 0 0 0 0 4 97 3 232 242 0
 addr 0x4000000000000000000000000000000000000004
  acc_nonce 0
  balance 100000
  code 6 96 1 96 1 82 0
 addr 0x5000000000000000000000000000000000000001
  acc_nonce 0
  balance 100000
  code 37 96 0 96 0 96 0 96 0 96 0 115 64 0 0 0 0 0 0 0 0 0 0 0 0 0 0 0 0 0 0 4 98 15 66 64 242 0
 addr 0x6295ee1b4f6dd65047762f924ecd367c17eabf8f
  acc_nonce 1
  balance 0
  code 0
 addr 0xa94f5374fce5edbc8e2a8697c15331677e6ebf0b
  acc_nonce 1
  balance 1045252
  code 0
 addr 0xb94f5374fce5edbc8e2a8697c15331677e6ebf0b
  acc_nonce 0
  balance 100000
  code 34 96 64 96 0 96 64 96 0 115 16 0 0 0 0 0 0 0 0 0 0 0 0 0 0 0 0 0 0 1 97 195 80 250 0
blocks
 block 0
  coinbase 0x2adc25665018aa1fe0e6bc666dac8fc2697ff9ba
  height 1
  difficulty 131072
  gaslimit 100097655
  timestamp 1000
  tx 0
   from 0xa94f5374fce5edbc8e2a8697c15331677e6ebf0b
   nonce 0
   to 0x0000000000000000000000000000000000000000
   value 0
   gasprice 1
   gas 96000
   data 33 96 64 96 0 96 64 96 0 115 64 0 0 0 0 0 0 0 0 0 0 0 0 0 0 0 0 0 0 1 97 195 80 250
