test static_callCreate3_d0g0v0_Istanbul
pre
 addr 0x1000000000000000000000000000000000000000
  acc_nonce 0
  balance 1000000000000000000
  code 60 118 109 96 0 96 0 96 0 96 0 48 98 1 134 160 250 96 0 82 96 14 96 18 243 96 0 82 96 23 96 9 96 1 240 96 0 85 96 0 96 0 96 0 96 0 96 0 84 97 117 48 250 96 1 85 90 96 2 85 0
 addr 0xa000000000000000000000000000000000000000
  acc_nonce 0
  balance 1000000000000000000
  code 19 96 0 96 0 96 0 96 0 96 0 96 0 53 98 9 39 192 241 0
 addr 0xa94f5374fce5edbc8e2a8697c15331677e6ebf0b
  acc_nonce 0
  balance 1000000000000000000
  code 0
post
 addr 0x1000000000000000000000000000000000000000
  acc_nonce 1
  balance 999999999999999999
  code 60 118 109 96 0 96 0 96 0 96 0 48 98 1 134 160 250 96 0 82 96 14 96 18 243 96 0 82 96 23 96 9 96 1 240 96 0 85 96 0 96 0 96 0 96 0 96 0 84 97 117 48 250 96 1 85 90 96 2 85 0
   kv 0x0000000000000000000000000000000000000000000000000000000000000000 0x00000000000000000000000013136008b64ff592819b2fa6d43f2835c452020e
   kv 0x0000000000000000000000000000000000000000000000000000000000000001 0x0000000000000000000000000000000000000000000000000000000000000001
   kv 0x0000000000000000000000000000000000000000000000000000000000000002 0x000000000000000000000000000000000000000000000000000000000007a2d4
 addr 0x13136008b64ff592819b2fa6d43f2835c452020e
  acc_nonce 1
  balance 1
  code 14 96 0 96 0 96 0 96 0 48 98 1 134 160 250
 addr 0x2adc25665018aa1fe0e6bc666dac8fc2697ff9ba
  acc_nonce 0
  balance 2000000000000141431
  code 0
 addr 0xa000000000000000000000000000000000000000
  acc_nonce 0
  balance 1000000000000100000
  code 19 96 0 96 0 96 0 96 0 96 0 96 0 53 98 9 39 192 241 0
 addr 0xa94f5374fce5edbc8e2a8697c15331677e6ebf0b
  acc_nonce 1
  balance 999999999999758569
  code 0
blocks
 block 0
  coinbase 0x2adc25665018aa1fe0e6bc666dac8fc2697ff9ba
  height 1
  difficulty 131072
  gaslimit 10009764
  timestamp 1000
  tx 0
   from 0xa94f5374fce5edbc8e2a8697c15331677e6ebf0b
   nonce 0
   to 0xa000000000000000000000000000000000000000
   value 100000
   gasprice 1
   gas 1000000
   data 32 0 0 0 0 0 0 0 0 0 0 0 0 16 0 0 0 0 0 0 0 0 0 0 0 0 0 0 0 0 0 0 0
