test static_callcallcodecallcode_011_d0g0v0_Istanbul
pre
 addr 0x1000000000000000000000000000000000000000
  acc_nonce 0
  balance 1000000000000000000
  code 42 96 64 96 0 96 64 96 0 115 16 0 0 0 0 0 0 0 0 0 0 0 0 0 0 0 0 0 0 1 98 5 87 48 250 96 0 85 90 96 1 85 0
 addr 0x1000000000000000000000000000000000000001
  acc_nonce 0
  balance 1000000000000000000
  code 46 96 1 96 1 82 96 64 96 0 96 64 96 0 115 16 0 0 0 0 0 0 0 0 0 0 0 0 0 0 0 0 0 0 2 98 4 147 224 244 80 96 1 96 1 82 0
 addr 0x1000000000000000000000000000000000000002
  acc_nonce 0
  balance 1000000000000000000
  code 46 96 1 96 11 82 96 64 96 0 96 64 96 0 115 16 0 0 0 0 0 0 0 0 0 0 0 0 0 0 0 0 0 0 3 98 3 208 144 244 80 96 1 96 11 82 0
 addr 0x1000000000000000000000000000000000000003
  acc_nonce 0
  balance 0
  code 6 96 1 96 1 82 0
 addr 0xa94f5374fce5edbc8e2a8697c15331677e6ebf0b
  acc_nonce 0
  balance 1000000000000000000
  code 0
post
 addr 0x1000000000000000000000000000000000000000
  acc_nonce 0
  balance 1000000000000000000
  code 42 96 64 96 0 96 64 96 0 115 16 0 0 0 0 0 0 0 0 0 0 0 0 0 0 0 0 0 0 1 98 5 87 48 250 96 0 85 90 96 1 85 0
   kv 0x0000000000000000000000000000000000000000000000000000000000000000 0x0000000000000000000000000000000000000000000000000000000000000001
   kv 0x0000000000000000000000000000000000000000000000000000000000000001 0x00000000000000000000000000000000000000000000000000000000002d1de0
 addr 0x1000000000000000000000000000000000000001
  acc_nonce 0
  balance 1000000000000000000
  code 46 96 1 96 1 82 96 64 96 0 96 64 96 0 115 16 0 0 0 0 0 0 0 0 0 0 0 0 0 0 0 0 0 0 2 98 4 147 224 244 80 96 1 96 1 82 0
 addr 0x1000000000000000000000000000000000000002
  acc_nonce 0
  balance 1000000000000000000
  code 46 96 1 96 11 82 96 64 96 0 96 64 96 0 115 16 0 0 0 0 0 0 0 0 0 0 0 0 0 0 0 0 0 0 3 98 3 208 144 244 80 96 1 96 11 82 0
 addr 0x1000000000000000000000000000000000000003
  acc_nonce 0
  balance 0
  code 6 96 1 96 1 82 0
 addr 0x2adc25665018aa1fe0e6bc666dac8fc2697ff9ba
  acc_nonce 0
  balance 2000000000000063235
  code 0
 addr 0xa94f5374fce5edbc8e2a8697c15331677e6ebf0b
  acc_nonce 1
  balance 999999999999936765
  code 0
blocks
 block 0
  coinbase 0x2adc25665018aa1fe0e6bc666dac8fc2697ff9ba
  height 1
  difficulty 131072
  gaslimit 30029295
  timestamp 1000
  tx 0
   from 0xa94f5374fce5edbc8e2a8697c15331677e6ebf0b
   nonce 0
   to 0x1000000000000000000000000000000000000000
   value 0
   gasprice 1
   gas 3000000
   data 0
