test static_CallRecursiveBomb3_d0g0v0_Istanbul
pre
 addr 0x095e7baea6a6c7c4c2dfeb977efac326af552d87
  acc_nonce 0
  balance 20000000
  code 24 96 1 96 0 84 1 96 0 82 96 0 96 0 96 0 96 0 48 96 224 90 3 250 0
 addr 0x195e7baea6a6c7c4c2dfeb977efac326af552d87
  acc_nonce 0
  balance 20000000
  code 46 96 0 96 0 96 0 96 0 96 0 115 9 94 123 174 166 166 199 196 194 223 235 151 126 250 195 38 175 85 45 135 98 1 134 160 90 3 242 96 0 85 90 96 1 85 0
 addr 0xa94f5374fce5edbc8e2a8697c15331677e6ebf0b
  acc_nonce 0
  balance 1000000000000000000
  code 0
post
 addr 0x095e7baea6a6c7c4c2dfeb977efac326af552d87
  acc_nonce 0
  balance 20000000
  code 24 96 1 96 0 84 1 96 0 82 96 0 96 0 96 0 96 0 48 96 224 90 3 250 0
 addr 0x195e7baea6a6c7c4c2dfeb977efac326af552d87
  acc_nonce 0
  balance 20100000
  code 46 96 0 96 0 96 0 96 0 96 0 115 9 94 123 174 166 166 199 196 194 223 235 151 126 250 195 38 175 85 45 135 98 1 134 160 90 3 242 96 0 85 90 96 1 85 0
   kv 0x0000000000000000000000000000000000000000000000000000000000000000 0x0000000000000000000000000000000000000000000000000000000000000001
   kv 0x0000000000000000000000000000000000000000000000000000000000000001 0x0000000000000000000000000000000000000000000000000000000000016b49
 addr 0x2adc25665018aa1fe0e6bc666dac8fc2697ff9ba
  acc_nonce 0
  balance 2000000000000927002
  code 0
 addr 0xa94f5374fce5edbc8e2a8697c15331677e6ebf0b
  acc_nonce 1
  balance 999999999998972998
  code 0
blocks
 block 0
  coinbase 0x2adc25665018aa1fe0e6bc666dac8fc2697ff9ba
  height 1
  difficulty 131072
  gaslimit 10009764
  timestamp 1000
  tx 0
   from 0xa94f5374fce5edbc8e2a8697c15331677e6ebf0b
   nonce 0
   to 0x195e7baea6a6c7c4c2dfeb977efac326af552d87
   value 100000
   gasprice 1
   gas 1000000
   data 0
