test static_callcodecallcallcode_ABCB_RECURSIVE2_d0g0v0_Istanbul
pre
 addr 0x1000000000000000000000000000000000000000
  acc_nonce 0
  balance 1000000000000000000
  code 26 96 64 96 0 96 64 96 0 52 96 0 53 99 1 125 120 64 242 96 0 85 90 96 1 85 0
 addr 0x1000000000000000000000000000000000000001
  acc_nonce 0
  balance 10000000000
  code 35 96 64 96 0 96 64 96 0 115 16 0 0 0 0 0 0 0 0 0 0 0 0 0 0 0 0 0 0 2 98 15 66 64 250 0
 addr 0x1000000000000000000000000000000000000002
  acc_nonce 0
  balance 10000000000
  code 37 96 64 96 0 96 64 96 0 96 0 115 16 0 0 0 0 0 0 0 0 0 0 0 0 0 0 0 0 0 0 1 98 7 161 32 242 0
 addr 0x2000000000000000000000000000000000000001
  acc_nonce 0
  balance 10000000000
  code 35 96 64 96 0 96 64 96 0 115 32 0 0 0 0 0 0 0 0 0 0 0 0 0 0 0 0 0 0 2 98 15 66 64 250 0
 addr 0x2000000000000000000000000000000000000002
  acc_nonce 0
  balance 10000000000
  code 37 96 64 96 0 96 64 96 0 96 1 115 32 0 0 0 0 0 0 0 0 0 0 0 0 0 0 0 0 0 0 1 98 7 161 32 242 0
 addr 0xa94f5374fce5edbc8e2a8697c15331677e6ebf0b
  acc_nonce 0
  balance 1000000000000000000
  code 0
post
 addr 0x1000000000000000000000000000000000000000
  acc_nonce 0
  balance 1000000000000000000
  code 26 96 64 96 0 96 64 96 0 52 96 0 53 99 1 125 120 64 242 96 0 85 90 96 1 85 0
   kv 0x0000000000000000000000000000000000000000000000000000000000000000 0x0000000000000000000000000000000000000000000000000000000000000001
   kv 0x0000000000000000000000000000000000000000000000000000000000000001 0x0000000000000000000000000000000000000000000000000000000001c75bdb
 addr 0x1000000000000000000000000000000000000001
  acc_nonce 0
  balance 10000000000
  code 35 96 64 96 0 96 64 96 0 115 16 0 0 0 0 0 0 0 0 0 0 0 0 0 0 0 0 0 0 2 98 15 66 64 250 0
 addr 0x1000000000000000000000000000000000000002
  acc_nonce 0
  balance 10000000000
  code 37 96 64 96 0 96 64 96 0 96 0 115 16 0 0 0 0 0 0 0 0 0 0 0 0 0 0 0 0 0 0 1 98 7 161 32 242 0
 addr 0x2000000000000000000000000000000000000001
  acc_nonce 0
  balance 10000000000
  code 35 96 64 96 0 96 64 96 0 115 32 0 0 0 0 0 0 0 0 0 0 0 0 0 0 0 0 0 0 2 98 15 66 64 250 0
 addr 0x2000000000000000000000000000000000000002
  acc_nonce 0
  balance 10000000000
  code 37 96 64 96 0 96 64 96 0 96 1 115 32 0 0 0 0 0 0 0 0 0 0 0 0 0 0 0 0 0 0 1 98 7 161 32 242 0
 addr 0x2adc25665018aa1fe0e6bc666dac8fc2697ff9ba
  acc_nonce 0
  balance 2000000000000177608
  code 0
 addr 0xa94f5374fce5edbc8e2a8697c15331677e6ebf0b
  acc_nonce 1
  balance 999999999999822392
  code 0
blocks
 block 0
  coinbase 0x2adc25665018aa1fe0e6bc666dac8fc2697ff9ba
  height 1
  difficulty 131072
  gaslimit 3002929686
  timestamp 1000
  tx 0
   from 0xa94f5374fce5edbc8e2a8697c15331677e6ebf0b
   nonce 0
   to 0x1000000000000000000000000000000000000000
   value 0
   gasprice 1
   gas 30000000
   data 32 0 0 0 0 0 0 0 0 0 0 0 0 16 0 0 0 0 0 0 0 0 0 0 0 0 0 0 0 0 0 0 1
test static_callcodecallcallcode_ABCB_RECURSIVE2_d0g0v1_Istanbul
pre
 addr 0x1000000000000000000000000000000000000000
  acc_nonce 0
  balance 1000000000000000000
  code 26 96 64 96 0 96 64 96 0 52 96 0 53 99 1 125 120 64 242 96 0 85 90 96 1 85 0
 addr 0x1000000000000000000000000000000000000001
  acc_nonce 0
  balance 10000000000
  code 35 96 64 96 0 96 64 96 0 115 16 0 0 0 0 0 0 0 0 0 0 0 0 0 0 0 0 0 0 2 98 15 66 64 250 0
 addr 0x1000000000000000000000000000000000000002
  acc_nonce 0
  balance 10000000000
  code 37 96 64 96 0 96 64 96 0 96 0 115 16 0 0 0 0 0 0 0 0 0 0 0 0 0 0 0 0 0 0 1 98 7 161 32 242 0
 addr 0x2000000000000000000000000000000000000001
  acc_nonce 0
  balance 10000000000
  code 35 96 64 96 0 96 64 96 0 115 32 0 0 0 0 0 0 0 0 0 0 0 0 0 0 0 0 0 0 2 98 15 66 64 250 0
 addr 0x2000000000000000000000000000000000000002
  acc_nonce 0
  balance 10000000000
  code 37 96 64 96 0 96 64 96 0 96 1 115 32 0 0 0 0 0 0 0 0 0 0 0 0 0 0 0 0 0 0 1 98 7 161 32 242 0
 addr 0xa94f5374fce5edbc8e2a8697c15331677e6ebf0b
  acc_nonce 0
  balance 1000000000000000000
  code 0
post
 addr 0x1000000000000000000000000000000000000000
  acc_nonce 0
  balance 1000000000000000001
  code 26 96 64 96 0 96 64 96 0 52 96 0 53 99 1 125 120 64 242 96 0 85 90 96 1 85 0
   kv 0x0000000000000000000000000000000000000000000000000000000000000000 0x0000000000000000000000000000000000000000000000000000000000000001
   kv 0x0000000000000000000000000000000000000000000000000000000000000001 0x0000000000000000000000000000000000000000000000000000000001c741af
 addr 0x1000000000000000000000000000000000000001
  acc_nonce 0
  balance 10000000000
  code 35 96 64 96 0 96 64 96 0 115 16 0 0 0 0 0 0 0 0 0 0 0 0 0 0 0 0 0 0 2 98 15 66 64 250 0
 addr 0x1000000000000000000000000000000000000002
  acc_nonce 0
  balance 10000000000
  code 37 96 64 96 0 96 64 96 0 96 0 115 16 0 0 0 0 0 0 0 0 0 0 0 0 0 0 0 0 0 0 1 98 7 161 32 242 0
 addr 0x2000000000000000000000000000000000000001
  acc_nonce 0
  balance 10000000000
  code 35 96 64 96 0 96 64 96 0 115 32 0 0 0 0 0 0 0 0 0 0 0 0 0 0 0 0 0 0 2 98 15 66 64 250 0
 addr 0x2000000000000000000000000000000000000002
  acc_nonce 0
  balance 10000000000
  code 37 96 64 96 0 96 64 96 0 96 1 115 32 0 0 0 0 0 0 0 0 0 0 0 0 0 0 0 0 0 0 1 98 7 161 32 242 0
 addr 0x2adc25665018aa1fe0e6bc666dac8fc2697ff9ba
  acc_nonce 0
  balance 2000000000000184308
  code 0
 addr 0xa94f5374fce5edbc8e2a8697c15331677e6ebf0b
  acc_nonce 1
  balance 999999999999815691
  code 0
blocks
 block 0
  coinbase 0x2adc25665018aa1fe0e6bc666dac8fc2697ff9ba
  height 1
  difficulty 131072
  gaslimit 3002929686
  timestamp 1000
  tx 0
   from 0xa94f5374fce5edbc8e2a8697c15331677e6ebf0b
   nonce 0
   to 0x1000000000000000000000000000000000000000
   value 1
   gasprice 1
   gas 30000000
   data 32 0 0 0 0 0 0 0 0 0 0 0 0 16 0 0 0 0 0 0 0 0 0 0 0 0 0 0 0 0 0 0 1
test static_callcodecallcallcode_ABCB_RECURSIVE2_d1g0v0_Istanbul
pre
 addr 0x1000000000000000000000000000000000000000
  acc_nonce 0
  balance 1000000000000000000
  code 26 96 64 96 0 96 64 96 0 52 96 0 53 99 1 125 120 64 242 96 0 85 90 96 1 85 0
 addr 0x1000000000000000000000000000000000000001
  acc_nonce 0
  balance 10000000000
  code 35 96 64 96 0 96 64 96 0 115 16 0 0 0 0 0 0 0 0 0 0 0 0 0 0 0 0 0 0 2 98 15 66 64 250 0
 addr 0x1000000000000000000000000000000000000002
  acc_nonce 0
  balance 10000000000
  code 37 96 64 96 0 96 64 96 0 96 0 115 16 0 0 0 0 0 0 0 0 0 0 0 0 0 0 0 0 0 0 1 98 7 161 32 242 0
 addr 0x2000000000000000000000000000000000000001
  acc_nonce 0
  balance 10000000000
  code 35 96 64 96 0 96 64 96 0 115 32 0 0 0 0 0 0 0 0 0 0 0 0 0 0 0 0 0 0 2 98 15 66 64 250 0
 addr 0x2000000000000000000000000000000000000002
  acc_nonce 0
  balance 10000000000
  code 37 96 64 96 0 96 64 96 0 96 1 115 32 0 0 0 0 0 0 0 0 0 0 0 0 0 0 0 0 0 0 1 98 7 161 32 242 0
 addr 0xa94f5374fce5edbc8e2a8697c15331677e6ebf0b
  acc_nonce 0
  balance 1000000000000000000
  code 0
post
 addr 0x1000000000000000000000000000000000000000
  acc_nonce 0
  balance 1000000000000000000
  code 26 96 64 96 0 96 64 96 0 52 96 0 53 99 1 125 120 64 242 96 0 85 90 96 1 85 0
   kv 0x0000000000000000000000000000000000000000000000000000000000000000 0x0000000000000000000000000000000000000000000000000000000000000001
   kv 0x0000000000000000000000000000000000000000000000000000000000000001 0x0000000000000000000000000000000000000000000000000000000001c4b9a7
 addr 0x1000000000000000000000000000000000000001
  acc_nonce 0
  balance 10000000000
  code 35 96 64 96 0 96 64 96 0 115 16 0 0 0 0 0 0 0 0 0 0 0 0 0 0 0 0 0 0 2 98 15 66 64 250 0
 addr 0x1000000000000000000000000000000000000002
  acc_nonce 0
  balance 10000000000
  code 37 96 64 96 0 96 64 96 0 96 0 115 16 0 0 0 0 0 0 0 0 0 0 0 0 0 0 0 0 0 0 1 98 7 161 32 242 0
 addr 0x2000000000000000000000000000000000000001
  acc_nonce 0
  balance 10000000000
  code 35 96 64 96 0 96 64 96 0 115 32 0 0 0 0 0 0 0 0 0 0 0 0 0 0 0 0 0 0 2 98 15 66 64 250 0
 addr 0x2000000000000000000000000000000000000002
  acc_nonce 0
  balance 10000000000
  code 37 96 64 96 0 96 64 96 0 96 1 115 32 0 0 0 0 0 0 0 0 0 0 0 0 0 0 0 0 0 0 1 98 7 161 32 242 0
 addr 0x2adc25665018aa1fe0e6bc666dac8fc2697ff9ba
  acc_nonce 0
  balance 2000000000000350204
  code 0
 addr 0xa94f5374fce5edbc8e2a8697c15331677e6ebf0b
  acc_nonce 1
  balance 999999999999649796
  code 0
blocks
 block 0
  coinbase 0x2adc25665018aa1fe0e6bc666dac8fc2697ff9ba
  height 1
  difficulty 131072
  gaslimit 3002929686
  timestamp 1000
  tx 0
   from 0xa94f5374fce5edbc8e2a8697c15331677e6ebf0b
   nonce 0
   to 0x1000000000000000000000000000000000000000
   value 0
   gasprice 1
   gas 30000000
   data 32 0 0 0 0 0 0 0 0 0 0 0 0 32 0 0 0 0 0 0 0 0 0 0 0 0 0 0 0 0 0 0 1
test static_callcodecallcallcode_ABCB_RECURSIVE2_d1g0v1_Istanbul
pre
 addr 0x1000000000000000000000000000000000000000
  acc_nonce 0
  balance 1000000000000000000
  code 26 96 64 96 0 96 64 96 0 52 96 0 53 99 1 125 120 64 242 96 0 85 90 96 1 85 0
 addr 0x1000000000000000000000000000000000000001
  acc_nonce 0
  balance 10000000000
  code 35 96 64 96 0 96 64 96 0 115 16 0 0 0 0 0 0 0 0 0 0 0 0 0 0 0 0 0 0 2 98 15 66 64 250 0
 addr 0x1000000000000000000000000000000000000002
  acc_nonce 0
  balance 10000000000
  code 37 96 64 96 0 96 64 96 0 96 0 115 16 0 0 0 0 0 0 0 0 0 0 0 0 0 0 0 0 0 0 1 98 7 161 32 242 0
 addr 0x2000000000000000000000000000000000000001
  acc_nonce 0
  balance 10000000000
  code 35 96 64 96 0 96 64 96 0 115 32 0 0 0 0 0 0 0 0 0 0 0 0 0 0 0 0 0 0 2 98 15 66 64 250 0
 addr 0x2000000000000000000000000000000000000002
  acc_nonce 0
  balance 10000000000
  code 37 96 64 96 0 96 64 96 0 96 1 115 32 0 0 0 0 0 0 0 0 0 0 0 0 0 0 0 0 0 0 1 98 7 161 32 242 0
 addr 0xa94f5374fce5edbc8e2a8697c15331677e6ebf0b
  acc_nonce 0
  balance 1000000000000000000
  code 0
post
 addr 0x1000000000000000000000000000000000000000
  acc_nonce 0
  balance 1000000000000000001
  code 26 96 64 96 0 96 64 96 0 52 96 0 53 99 1 125 120 64 242 96 0 85 90 96 1 85 0
   kv 0x0000000000000000000000000000000000000000000000000000000000000000 0x0000000000000000000000000000000000000000000000000000000000000001
   kv 0x0000000000000000000000000000000000000000000000000000000000000001 0x0000000000000000000000000000000000000000000000000000000001c49f7b
 addr 0x1000000000000000000000000000000000000001
  acc_nonce 0
  balance 10000000000
  code 35 96 64 96 0 96 64 96 0 115 16 0 0 0 0 0 0 0 0 0 0 0 0 0 0 0 0 0 0 2 98 15 66 64 250 0
 addr 0x1000000000000000000000000000000000000002
  acc_nonce 0
  balance 10000000000
  code 37 96 64 96 0 96 64 96 0 96 0 115 16 0 0 0 0 0 0 0 0 0 0 0 0 0 0 0 0 0 0 1 98 7 161 32 242 0
 addr 0x2000000000000000000000000000000000000001
  acc_nonce 0
  balance 10000000000
  code 35 96 64 96 0 96 64 96 0 115 32 0 0 0 0 0 0 0 0 0 0 0 0 0 0 0 0 0 0 2 98 15 66 64 250 0
 addr 0x2000000000000000000000000000000000000002
  acc_nonce 0
  balance 10000000000
  code 37 96 64 96 0 96 64 96 0 96 1 115 32 0 0 0 0 0 0 0 0 0 0 0 0 0 0 0 0 0 0 1 98 7 161 32 242 0
 addr 0x2adc25665018aa1fe0e6bc666dac8fc2697ff9ba
  acc_nonce 0
  balance 2000000000000356904
  code 0
 addr 0xa94f5374fce5edbc8e2a8697c15331677e6ebf0b
  acc_nonce 1
  balance 999999999999643095
  code 0
blocks
 block 0
  coinbase 0x2adc25665018aa1fe0e6bc666dac8fc2697ff9ba
  height 1
  difficulty 131072
  gaslimit 3002929686
  timestamp 1000
  tx 0
   from 0xa94f5374fce5edbc8e2a8697c15331677e6ebf0b
   nonce 0
   to 0x1000000000000000000000000000000000000000
   value 1
   gasprice 1
   gas 30000000
   data 32 0 0 0 0 0 0 0 0 0 0 0 0 32 0 0 0 0 0 0 0 0 0 0 0 0 0 0 0 0 0 0 1
