test static_CallRecursiveBombPreCall2_d0g0v0_Istanbul
pre
 addr 0x095e7baea6a6c7c4c2dfeb977efac326af552d87
  acc_nonce 0
  balance 21267647932558653966460912964485513215
  code 82 96 0 96 0 96 0 96 0 115 186 211 4 235 150 6 91 42 152 181 122 72 160 106 226 141 40 90 113 181 98 1 134 160 250 80 96 0 96 0 96 0 96 0 115 148 83 4 235 150 6 91 42 152 181 122 72 160 106 226 141 40 90 113 181 103 7 255 255 255 255 255 255 255 250 96 0 85 90 96 1 85 0
 addr 0x945304eb96065b2a98b57a48a06ae28d285a71b5
  acc_nonce 0
  balance 1000000000000000000
  code 26 96 1 96 0 81 1 96 0 82 96 0 96 0 96 0 96 0 48 98 3 107 0 90 3 250 0
 addr 0xa94f5374fce5edbc8e2a8697c15331677e6ebf0b
  acc_nonce 0
  balance 21267647932558653966460912964485513215
  code 0
post
 addr 0x095e7baea6a6c7c4c2dfeb977efac326af552d87
  acc_nonce 0
  balance 21267647932558653966460912964485513215
  code 82 96 0 96 0 96 0 96 0 115 186 211 4 235 150 6 91 42 152 181 122 72 160 106 226 141 40 90 113 181 98 1 134 160 250 80 96 0 96 0 96 0 96 0 115 148 83 4 235 150 6 91 42 152 181 122 72 160 106 226 141 40 90 113 181 103 7 255 255 255 255 255 255 255 250 96 0 85 90 96 1 85 0
   kv 0x0000000000000000000000000000000000000000000000000000000000000000 0x0000000000000000000000000000000000000000000000000000000000000001
   kv 0x0000000000000000000000000000000000000000000000000000000000000001 0x0000000000000000000000000000000000000000000000007fdffffffff3be36
 addr 0x2adc25665018aa1fe0e6bc666dac8fc2697ff9ba
  acc_nonce 0
  balance 2000000000000823278
  code 0
 addr 0x945304eb96065b2a98b57a48a06ae28d285a71b5
  acc_nonce 0
  balance 1000000000000000000
  code 26 96 1 96 0 81 1 96 0 82 96 0 96 0 96 0 96 0 48 98 3 107 0 90 3 250 0
 addr 0xa94f5374fce5edbc8e2a8697c15331677e6ebf0b
  acc_nonce 1
  balance 21267647932558653966460912964484689937
  code 0
blocks
 block 0
  coinbase 0x2adc25665018aa1fe0e6bc666dac8fc2697ff9ba
  height 1
  difficulty 131072
  gaslimit 9223372036854775807
  timestamp 1000
  tx 0
   from 0xa94f5374fce5edbc8e2a8697c15331677e6ebf0b
   nonce 0
   to 0x095e7baea6a6c7c4c2dfeb977efac326af552d87
   value 0
   gasprice 1
   gas 9214364837600034817
   data 0
