test static_CheckOpcodes_d0g0v0_Istanbul
pre
 addr 0x1000000000000000000000000000000000000000
  acc_nonce 0
  balance 0
  code 20 96 0 96 0 96 0 96 0 96 0 53 98 1 134 160 250 96 1 85 0
 addr 0x1000000000000000000000000000000000000001
  acc_nonce 0
  balance 0
  code 146 50 115 169 79 83 116 252 229 237 188 142 42 134 151 193 83 49 103 126 110 191 11 20 96 34 87 96 2 96 1 85 96 40 86 91 96 1 96 1 82 91 51 115 16 0 0 0 0 0 0 0 0 0 0 0 0 0 0 0 0 0 0 0 20 96 75 87 96 2 96 1 85 96 81 86 91 96 1 96 1 82 91 48 115 16 0 0 0 0 0 0 0 0 0 0 0 0 0 0 0 0 0 0 1 20 96 116 87 96 2 96 1 85 96 122 86 91 96 1 96 1 82 91 52 96 0 20 96 138 87 96 2 96 1 85 96 144 86 91 96 1 96 1 82 91 0
 addr 0x1000000000000000000000000000000000000002
  acc_nonce 0
  balance 0
  code 35 96 0 96 0 96 0 96 0 115 16 0 0 0 0 0 0 0 0 0 0 0 0 0 0 0 0 0 0 3 98 1 134 160 250 0
 addr 0x1000000000000000000000000000000000000003
  acc_nonce 0
  balance 0
  code 146 50 115 169 79 83 116 252 229 237 188 142 42 134 151 193 83 49 103 126 110 191 11 20 96 34 87 96 2 96 1 85 96 40 86 91 96 1 96 1 82 91 51 115 16 0 0 0 0 0 0 0 0 0 0 0 0 0 0 0 0 0 0 2 20 96 75 87 96 2 96 1 85 96 81 86 91 96 1 96 1 82 91 48 115 16 0 0 0 0 0 0 0 0 0 0 0 0 0 0 0 0 0 0 1 20 96 116 87 96 2 96 1 85 96 122 86 91 96 1 96 1 82 91 52 96 0 20 96 138 87 96 2 96 1 85 96 144 86 91 96 1 96 1 82 91 0
 addr 0xa94f5374fce5edbc8e2a8697c15331677e6ebf0b
  acc_nonce 0
  balance 1000000000000
  code 0
post
 addr 0x1000000000000000000000000000000000000000
  acc_nonce 0
  balance 0
  code 20 96 0 96 0 96 0 96 0 96 0 53 98 1 134 160 250 96 1 85 0
   kv 0x0000000000000000000000000000000000000000000000000000000000000001 0x0000000000000000000000000000000000000000000000000000000000000001
 addr 0x1000000000000000000000000000000000000001
  acc_nonce 0
  balance 0
  code 146 50 115 169 79 83 116 252 229 237 188 142 42 134 151 193 83 49 103 126 110 191 11 20 96 34 87 96 2 96 1 85 96 40 86 91 96 1 96 1 82 91 51 115 16 0 0 0 0 0 0 0 0 0 0 0 0 0 0 0 0 0 0 0 20 96 75 87 96 2 96 1 85 96 81 86 91 96 1 96 1 82 91 48 115 16 0 0 0 0 0 0 0 0 0 0 0 0 0 0 0 0 0 0 1 20 96 116 87 96 2 96 1 85 96 122 86 91 96 1 96 1 82 91 52 96 0 20 96 138 87 96 2 96 1 85 96 144 86 91 96 1 96 1 82 91 0
 addr 0x1000000000000000000000000000000000000002
  acc_nonce 0
  balance 0
  code 35 96 0 96 0 96 0 96 0 115 16 0 0 0 0 0 0 0 0 0 0 0 0 0 0 0 0 0 0 3 98 1 134 160 250 0
 addr 0x1000000000000000000000000000000000000003
  acc_nonce 0
  balance 0
  code 146 50 115 169 79 83 116 252 229 237 188 142 42 134 151 193 83 49 103 126 110 191 11 20 96 34 87 96 2 96 1 85 96 40 86 91 96 1 96 1 82 91 51 115 16 0 0 0 0 0 0 0 0 0 0 0 0 0 0 0 0 0 0 2 20 96 75 87 96 2 96 1 85 96 81 86 91 96 1 96 1 82 91 48 115 16 0 0 0 0 0 0 0 0 0 0 0 0 0 0 0 0 0 0 1 20 96 116 87 96 2 96 1 85 96 122 86 91 96 1 96 1 82 91 52 96 0 20 96 138 87 96 2 96 1 85 96 144 86 91 96 1 96 1 82 91 0
 addr 0x2adc25665018aa1fe0e6bc666dac8fc2697ff9ba
  acc_nonce 0
  balance 2000000000000042010
  code 0
 addr 0xa94f5374fce5edbc8e2a8697c15331677e6ebf0b
  acc_nonce 1
  balance 999999957990
  code 0
blocks
 block 0
  coinbase 0x2adc25665018aa1fe0e6bc666dac8fc2697ff9ba
  height 1
  difficulty 131072
  gaslimit 10009764
  timestamp 1000
  tx 0
   from 0xa94f5374fce5edbc8e2a8697c15331677e6ebf0b
   nonce 0
   to 0x1000000000000000000000000000000000000000
   value 0
   gasprice 1
   gas 50000
   data 32 0 0 0 0 0 0 0 0 0 0 0 0 16 0 0 0 0 0 0 0 0 0 0 0 0 0 0 0 0 0 0 1
test static_CheckOpcodes_d0g0v1_Istanbul
pre
 addr 0x1000000000000000000000000000000000000000
  acc_nonce 0
  balance 0
  code 20 96 0 96 0 96 0 96 0 96 0 53 98 1 134 160 250 96 1 85 0
 addr 0x1000000000000000000000000000000000000001
  acc_nonce 0
  balance 0
  code 146 50 115 169 79 83 116 252 229 237 188 142 42 134 151 193 83 49 103 126 110 191 11 20 96 34 87 96 2 96 1 85 96 40 86 91 96 1 96 1 82 91 51 115 16 0 0 0 0 0 0 0 0 0 0 0 0 0 0 0 0 0 0 0 20 96 75 87 96 2 96 1 85 96 81 86 91 96 1 96 1 82 91 48 115 16 0 0 0 0 0 0 0 0 0 0 0 0 0 0 0 0 0 0 1 20 96 116 87 96 2 96 1 85 96 122 86 91 96 1 96 1 82 91 52 96 0 20 96 138 87 96 2 96 1 85 96 144 86 91 96 1 96 1 82 91 0
 addr 0x1000000000000000000000000000000000000002
  acc_nonce 0
  balance 0
  code 35 96 0 96 0 96 0 96 0 115 16 0 0 0 0 0 0 0 0 0 0 0 0 0 0 0 0 0 0 3 98 1 134 160 250 0
 addr 0x1000000000000000000000000000000000000003
  acc_nonce 0
  balance 0
  code 146 50 115 169 79 83 116 252 229 237 188 142 42 134 151 193 83 49 103 126 110 191 11 20 96 34 87 96 2 96 1 85 96 40 86 91 96 1 96 1 82 91 51 115 16 0 0 0 0 0 0 0 0 0 0 0 0 0 0 0 0 0 0 2 20 96 75 87 96 2 96 1 85 96 81 86 91 96 1 96 1 82 91 48 115 16 0 0 0 0 0 0 0 0 0 0 0 0 0 0 0 0 0 0 1 20 96 116 87 96 2 96 1 85 96 122 86 91 96 1 96 1 82 91 52 96 0 20 96 138 87 96 2 96 1 85 96 144 86 91 96 1 96 1 82 91 0
 addr 0xa94f5374fce5edbc8e2a8697c15331677e6ebf0b
  acc_nonce 0
  balance 1000000000000
  code 0
post
 addr 0x1000000000000000000000000000000000000000
  acc_nonce 0
  balance 100
  code 20 96 0 96 0 96 0 96 0 96 0 53 98 1 134 160 250 96 1 85 0
   kv 0x0000000000000000000000000000000000000000000000000000000000000001 0x0000000000000000000000000000000000000000000000000000000000000001
 addr 0x1000000000000000000000000000000000000001
  acc_nonce 0
  balance 0
  code 146 50 115 169 79 83 116 252 229 237 188 142 42 134 151 193 83 49 103 126 110 191 11 20 96 34 87 96 2 96 1 85 96 40 86 91 96 1 96 1 82 91 51 115 16 0 0 0 0 0 0 0 0 0 0 0 0 0 0 0 0 0 0 0 20 96 75 87 96 2 96 1 85 96 81 86 91 96 1 96 1 82 91 48 115 16 0 0 0 0 0 0 0 0 0 0 0 0 0 0 0 0 0 0 1 20 96 116 87 96 2 96 1 85 96 122 86 91 96 1 96 1 82 91 52 96 0 20 96 138 87 96 2 96 1 85 96 144 86 91 96 1 96 1 82 91 0
 addr 0x1000000000000000000000000000000000000002
  acc_nonce 0
  balance 0
  code 35 96 0 96 0 96 0 96 0 115 16 0 0 0 0 0 0 0 0 0 0 0 0 0 0 0 0 0 0 3 98 1 134 160 250 0
 addr 0x1000000000000000000000000000000000000003
  acc_nonce 0
  balance 0
  code 146 50 115 169 79 83 116 252 229 237 188 142 42 134 151 193 83 49 103 126 110 191 11 20 96 34 87 96 2 96 1 85 96 40 86 91 96 1 96 1 82 91 51 115 16 0 0 0 0 0 0 0 0 0 0 0 0 0 0 0 0 0 0 2 20 96 75 87 96 2 96 1 85 96 81 86 91 96 1 96 1 82 91 48 115 16 0 0 0 0 0 0 0 0 0 0 0 0 0 0 0 0 0 0 1 20 96 116 87 96 2 96 1 85 96 122 86 91 96 1 96 1 82 91 52 96 0 20 96 138 87 96 2 96 1 85 96 144 86 91 96 1 96 1 82 91 0
 addr 0x2adc25665018aa1fe0e6bc666dac8fc2697ff9ba
  acc_nonce 0
  balance 2000000000000042010
  code 0
 addr 0xa94f5374fce5edbc8e2a8697c15331677e6ebf0b
  acc_nonce 1
  balance 999999957890
  code 0
blocks
 block 0
  coinbase 0x2adc25665018aa1fe0e6bc666dac8fc2697ff9ba
  height 1
  difficulty 131072
  gaslimit 10009764
  timestamp 1000
  tx 0
   from 0xa94f5374fce5edbc8e2a8697c15331677e6ebf0b
   nonce 0
   to 0x1000000000000000000000000000000000000000
   value 100
   gasprice 1
   gas 50000
   data 32 0 0 0 0 0 0 0 0 0 0 0 0 16 0 0 0 0 0 0 0 0 0 0 0 0 0 0 0 0 0 0 1
test static_CheckOpcodes_d0g1v0_Istanbul
pre
 addr 0x1000000000000000000000000000000000000000
  acc_nonce 0
  balance 0
  code 20 96 0 96 0 96 0 96 0 96 0 53 98 1 134 160 250 96 1 85 0
 addr 0x1000000000000000000000000000000000000001
  acc_nonce 0
  balance 0
  code 146 50 115 169 79 83 116 252 229 237 188 142 42 134 151 193 83 49 103 126 110 191 11 20 96 34 87 96 2 96 1 85 96 40 86 91 96 1 96 1 82 91 51 115 16 0 0 0 0 0 0 0 0 0 0 0 0 0 0 0 0 0 0 0 20 96 75 87 96 2 96 1 85 96 81 86 91 96 1 96 1 82 91 48 115 16 0 0 0 0 0 0 0 0 0 0 0 0 0 0 0 0 0 0 1 20 96 116 87 96 2 96 1 85 96 122 86 91 96 1 96 1 82 91 52 96 0 20 96 138 87 96 2 96 1 85 96 144 86 91 96 1 96 1 82 91 0
 addr 0x1000000000000000000000000000000000000002
  acc_nonce 0
  balance 0
  code 35 96 0 96 0 96 0 96 0 115 16 0 0 0 0 0 0 0 0 0 0 0 0 0 0 0 0 0 0 3 98 1 134 160 250 0
 addr 0x1000000000000000000000000000000000000003
  acc_nonce 0
  balance 0
  code 146 50 115 169 79 83 116 252 229 237 188 142 42 134 151 193 83 49 103 126 110 191 11 20 96 34 87 96 2 96 1 85 96 40 86 91 96 1 96 1 82 91 51 115 16 0 0 0 0 0 0 0 0 0 0 0 0 0 0 0 0 0 0 2 20 96 75 87 96 2 96 1 85 96 81 86 91 96 1 96 1 82 91 48 115 16 0 0 0 0 0 0 0 0 0 0 0 0 0 0 0 0 0 0 1 20 96 116 87 96 2 96 1 85 96 122 86 91 96 1 96 1 82 91 52 96 0 20 96 138 87 96 2 96 1 85 96 144 86 91 96 1 96 1 82 91 0
 addr 0xa94f5374fce5edbc8e2a8697c15331677e6ebf0b
  acc_nonce 0
  balance 1000000000000
  code 0
post
 addr 0x1000000000000000000000000000000000000000
  acc_nonce 0
  balance 0
  code 20 96 0 96 0 96 0 96 0 96 0 53 98 1 134 160 250 96 1 85 0
   kv 0x0000000000000000000000000000000000000000000000000000000000000001 0x0000000000000000000000000000000000000000000000000000000000000001
 addr 0x1000000000000000000000000000000000000001
  acc_nonce 0
  balance 0
  code 146 50 115 169 79 83 116 252 229 237 188 142 42 134 151 193 83 49 103 126 110 191 11 20 96 34 87 96 2 96 1 85 96 40 86 91 96 1 96 1 82 91 51 115 16 0 0 0 0 0 0 0 0 0 0 0 0 0 0 0 0 0 0 0 20 96 75 87 96 2 96 1 85 96 81 86 91 96 1 96 1 82 91 48 115 16 0 0 0 0 0 0 0 0 0 0 0 0 0 0 0 0 0 0 1 20 96 116 87 96 2 96 1 85 96 122 86 91 96 1 96 1 82 91 52 96 0 20 96 138 87 96 2 96 1 85 96 144 86 91 96 1 96 1 82 91 0
 addr 0x1000000000000000000000000000000000000002
  acc_nonce 0
  balance 0
  code 35 96 0 96 0 96 0 96 0 115 16 0 0 0 0 0 0 0 0 0 0 0 0 0 0 0 0 0 0 3 98 1 134 160 250 0
 addr 0x1000000000000000000000000000000000000003
  acc_nonce 0
  balance 0
  code 146 50 115 169 79 83 116 252 229 237 188 142 42 134 151 193 83 49 103 126 110 191 11 20 96 34 87 96 2 96 1 85 96 40 86 91 96 1 96 1 82 91 51 115 16 0 0 0 0 0 0 0 0 0 0 0 0 0 0 0 0 0 0 2 20 96 75 87 96 2 96 1 85 96 81 86 91 96 1 96 1 82 91 48 115 16 0 0 0 0 0 0 0 0 0 0 0 0 0 0 0 0 0 0 1 20 96 116 87 96 2 96 1 85 96 122 86 91 96 1 96 1 82 91 52 96 0 20 96 138 87 96 2 96 1 85 96 144 86 91 96 1 96 1 82 91 0
 addr 0x2adc25665018aa1fe0e6bc666dac8fc2697ff9ba
  acc_nonce 0
  balance 2000000000000042010
  code 0
 addr 0xa94f5374fce5edbc8e2a8697c15331677e6ebf0b
  acc_nonce 1
  balance 999999957990
  code 0
blocks
 block 0
  coinbase 0x2adc25665018aa1fe0e6bc666dac8fc2697ff9ba
  height 1
  difficulty 131072
  gaslimit 10009764
  timestamp 1000
  tx 0
   from 0xa94f5374fce5edbc8e2a8697c15331677e6ebf0b
   nonce 0
   to 0x1000000000000000000000000000000000000000
   value 0
   gasprice 1
   gas 335000
   data 32 0 0 0 0 0 0 0 0 0 0 0 0 16 0 0 0 0 0 0 0 0 0 0 0 0 0 0 0 0 0 0 1
test static_CheckOpcodes_d0g1v1_Istanbul
pre
 addr 0x1000000000000000000000000000000000000000
  acc_nonce 0
  balance 0
  code 20 96 0 96 0 96 0 96 0 96 0 53 98 1 134 160 250 96 1 85 0
 addr 0x1000000000000000000000000000000000000001
  acc_nonce 0
  balance 0
  code 146 50 115 169 79 83 116 252 229 237 188 142 42 134 151 193 83 49 103 126 110 191 11 20 96 34 87 96 2 96 1 85 96 40 86 91 96 1 96 1 82 91 51 115 16 0 0 0 0 0 0 0 0 0 0 0 0 0 0 0 0 0 0 0 20 96 75 87 96 2 96 1 85 96 81 86 91 96 1 96 1 82 91 48 115 16 0 0 0 0 0 0 0 0 0 0 0 0 0 0 0 0 0 0 1 20 96 116 87 96 2 96 1 85 96 122 86 91 96 1 96 1 82 91 52 96 0 20 96 138 87 96 2 96 1 85 96 144 86 91 96 1 96 1 82 91 0
 addr 0x1000000000000000000000000000000000000002
  acc_nonce 0
  balance 0
  code 35 96 0 96 0 96 0 96 0 115 16 0 0 0 0 0 0 0 0 0 0 0 0 0 0 0 0 0 0 3 98 1 134 160 250 0
 addr 0x1000000000000000000000000000000000000003
  acc_nonce 0
  balance 0
  code 146 50 115 169 79 83 116 252 229 237 188 142 42 134 151 193 83 49 103 126 110 191 11 20 96 34 87 96 2 96 1 85 96 40 86 91 96 1 96 1 82 91 51 115 16 0 0 0 0 0 0 0 0 0 0 0 0 0 0 0 0 0 0 2 20 96 75 87 96 2 96 1 85 96 81 86 91 96 1 96 1 82 91 48 115 16 0 0 0 0 0 0 0 0 0 0 0 0 0 0 0 0 0 0 1 20 96 116 87 96 2 96 1 85 96 122 86 91 96 1 96 1 82 91 52 96 0 20 96 138 87 96 2 96 1 85 96 144 86 91 96 1 96 1 82 91 0
 addr 0xa94f5374fce5edbc8e2a8697c15331677e6ebf0b
  acc_nonce 0
  balance 1000000000000
  code 0
post
 addr 0x1000000000000000000000000000000000000000
  acc_nonce 0
  balance 100
  code 20 96 0 96 0 96 0 96 0 96 0 53 98 1 134 160 250 96 1 85 0
   kv 0x0000000000000000000000000000000000000000000000000000000000000001 0x0000000000000000000000000000000000000000000000000000000000000001
 addr 0x1000000000000000000000000000000000000001
  acc_nonce 0
  balance 0
  code 146 50 115 169 79 83 116 252 229 237 188 142 42 134 151 193 83 49 103 126 110 191 11 20 96 34 87 96 2 96 1 85 96 40 86 91 96 1 96 1 82 91 51 115 16 0 0 0 0 0 0 0 0 0 0 0 0 0 0 0 0 0 0 0 20 96 75 87 96 2 96 1 85 96 81 86 91 96 1 96 1 82 91 48 115 16 0 0 0 0 0 0 0 0 0 0 0 0 0 0 0 0 0 0 1 20 96 116 87 96 2 96 1 85 96 122 86 91 96 1 96 1 82 91 52 96 0 20 96 138 87 96 2 96 1 85 96 144 86 91 96 1 96 1 82 91 0
 addr 0x1000000000000000000000000000000000000002
  acc_nonce 0
  balance 0
  code 35 96 0 96 0 96 0 96 0 115 16 0 0 0 0 0 0 0 0 0 0 0 0 0 0 0 0 0 0 3 98 1 134 160 250 0
 addr 0x1000000000000000000000000000000000000003
  acc_nonce 0
  balance 0
  code 146 50 115 169 79 83 116 252 229 237 188 142 42 134 151 193 83 49 103 126 110 191 11 20 96 34 87 96 2 96 1 85 96 40 86 91 96 1 96 1 82 91 51 115 16 0 0 0 0 0 0 0 0 0 0 0 0 0 0 0 0 0 0 2 20 96 75 87 96 2 96 1 85 96 81 86 91 96 1 96 1 82 91 48 115 16 0 0 0 0 0 0 0 0 0 0 0 0 0 0 0 0 0 0 1 20 96 116 87 96 2 96 1 85 96 122 86 91 96 1 96 1 82 91 52 96 0 20 96 138 87 96 2 96 1 85 96 144 86 91 96 1 96 1 82 91 0
 addr 0x2adc25665018aa1fe0e6bc666dac8fc2697ff9ba
  acc_nonce 0
  balance 2000000000000042010
  code 0
 addr 0xa94f5374fce5edbc8e2a8697c15331677e6ebf0b
  acc_nonce 1
  balance 999999957890
  code 0
blocks
 block 0
  coinbase 0x2adc25665018aa1fe0e6bc666dac8fc2697ff9ba
  height 1
  difficulty 131072
  gaslimit 10009764
  timestamp 1000
  tx 0
   from 0xa94f5374fce5edbc8e2a8697c15331677e6ebf0b
   nonce 0
   to 0x1000000000000000000000000000000000000000
   value 100
   gasprice 1
   gas 335000
   data 32 0 0 0 0 0 0 0 0 0 0 0 0 16 0 0 0 0 0 0 0 0 0 0 0 0 0 0 0 0 0 0 1
test static_CheckOpcodes_d1g0v0_Istanbul
pre
 addr 0x1000000000000000000000000000000000000000
  acc_nonce 0
  balance 0
  code 20 96 0 96 0 96 0 96 0 96 0 53 98 1 134 160 250 96 1 85 0
 addr 0x1000000000000000000000000000000000000001
  acc_nonce 0
  balance 0
  code 146 50 115 169 79 83 116 252 229 237 188 142 42 134 151 193 83 49 103 126 110 191 11 20 96 34 87 96 2 96 1 85 96 40 86 91 96 1 96 1 82 91 51 115 16 0 0 0 0 0 0 0 0 0 0 0 0 0 0 0 0 0 0 0 20 96 75 87 96 2 96 1 85 96 81 86 91 96 1 96 1 82 91 48 115 16 0 0 0 0 0 0 0 0 0 0 0 0 0 0 0 0 0 0 1 20 96 116 87 96 2 96 1 85 96 122 86 91 96 1 96 1 82 91 52 96 0 20 96 138 87 96 2 96 1 85 96 144 86 91 96 1 96 1 82 91 0
 addr 0x1000000000000000000000000000000000000002
  acc_nonce 0
  balance 0
  code 35 96 0 96 0 96 0 96 0 115 16 0 0 0 0 0 0 0 0 0 0 0 0 0 0 0 0 0 0 3 98 1 134 160 250 0
 addr 0x1000000000000000000000000000000000000003
  acc_nonce 0
  balance 0
  code 146 50 115 169 79 83 116 252 229 237 188 142 42 134 151 193 83 49 103 126 110 191 11 20 96 34 87 96 2 96 1 85 96 40 86 91 96 1 96 1 82 91 51 115 16 0 0 0 0 0 0 0 0 0 0 0 0 0 0 0 0 0 0 2 20 96 75 87 96 2 96 1 85 96 81 86 91 96 1 96 1 82 91 48 115 16 0 0 0 0 0 0 0 0 0 0 0 0 0 0 0 0 0 0 1 20 96 116 87 96 2 96 1 85 96 122 86 91 96 1 96 1 82 91 52 96 0 20 96 138 87 96 2 96 1 85 96 144 86 91 96 1 96 1 82 91 0
 addr 0xa94f5374fce5edbc8e2a8697c15331677e6ebf0b
  acc_nonce 0
  balance 1000000000000
  code 0
post
 addr 0x1000000000000000000000000000000000000000
  acc_nonce 0
  balance 0
  code 20 96 0 96 0 96 0 96 0 96 0 53 98 1 134 160 250 96 1 85 0
 addr 0x1000000000000000000000000000000000000001
  acc_nonce 0
  balance 0
  code 146 50 115 169 79 83 116 252 229 237 188 142 42 134 151 193 83 49 103 126 110 191 11 20 96 34 87 96 2 96 1 85 96 40 86 91 96 1 96 1 82 91 51 115 16 0 0 0 0 0 0 0 0 0 0 0 0 0 0 0 0 0 0 0 20 96 75 87 96 2 96 1 85 96 81 86 91 96 1 96 1 82 91 48 115 16 0 0 0 0 0 0 0 0 0 0 0 0 0 0 0 0 0 0 1 20 96 116 87 96 2 96 1 85 96 122 86 91 96 1 96 1 82 91 52 96 0 20 96 138 87 96 2 96 1 85 96 144 86 91 96 1 96 1 82 91 0
 addr 0x1000000000000000000000000000000000000002
  acc_nonce 0
  balance 0
  code 35 96 0 96 0 96 0 96 0 115 16 0 0 0 0 0 0 0 0 0 0 0 0 0 0 0 0 0 0 3 98 1 134 160 250 0
 addr 0x1000000000000000000000000000000000000003
  acc_nonce 0
  balance 0
  code 146 50 115 169 79 83 116 252 229 237 188 142 42 134 151 193 83 49 103 126 110 191 11 20 96 34 87 96 2 96 1 85 96 40 86 91 96 1 96 1 82 91 51 115 16 0 0 0 0 0 0 0 0 0 0 0 0 0 0 0 0 0 0 2 20 96 75 87 96 2 96 1 85 96 81 86 91 96 1 96 1 82 91 48 115 16 0 0 0 0 0 0 0 0 0 0 0 0 0 0 0 0 0 0 1 20 96 116 87 96 2 96 1 85 96 122 86 91 96 1 96 1 82 91 52 96 0 20 96 138 87 96 2 96 1 85 96 144 86 91 96 1 96 1 82 91 0
 addr 0x2adc25665018aa1fe0e6bc666dac8fc2697ff9ba
  acc_nonce 0
  balance 2000000000000050000
  code 0
 addr 0xa94f5374fce5edbc8e2a8697c15331677e6ebf0b
  acc_nonce 1
  balance 999999950000
  code 0
blocks
 block 0
  coinbase 0x2adc25665018aa1fe0e6bc666dac8fc2697ff9ba
  height 1
  difficulty 131072
  gaslimit 10009764
  timestamp 1000
  tx 0
   from 0xa94f5374fce5edbc8e2a8697c15331677e6ebf0b
   nonce 0
   to 0x1000000000000000000000000000000000000000
   value 0
   gasprice 1
   gas 50000
   data 32 0 0 0 0 0 0 0 0 0 0 0 0 16 0 0 0 0 0 0 0 0 0 0 0 0 0 0 0 0 0 0 2
test static_CheckOpcodes_d1g0v1_Istanbul
pre
 addr 0x1000000000000000000000000000000000000000
  acc_nonce 0
  balance 0
  code 20 96 0 96 0 96 0 96 0 96 0 53 98 1 134 160 250 96 1 85 0
 addr 0x1000000000000000000000000000000000000001
  acc_nonce 0
  balance 0
  code 146 50 115 169 79 83 116 252 229 237 188 142 42 134 151 193 83 49 103 126 110 191 11 20 96 34 87 96 2 96 1 85 96 40 86 91 96 1 96 1 82 91 51 115 16 0 0 0 0 0 0 0 0 0 0 0 0 0 0 0 0 0 0 0 20 96 75 87 96 2 96 1 85 96 81 86 91 96 1 96 1 82 91 48 115 16 0 0 0 0 0 0 0 0 0 0 0 0 0 0 0 0 0 0 1 20 96 116 87 96 2 96 1 85 96 122 86 91 96 1 96 1 82 91 52 96 0 20 96 138 87 96 2 96 1 85 96 144 86 91 96 1 96 1 82 91 0
 addr 0x1000000000000000000000000000000000000002
  acc_nonce 0
  balance 0
  code 35 96 0 96 0 96 0 96 0 115 16 0 0 0 0 0 0 0 0 0 0 0 0 0 0 0 0 0 0 3 98 1 134 160 250 0
 addr 0x1000000000000000000000000000000000000003
  acc_nonce 0
  balance 0
  code 146 50 115 169 79 83 116 252 229 237 188 142 42 134 151 193 83 49 103 126 110 191 11 20 96 34 87 96 2 96 1 85 96 40 86 91 96 1 96 1 82 91 51 115 16 0 0 0 0 0 0 0 0 0 0 0 0 0 0 0 0 0 0 2 20 96 75 87 96 2 96 1 85 96 81 86 91 96 1 96 1 82 91 48 115 16 0 0 0 0 0 0 0 0 0 0 0 0 0 0 0 0 0 0 1 20 96 116 87 96 2 96 1 85 96 122 86 91 96 1 96 1 82 91 52 96 0 20 96 138 87 96 2 96 1 85 96 144 86 91 96 1 96 1 82 91 0
 addr 0xa94f5374fce5edbc8e2a8697c15331677e6ebf0b
  acc_nonce 0
  balance 1000000000000
  code 0
post
 addr 0x1000000000000000000000000000000000000000
  acc_nonce 0
  balance 0
  code 20 96 0 96 0 96 0 96 0 96 0 53 98 1 134 160 250 96 1 85 0
 addr 0x1000000000000000000000000000000000000001
  acc_nonce 0
  balance 0
  code 146 50 115 169 79 83 116 252 229 237 188 142 42 134 151 193 83 49 103 126 110 191 11 20 96 34 87 96 2 96 1 85 96 40 86 91 96 1 96 1 82 91 51 115 16 0 0 0 0 0 0 0 0 0 0 0 0 0 0 0 0 0 0 0 20 96 75 87 96 2 96 1 85 96 81 86 91 96 1 96 1 82 91 48 115 16 0 0 0 0 0 0 0 0 0 0 0 0 0 0 0 0 0 0 1 20 96 116 87 96 2 96 1 85 96 122 86 91 96 1 96 1 82 91 52 96 0 20 96 138 87 96 2 96 1 85 96 144 86 91 96 1 96 1 82 91 0
 addr 0x1000000000000000000000000000000000000002
  acc_nonce 0
  balance 0
  code 35 96 0 96 0 96 0 96 0 115 16 0 0 0 0 0 0 0 0 0 0 0 0 0 0 0 0 0 0 3 98 1 134 160 250 0
 addr 0x1000000000000000000000000000000000000003
  acc_nonce 0
  balance 0
  code 146 50 115 169 79 83 116 252 229 237 188 142 42 134 151 193 83 49 103 126 110 191 11 20 96 34 87 96 2 96 1 85 96 40 86 91 96 1 96 1 82 91 51 115 16 0 0 0 0 0 0 0 0 0 0 0 0 0 0 0 0 0 0 2 20 96 75 87 96 2 96 1 85 96 81 86 91 96 1 96 1 82 91 48 115 16 0 0 0 0 0 0 0 0 0 0 0 0 0 0 0 0 0 0 1 20 96 116 87 96 2 96 1 85 96 122 86 91 96 1 96 1 82 91 52 96 0 20 96 138 87 96 2 96 1 85 96 144 86 91 96 1 96 1 82 91 0
 addr 0x2adc25665018aa1fe0e6bc666dac8fc2697ff9ba
  acc_nonce 0
  balance 2000000000000050000
  code 0
 addr 0xa94f5374fce5edbc8e2a8697c15331677e6ebf0b
  acc_nonce 1
  balance 999999950000
  code 0
blocks
 block 0
  coinbase 0x2adc25665018aa1fe0e6bc666dac8fc2697ff9ba
  height 1
  difficulty 131072
  gaslimit 10009764
  timestamp 1000
  tx 0
   from 0xa94f5374fce5edbc8e2a8697c15331677e6ebf0b
   nonce 0
   to 0x1000000000000000000000000000000000000000
   value 100
   gasprice 1
   gas 50000
   data 32 0 0 0 0 0 0 0 0 0 0 0 0 16 0 0 0 0 0 0 0 0 0 0 0 0 0 0 0 0 0 0 2
test static_CheckOpcodes_d1g1v0_Istanbul
pre
 addr 0x1000000000000000000000000000000000000000
  acc_nonce 0
  balance 0
  code 20 96 0 96 0 96 0 96 0 96 0 53 98 1 134 160 250 96 1 85 0
 addr 0x1000000000000000000000000000000000000001
  acc_nonce 0
  balance 0
  code 146 50 115 169 79 83 116 252 229 237 188 142 42 134 151 193 83 49 103 126 110 191 11 20 96 34 87 96 2 96 1 85 96 40 86 91 96 1 96 1 82 91 51 115 16 0 0 0 0 0 0 0 0 0 0 0 0 0 0 0 0 0 0 0 20 96 75 87 96 2 96 1 85 96 81 86 91 96 1 96 1 82 91 48 115 16 0 0 0 0 0 0 0 0 0 0 0 0 0 0 0 0 0 0 1 20 96 116 87 96 2 96 1 85 96 122 86 91 96 1 96 1 82 91 52 96 0 20 96 138 87 96 2 96 1 85 96 144 86 91 96 1 96 1 82 91 0
 addr 0x1000000000000000000000000000000000000002
  acc_nonce 0
  balance 0
  code 35 96 0 96 0 96 0 96 0 115 16 0 0 0 0 0 0 0 0 0 0 0 0 0 0 0 0 0 0 3 98 1 134 160 250 0
 addr 0x1000000000000000000000000000000000000003
  acc_nonce 0
  balance 0
  code 146 50 115 169 79 83 116 252 229 237 188 142 42 134 151 193 83 49 103 126 110 191 11 20 96 34 87 96 2 96 1 85 96 40 86 91 96 1 96 1 82 91 51 115 16 0 0 0 0 0 0 0 0 0 0 0 0 0 0 0 0 0 0 2 20 96 75 87 96 2 96 1 85 96 81 86 91 96 1 96 1 82 91 48 115 16 0 0 0 0 0 0 0 0 0 0 0 0 0 0 0 0 0 0 1 20 96 116 87 96 2 96 1 85 96 122 86 91 96 1 96 1 82 91 52 96 0 20 96 138 87 96 2 96 1 85 96 144 86 91 96 1 96 1 82 91 0
 addr 0xa94f5374fce5edbc8e2a8697c15331677e6ebf0b
  acc_nonce 0
  balance 1000000000000
  code 0
post
 addr 0x1000000000000000000000000000000000000000
  acc_nonce 0
  balance 0
  code 20 96 0 96 0 96 0 96 0 96 0 53 98 1 134 160 250 96 1 85 0
   kv 0x0000000000000000000000000000000000000000000000000000000000000001 0x0000000000000000000000000000000000000000000000000000000000000001
 addr 0x1000000000000000000000000000000000000001
  acc_nonce 0
  balance 0
  code 146 50 115 169 79 83 116 252 229 237 188 142 42 134 151 193 83 49 103 126 110 191 11 20 96 34 87 96 2 96 1 85 96 40 86 91 96 1 96 1 82 91 51 115 16 0 0 0 0 0 0 0 0 0 0 0 0 0 0 0 0 0 0 0 20 96 75 87 96 2 96 1 85 96 81 86 91 96 1 96 1 82 91 48 115 16 0 0 0 0 0 0 0 0 0 0 0 0 0 0 0 0 0 0 1 20 96 116 87 96 2 96 1 85 96 122 86 91 96 1 96 1 82 91 52 96 0 20 96 138 87 96 2 96 1 85 96 144 86 91 96 1 96 1 82 91 0
 addr 0x1000000000000000000000000000000000000002
  acc_nonce 0
  balance 0
  code 35 96 0 96 0 96 0 96 0 115 16 0 0 0 0 0 0 0 0 0 0 0 0 0 0 0 0 0 0 3 98 1 134 160 250 0
 addr 0x1000000000000000000000000000000000000003
  acc_nonce 0
  balance 0
  code 146 50 115 169 79 83 116 252 229 237 188 142 42 134 151 193 83 49 103 126 110 191 11 20 96 34 87 96 2 96 1 85 96 40 86 91 96 1 96 1 82 91 51 115 16 0 0 0 0 0 0 0 0 0 0 0 0 0 0 0 0 0 0 2 20 96 75 87 96 2 96 1 85 96 81 86 91 96 1 96 1 82 91 48 115 16 0 0 0 0 0 0 0 0 0 0 0 0 0 0 0 0 0 0 1 20 96 116 87 96 2 96 1 85 96 122 86 91 96 1 96 1 82 91 52 96 0 20 96 138 87 96 2 96 1 85 96 144 86 91 96 1 96 1 82 91 0
 addr 0x2adc25665018aa1fe0e6bc666dac8fc2697ff9ba
  acc_nonce 0
  balance 2000000000000140325
  code 0
 addr 0xa94f5374fce5edbc8e2a8697c15331677e6ebf0b
  acc_nonce 1
  balance 999999859675
  code 0
blocks
 block 0
  coinbase 0x2adc25665018aa1fe0e6bc666dac8fc2697ff9ba
  height 1
  difficulty 131072
  gaslimit 10009764
  timestamp 1000
  tx 0
   from 0xa94f5374fce5edbc8e2a8697c15331677e6ebf0b
   nonce 0
   to 0x1000000000000000000000000000000000000000
   value 0
   gasprice 1
   gas 335000
   data 32 0 0 0 0 0 0 0 0 0 0 0 0 16 0 0 0 0 0 0 0 0 0 0 0 0 0 0 0 0 0 0 2
test static_CheckOpcodes_d1g1v1_Istanbul
pre
 addr 0x1000000000000000000000000000000000000000
  acc_nonce 0
  balance 0
  code 20 96 0 96 0 96 0 96 0 96 0 53 98 1 134 160 250 96 1 85 0
 addr 0x1000000000000000000000000000000000000001
  acc_nonce 0
  balance 0
  code 146 50 115 169 79 83 116 252 229 237 188 142 42 134 151 193 83 49 103 126 110 191 11 20 96 34 87 96 2 96 1 85 96 40 86 91 96 1 96 1 82 91 51 115 16 0 0 0 0 0 0 0 0 0 0 0 0 0 0 0 0 0 0 0 20 96 75 87 96 2 96 1 85 96 81 86 91 96 1 96 1 82 91 48 115 16 0 0 0 0 0 0 0 0 0 0 0 0 0 0 0 0 0 0 1 20 96 116 87 96 2 96 1 85 96 122 86 91 96 1 96 1 82 91 52 96 0 20 96 138 87 96 2 96 1 85 96 144 86 91 96 1 96 1 82 91 0
 addr 0x1000000000000000000000000000000000000002
  acc_nonce 0
  balance 0
  code 35 96 0 96 0 96 0 96 0 115 16 0 0 0 0 0 0 0 0 0 0 0 0 0 0 0 0 0 0 3 98 1 134 160 250 0
 addr 0x1000000000000000000000000000000000000003
  acc_nonce 0
  balance 0
  code 146 50 115 169 79 83 116 252 229 237 188 142 42 134 151 193 83 49 103 126 110 191 11 20 96 34 87 96 2 96 1 85 96 40 86 91 96 1 96 1 82 91 51 115 16 0 0 0 0 0 0 0 0 0 0 0 0 0 0 0 0 0 0 2 20 96 75 87 96 2 96 1 85 96 81 86 91 96 1 96 1 82 91 48 115 16 0 0 0 0 0 0 0 0 0 0 0 0 0 0 0 0 0 0 1 20 96 116 87 96 2 96 1 85 96 122 86 91 96 1 96 1 82 91 52 96 0 20 96 138 87 96 2 96 1 85 96 144 86 91 96 1 96 1 82 91 0
 addr 0xa94f5374fce5edbc8e2a8697c15331677e6ebf0b
  acc_nonce 0
  balance 1000000000000
  code 0
post
 addr 0x1000000000000000000000000000000000000000
  acc_nonce 0
  balance 100
  code 20 96 0 96 0 96 0 96 0 96 0 53 98 1 134 160 250 96 1 85 0
   kv 0x0000000000000000000000000000000000000000000000000000000000000001 0x0000000000000000000000000000000000000000000000000000000000000001
 addr 0x1000000000000000000000000000000000000001
  acc_nonce 0
  balance 0
  code 146 50 115 169 79 83 116 252 229 237 188 142 42 134 151 193 83 49 103 126 110 191 11 20 96 34 87 96 2 96 1 85 96 40 86 91 96 1 96 1 82 91 51 115 16 0 0 0 0 0 0 0 0 0 0 0 0 0 0 0 0 0 0 0 20 96 75 87 96 2 96 1 85 96 81 86 91 96 1 96 1 82 91 48 115 16 0 0 0 0 0 0 0 0 0 0 0 0 0 0 0 0 0 0 1 20 96 116 87 96 2 96 1 85 96 122 86 91 96 1 96 1 82 91 52 96 0 20 96 138 87 96 2 96 1 85 96 144 86 91 96 1 96 1 82 91 0
 addr 0x1000000000000000000000000000000000000002
  acc_nonce 0
  balance 0
  code 35 96 0 96 0 96 0 96 0 115 16 0 0 0 0 0 0 0 0 0 0 0 0 0 0 0 0 0 0 3 98 1 134 160 250 0
 addr 0x1000000000000000000000000000000000000003
  acc_nonce 0
  balance 0
  code 146 50 115 169 79 83 116 252 229 237 188 142 42 134 151 193 83 49 103 126 110 191 11 20 96 34 87 96 2 96 1 85 96 40 86 91 96 1 96 1 82 91 51 115 16 0 0 0 0 0 0 0 0 0 0 0 0 0 0 0 0 0 0 2 20 96 75 87 96 2 96 1 85 96 81 86 91 96 1 96 1 82 91 48 115 16 0 0 0 0 0 0 0 0 0 0 0 0 0 0 0 0 0 0 1 20 96 116 87 96 2 96 1 85 96 122 86 91 96 1 96 1 82 91 52 96 0 20 96 138 87 96 2 96 1 85 96 144 86 91 96 1 96 1 82 91 0
 addr 0x2adc25665018aa1fe0e6bc666dac8fc2697ff9ba
  acc_nonce 0
  balance 2000000000000140325
  code 0
 addr 0xa94f5374fce5edbc8e2a8697c15331677e6ebf0b
  acc_nonce 1
  balance 999999859575
  code 0
blocks
 block 0
  coinbase 0x2adc25665018aa1fe0e6bc666dac8fc2697ff9ba
  height 1
  difficulty 131072
  gaslimit 10009764
  timestamp 1000
  tx 0
   from 0xa94f5374fce5edbc8e2a8697c15331677e6ebf0b
   nonce 0
   to 0x1000000000000000000000000000000000000000
   value 100
   gasprice 1
   gas 335000
   data 32 0 0 0 0 0 0 0 0 0 0 0 0 16 0 0 0 0 0 0 0 0 0 0 0 0 0 0 0 0 0 0 2
