test static_Call50000_identity2_d0g0v0_Istanbul
pre
 addr 0x1000000000000000000000000000000000000000
  acc_nonce 0
  balance 0
  code 22 96 0 96 0 96 0 96 0 52 96 0 53 90 241 96 0 85 90 96 1 85 0
 addr 0xa94f5374fce5edbc8e2a8697c15331677e6ebf0b
  acc_nonce 0
  balance 340282366920938463463374607431768211455
  code 0
 addr 0xbbbf5374fce5edbc8e2a8697c15331677e6ebf0b
  acc_nonce 0
  balance 4503599627370495
  code 62 96 42 96 1 82 91 97 195 80 96 128 81 16 21 96 48 87 97 195 80 96 1 97 195 80 96 0 96 4 97 6 28 250 96 0 85 96 1 96 128 81 1 96 128 82 96 5 86 91 96 128 81 96 1 85 96 1 81 96 2 85 0
 addr 0xcccf5374fce5edbc8e2a8697c15331677e6ebf0b
  acc_nonce 0
  balance 4503599627370495
  code 62 96 42 96 1 82 91 97 195 80 96 128 81 16 21 96 48 87 97 195 80 96 1 97 195 80 96 0 96 4 97 6 28 250 96 0 82 96 1 96 128 81 1 96 128 82 96 5 86 91 96 128 81 96 32 82 96 1 81 96 64 82 0
post
 addr 0x1000000000000000000000000000000000000000
  acc_nonce 0
  balance 10
  code 22 96 0 96 0 96 0 96 0 52 96 0 53 90 241 96 0 85 90 96 1 85 0
   kv 0x0000000000000000000000000000000000000000000000000000000000000001 0x000000000000000000000000000000000000000000000000000000000015054f
 addr 0xa94f5374fce5edbc8e2a8697c15331677e6ebf0b
  acc_nonce 1
  balance 340282366920938463463374607431681319057
  code 0
 addr 0xb94f5374fce5edbc8e2a8697c15331677e6ebf0b
  acc_nonce 0
  balance 2000000000086892388
  code 0
 addr 0xbbbf5374fce5edbc8e2a8697c15331677e6ebf0b
  acc_nonce 0
  balance 4503599627370495
  code 62 96 42 96 1 82 91 97 195 80 96 128 81 16 21 96 48 87 97 195 80 96 1 97 195 80 96 0 96 4 97 6 28 250 96 0 85 96 1 96 128 81 1 96 128 82 96 5 86 91 96 128 81 96 1 85 96 1 81 96 2 85 0
 addr 0xcccf5374fce5edbc8e2a8697c15331677e6ebf0b
  acc_nonce 0
  balance 4503599627370495
  code 62 96 42 96 1 82 91 97 195 80 96 128 81 16 21 96 48 87 97 195 80 96 1 97 195 80 96 0 96 4 97 6 28 250 96 0 82 96 1 96 128 81 1 96 128 82 96 5 86 91 96 128 81 96 32 82 96 1 81 96 64 82 0
blocks
 block 0
  coinbase 0xb94f5374fce5edbc8e2a8697c15331677e6ebf0b
  height 1
  difficulty 131072
  gaslimit 89337157
  timestamp 1000
  tx 0
   from 0xa94f5374fce5edbc8e2a8697c15331677e6ebf0b
   nonce 0
   to 0x1000000000000000000000000000000000000000
   value 10
   gasprice 1
   gas 88250000
   data 32 0 0 0 0 0 0 0 0 0 0 0 0 187 191 83 116 252 229 237 188 142 42 134 151 193 83 49 103 126 110 191 11
test static_Call50000_identity2_d1g0v0_Istanbul
pre
 addr 0x1000000000000000000000000000000000000000
  acc_nonce 0
  balance 0
  code 22 96 0 96 0 96 0 96 0 52 96 0 53 90 241 96 0 85 90 96 1 85 0
 addr 0xa94f5374fce5edbc8e2a8697c15331677e6ebf0b
  acc_nonce 0
  balance 340282366920938463463374607431768211455
  code 0
 addr 0xbbbf5374fce5edbc8e2a8697c15331677e6ebf0b
  acc_nonce 0
  balance 4503599627370495
  code 62 96 42 96 1 82 91 97 195 80 96 128 81 16 21 96 48 87 97 195 80 96 1 97 195 80 96 0 96 4 97 6 28 250 96 0 85 96 1 96 128 81 1 96 128 82 96 5 86 91 96 128 81 96 1 85 96 1 81 96 2 85 0
 addr 0xcccf5374fce5edbc8e2a8697c15331677e6ebf0b
  acc_nonce 0
  balance 4503599627370495
  code 62 96 42 96 1 82 91 97 195 80 96 128 81 16 21 96 48 87 97 195 80 96 1 97 195 80 96 0 96 4 97 6 28 250 96 0 82 96 1 96 128 81 1 96 128 82 96 5 86 91 96 128 81 96 32 82 96 1 81 96 64 82 0
post
 addr 0x1000000000000000000000000000000000000000
  acc_nonce 0
  balance 10
  code 22 96 0 96 0 96 0 96 0 52 96 0 53 90 241 96 0 85 90 96 1 85 0
   kv 0x0000000000000000000000000000000000000000000000000000000000000001 0x000000000000000000000000000000000000000000000000000000000015054f
 addr 0xa94f5374fce5edbc8e2a8697c15331677e6ebf0b
  acc_nonce 1
  balance 340282366920938463463374607431681319057
  code 0
 addr 0xb94f5374fce5edbc8e2a8697c15331677e6ebf0b
  acc_nonce 0
  balance 2000000000086892388
  code 0
 addr 0xbbbf5374fce5edbc8e2a8697c15331677e6ebf0b
  acc_nonce 0
  balance 4503599627370495
  code 62 96 42 96 1 82 91 97 195 80 96 128 81 16 21 96 48 87 97 195 80 96 1 97 195 80 96 0 96 4 97 6 28 250 96 0 85 96 1 96 128 81 1 96 128 82 96 5 86 91 96 128 81 96 1 85 96 1 81 96 2 85 0
 addr 0xcccf5374fce5edbc8e2a8697c15331677e6ebf0b
  acc_nonce 0
  balance 4503599627370495
  code 62 96 42 96 1 82 91 97 195 80 96 128 81 16 21 96 48 87 97 195 80 96 1 97 195 80 96 0 96 4 97 6 28 250 96 0 82 96 1 96 128 81 1 96 128 82 96 5 86 91 96 128 81 96 32 82 96 1 81 96 64 82 0
blocks
 block 0
  coinbase 0xb94f5374fce5edbc8e2a8697c15331677e6ebf0b
  height 1
  difficulty 131072
  gaslimit 89337157
  timestamp 1000
  tx 0
   from 0xa94f5374fce5edbc8e2a8697c15331677e6ebf0b
   nonce 0
   to 0x1000000000000000000000000000000000000000
   value 10
   gasprice 1
   gas 88250000
   data 32 0 0 0 0 0 0 0 0 0 0 0 0 204 207 83 116 252 229 237 188 142 42 134 151 193 83 49 103 126 110 191 11
