test static_Return50000_2_d0g0v0_Istanbul
pre
 addr 0x10bf5374fce5edbc8e2a8697c15331677e6ebf0b
  acc_nonce 0
  balance 4503599627370495
  code 41 96 0 96 0 96 0 96 0 96 0 115 187 191 83 116 252 229 237 188 142 42 134 151 193 83 49 103 126 110 191 11 90 241 96 0 85 90 96 1 85 0
 addr 0xa94f5374fce5edbc8e2a8697c15331677e6ebf0b
  acc_nonce 0
  balance 340282366920938463463374607431768211455
  code 0
 addr 0xaaaf5374fce5edbc8e2a8697c15331677e6ebf0b
  acc_nonce 0
  balance 4503599627370495
  code 14 97 195 79 53 96 0 82 96 1 96 0 81 243 0
 addr 0xbbbf5374fce5edbc8e2a8697c15331677e6ebf0b
  acc_nonce 0
  balance 4503599627370495
  code 69 91 97 195 80 96 128 81 16 21 96 61 87 96 0 96 0 97 195 80 96 0 115 170 175 83 116 252 229 237 188 142 42 134 151 193 83 49 103 126 110 191 11 97 6 28 250 96 0 85 96 1 96 128 81 1 96 128 82 96 0 86 91 96 128 81 96 1 85 0
post
 addr 0x10bf5374fce5edbc8e2a8697c15331677e6ebf0b
  acc_nonce 0
  balance 4503599627370505
  code 41 96 0 96 0 96 0 96 0 96 0 115 187 191 83 116 252 229 237 188 142 42 134 151 193 83 49 103 126 110 191 11 90 241 96 0 85 90 96 1 85 0
   kv 0x0000000000000000000000000000000000000000000000000000000000000000 0x0000000000000000000000000000000000000000000000000000000000000001
   kv 0x0000000000000000000000000000000000000000000000000000000000000001 0x00000000000000000000000000000000000000000000000000000000007a3768
 addr 0xa94f5374fce5edbc8e2a8697c15331677e6ebf0b
  acc_nonce 1
  balance 340282366920938463463374607431687951018
  code 0
 addr 0xaaaf5374fce5edbc8e2a8697c15331677e6ebf0b
  acc_nonce 0
  balance 4503599627370495
  code 14 97 195 79 53 96 0 82 96 1 96 0 81 243 0
 addr 0xb94f5374fce5edbc8e2a8697c15331677e6ebf0b
  acc_nonce 0
  balance 2000000000080260427
  code 0
 addr 0xbbbf5374fce5edbc8e2a8697c15331677e6ebf0b
  acc_nonce 0
  balance 4503599627370495
  code 69 91 97 195 80 96 128 81 16 21 96 61 87 96 0 96 0 97 195 80 96 0 115 170 175 83 116 252 229 237 188 142 42 134 151 193 83 49 103 126 110 191 11 97 6 28 250 96 0 85 96 1 96 128 81 1 96 128 82 96 0 86 91 96 128 81 96 1 85 0
   kv 0x0000000000000000000000000000000000000000000000000000000000000000 0x0000000000000000000000000000000000000000000000000000000000000001
   kv 0x0000000000000000000000000000000000000000000000000000000000000001 0x000000000000000000000000000000000000000000000000000000000000c350
blocks
 block 0
  coinbase 0xb94f5374fce5edbc8e2a8697c15331677e6ebf0b
  height 1
  difficulty 131072
  gaslimit 89337157
  timestamp 1000
  tx 0
   from 0xa94f5374fce5edbc8e2a8697c15331677e6ebf0b
   nonce 0
   to 0x10bf5374fce5edbc8e2a8697c15331677e6ebf0b
   value 10
   gasprice 1
   gas 88250000
   data 0
