test static_Call1MB1024Calldepth_d0g0v0_Istanbul
pre
 addr 0x1000000000000000000000000000000000000000
  acc_nonce 0
  balance 4503599627370495
  code 19 96 0 96 0 96 0 96 0 96 0 96 0 53 90 241 96 0 85 0
 addr 0xa94f5374fce5edbc8e2a8697c15331677e6ebf0b
  acc_nonce 0
  balance 340282366920938463463374607431768211455
  code 0
 addr 0xaaa50000fce5edbc8e2a8697c15331677e6ebf0b
  acc_nonce 0
  balance 4503599627370495
  code 0
 addr 0xbbbf5374fce5edbc8e2a8697c15331677e6ebf0b
  acc_nonce 0
  balance 4503599627370495
  code 71 96 1 96 0 84 1 96 0 85 97 4 0 96 0 84 16 96 27 87 96 1 96 2 85 96 69 86 91 96 0 96 0 98 15 66 64 96 0 115 187 191 83 116 252 229 237 188 142 42 134 151 193 83 49 103 126 110 191 11 98 15 85 200 90 3 250 96 1 85 91 0
 addr 0xcbbf5374fce5edbc8e2a8697c15331677e6ebf0b
  acc_nonce 0
  balance 4503599627370495
  code 71 96 1 96 0 81 1 96 0 82 97 4 0 96 0 81 16 96 27 87 96 1 96 64 82 96 69 86 91 96 0 96 0 98 15 66 64 96 0 115 203 191 83 116 252 229 237 188 142 42 134 151 193 83 49 103 126 110 191 11 98 15 85 200 90 3 250 96 32 82 91 0
post
 addr 0x1000000000000000000000000000000000000000
  acc_nonce 0
  balance 4503599627370505
  code 19 96 0 96 0 96 0 96 0 96 0 96 0 53 90 241 96 0 85 0
   kv 0x0000000000000000000000000000000000000000000000000000000000000000 0x0000000000000000000000000000000000000000000000000000000000000001
 addr 0xa94f5374fce5edbc8e2a8697c15331677e6ebf0b
  acc_nonce 1
  balance 340282366920938463463374606576630829234
  code 0
 addr 0xaaa50000fce5edbc8e2a8697c15331677e6ebf0b
  acc_nonce 0
  balance 4503599627370495
  code 0
 addr 0xb94f5374fce5edbc8e2a8697c15331677e6ebf0b
  acc_nonce 0
  balance 2000000855137382211
  code 0
 addr 0xbbbf5374fce5edbc8e2a8697c15331677e6ebf0b
  acc_nonce 0
  balance 4503599627370495
  code 71 96 1 96 0 84 1 96 0 85 97 4 0 96 0 84 16 96 27 87 96 1 96 2 85 96 69 86 91 96 0 96 0 98 15 66 64 96 0 115 187 191 83 116 252 229 237 188 142 42 134 151 193 83 49 103 126 110 191 11 98 15 85 200 90 3 250 96 1 85 91 0
   kv 0x0000000000000000000000000000000000000000000000000000000000000000 0x0000000000000000000000000000000000000000000000000000000000000001
 addr 0xcbbf5374fce5edbc8e2a8697c15331677e6ebf0b
  acc_nonce 0
  balance 4503599627370495
  code 71 96 1 96 0 81 1 96 0 82 97 4 0 96 0 81 16 96 27 87 96 1 96 64 82 96 69 86 91 96 0 96 0 98 15 66 64 96 0 115 203 191 83 116 252 229 237 188 142 42 134 151 193 83 49 103 126 110 191 11 98 15 85 200 90 3 250 96 32 82 91 0
blocks
 block 0
  coinbase 0xb94f5374fce5edbc8e2a8697c15331677e6ebf0b
  height 1
  difficulty 131072
  gaslimit 893371582030
  timestamp 1000
  tx 0
   from 0xa94f5374fce5edbc8e2a8697c15331677e6ebf0b
   nonce 0
   to 0x1000000000000000000000000000000000000000
   value 10
   gasprice 1
   gas 882500000000
   data 32 0 0 0 0 0 0 0 0 0 0 0 0 187 191 83 116 252 229 237 188 142 42 134 151 193 83 49 103 126 110 191 11
test static_Call1MB1024Calldepth_d1g0v0_Istanbul
pre
 addr 0x1000000000000000000000000000000000000000
  acc_nonce 0
  balance 4503599627370495
  code 19 96 0 96 0 96 0 96 0 96 0 96 0 53 90 241 96 0 85 0
 addr 0xa94f5374fce5edbc8e2a8697c15331677e6ebf0b
  acc_nonce 0
  balance 340282366920938463463374607431768211455
  code 0
 addr 0xaaa50000fce5edbc8e2a8697c15331677e6ebf0b
  acc_nonce 0
  balance 4503599627370495
  code 0
 addr 0xbbbf5374fce5edbc8e2a8697c15331677e6ebf0b
  acc_nonce 0
  balance 4503599627370495
  code 71 96 1 96 0 84 1 96 0 85 97 4 0 96 0 84 16 96 27 87 96 1 96 2 85 96 69 86 91 96 0 96 0 98 15 66 64 96 0 115 187 191 83 116 252 229 237 188 142 42 134 151 193 83 49 103 126 110 191 11 98 15 85 200 90 3 250 96 1 85 91 0
 addr 0xcbbf5374fce5edbc8e2a8697c15331677e6ebf0b
  acc_nonce 0
  balance 4503599627370495
  code 71 96 1 96 0 81 1 96 0 82 97 4 0 96 0 81 16 96 27 87 96 1 96 64 82 96 69 86 91 96 0 96 0 98 15 66 64 96 0 115 203 191 83 116 252 229 237 188 142 42 134 151 193 83 49 103 126 110 191 11 98 15 85 200 90 3 250 96 32 82 91 0
post
 addr 0x1000000000000000000000000000000000000000
  acc_nonce 0
  balance 4503599627370505
  code 19 96 0 96 0 96 0 96 0 96 0 96 0 53 90 241 96 0 85 0
   kv 0x0000000000000000000000000000000000000000000000000000000000000000 0x0000000000000000000000000000000000000000000000000000000000000001
 addr 0xa94f5374fce5edbc8e2a8697c15331677e6ebf0b
  acc_nonce 1
  balance 340282366920938463463374607430644756825
  code 0
 addr 0xaaa50000fce5edbc8e2a8697c15331677e6ebf0b
  acc_nonce 0
  balance 4503599627370495
  code 0
 addr 0xb94f5374fce5edbc8e2a8697c15331677e6ebf0b
  acc_nonce 0
  balance 2000000001123454620
  code 0
 addr 0xbbbf5374fce5edbc8e2a8697c15331677e6ebf0b
  acc_nonce 0
  balance 4503599627370495
  code 71 96 1 96 0 84 1 96 0 85 97 4 0 96 0 84 16 96 27 87 96 1 96 2 85 96 69 86 91 96 0 96 0 98 15 66 64 96 0 115 187 191 83 116 252 229 237 188 142 42 134 151 193 83 49 103 126 110 191 11 98 15 85 200 90 3 250 96 1 85 91 0
 addr 0xcbbf5374fce5edbc8e2a8697c15331677e6ebf0b
  acc_nonce 0
  balance 4503599627370495
  code 71 96 1 96 0 81 1 96 0 82 97 4 0 96 0 81 16 96 27 87 96 1 96 64 82 96 69 86 91 96 0 96 0 98 15 66 64 96 0 115 203 191 83 116 252 229 237 188 142 42 134 151 193 83 49 103 126 110 191 11 98 15 85 200 90 3 250 96 32 82 91 0
blocks
 block 0
  coinbase 0xb94f5374fce5edbc8e2a8697c15331677e6ebf0b
  height 1
  difficulty 131072
  gaslimit 893371582030
  timestamp 1000
  tx 0
   from 0xa94f5374fce5edbc8e2a8697c15331677e6ebf0b
   nonce 0
   to 0x1000000000000000000000000000000000000000
   value 10
   gasprice 1
   gas 882500000000
   data 32 0 0 0 0 0 0 0 0 0 0 0 0 203 191 83 116 252 229 237 188 142 42 134 151 193 83 49 103 126 110 191 11
