test static_CallAskMoreGasOnDepth2ThenTransactionHas_d0g0v0_Istanbul
pre
 addr 0x1000000000000000000000000000000000000000
  acc_nonce 0
  balance 0
  code 22 96 0 96 0 96 0 96 0 52 96 0 53 90 241 96 0 85 90 96 1 85 0
 addr 0x1000000000000000000000000000000000000107
  acc_nonce 0
  balance 0
  code 42 90 96 8 82 96 0 96 0 96 0 96 0 115 16 0 0 0 0 0 0 0 0 0 0 0 0 0 0 0 0 0 1 8 98 9 39 192 250 96 9 82 0
 addr 0x1000000000000000000000000000000000000108
  acc_nonce 0
  balance 0
  code 5 90 96 8 85 0
 addr 0x2000000000000000000000000000000000000107
  acc_nonce 0
  balance 0
  code 42 90 96 8 82 96 0 96 0 96 0 96 0 115 32 0 0 0 0 0 0 0 0 0 0 0 0 0 0 0 0 0 1 8 98 9 39 192 250 96 9 82 0
 addr 0x2000000000000000000000000000000000000108
  acc_nonce 0
  balance 0
  code 5 90 96 8 82 0
 addr 0xa94f5374fce5edbc8e2a8697c15331677e6ebf0b
  acc_nonce 0
  balance 1000000000000
  code 0
 addr 0xb94f5374fce5edbc8e2a8697c15331677e6ebf0b
  acc_nonce 0
  balance 0
  code 42 90 96 8 85 96 0 96 0 96 0 96 0 115 16 0 0 0 0 0 0 0 0 0 0 0 0 0 0 0 0 0 1 7 98 3 13 64 250 96 9 85 0
 addr 0xc94f5374fce5edbc8e2a8697c15331677e6ebf0b
  acc_nonce 0
  balance 0
  code 42 90 96 8 85 96 0 96 0 96 0 96 0 115 32 0 0 0 0 0 0 0 0 0 0 0 0 0 0 0 0 0 1 7 98 3 13 64 250 96 9 85 0
post
 addr 0x1000000000000000000000000000000000000000
  acc_nonce 0
  balance 0
  code 22 96 0 96 0 96 0 96 0 52 96 0 53 90 241 96 0 85 90 96 1 85 0
   kv 0x0000000000000000000000000000000000000000000000000000000000000000 0x0000000000000000000000000000000000000000000000000000000000000001
   kv 0x0000000000000000000000000000000000000000000000000000000000000001 0x000000000000000000000000000000000000000000000000000000000004e31e
 addr 0x1000000000000000000000000000000000000107
  acc_nonce 0
  balance 0
  code 42 90 96 8 82 96 0 96 0 96 0 96 0 115 16 0 0 0 0 0 0 0 0 0 0 0 0 0 0 0 0 0 1 8 98 9 39 192 250 96 9 82 0
 addr 0x1000000000000000000000000000000000000108
  acc_nonce 0
  balance 0
  code 5 90 96 8 85 0
 addr 0x2000000000000000000000000000000000000107
  acc_nonce 0
  balance 0
  code 42 90 96 8 82 96 0 96 0 96 0 96 0 115 32 0 0 0 0 0 0 0 0 0 0 0 0 0 0 0 0 0 1 8 98 9 39 192 250 96 9 82 0
 addr 0x2000000000000000000000000000000000000108
  acc_nonce 0
  balance 0
  code 5 90 96 8 82 0
 addr 0x2adc25665018aa1fe0e6bc666dac8fc2697ff9ba
  acc_nonce 0
  balance 2000000000000299717
  code 0
 addr 0xa94f5374fce5edbc8e2a8697c15331677e6ebf0b
  acc_nonce 1
  balance 999999700283
  code 0
 addr 0xb94f5374fce5edbc8e2a8697c15331677e6ebf0b
  acc_nonce 0
  balance 0
  code 42 90 96 8 85 96 0 96 0 96 0 96 0 115 16 0 0 0 0 0 0 0 0 0 0 0 0 0 0 0 0 0 1 7 98 3 13 64 250 96 9 85 0
   kv 0x0000000000000000000000000000000000000000000000000000000000000008 0x000000000000000000000000000000000000000000000000000000000008ae2f
   kv 0x0000000000000000000000000000000000000000000000000000000000000009 0x0000000000000000000000000000000000000000000000000000000000000001
 addr 0xc94f5374fce5edbc8e2a8697c15331677e6ebf0b
  acc_nonce 0
  balance 0
  code 42 90 96 8 85 96 0 96 0 96 0 96 0 115 32 0 0 0 0 0 0 0 0 0 0 0 0 0 0 0 0 0 1 7 98 3 13 64 250 96 9 85 0
blocks
 block 0
  coinbase 0x2adc25665018aa1fe0e6bc666dac8fc2697ff9ba
  height 1
  difficulty 131072
  gaslimit 10009764
  timestamp 1000
  tx 0
   from 0xa94f5374fce5edbc8e2a8697c15331677e6ebf0b
   nonce 0
   to 0x1000000000000000000000000000000000000000
   value 0
   gasprice 1
   gas 600000
   data 32 0 0 0 0 0 0 0 0 0 0 0 0 185 79 83 116 252 229 237 188 142 42 134 151 193 83 49 103 126 110 191 11
test static_CallAskMoreGasOnDepth2ThenTransactionHas_d1g0v0_Istanbul
pre
 addr 0x1000000000000000000000000000000000000000
  acc_nonce 0
  balance 0
  code 22 96 0 96 0 96 0 96 0 52 96 0 53 90 241 96 0 85 90 96 1 85 0
 addr 0x1000000000000000000000000000000000000107
  acc_nonce 0
  balance 0
  code 42 90 96 8 82 96 0 96 0 96 0 96 0 115 16 0 0 0 0 0 0 0 0 0 0 0 0 0 0 0 0 0 1 8 98 9 39 192 250 96 9 82 0
 addr 0x1000000000000000000000000000000000000108
  acc_nonce 0
  balance 0
  code 5 90 96 8 85 0
 addr 0x2000000000000000000000000000000000000107
  acc_nonce 0
  balance 0
  code 42 90 96 8 82 96 0 96 0 96 0 96 0 115 32 0 0 0 0 0 0 0 0 0 0 0 0 0 0 0 0 0 1 8 98 9 39 192 250 96 9 82 0
 addr 0x2000000000000000000000000000000000000108
  acc_nonce 0
  balance 0
  code 5 90 96 8 82 0
 addr 0xa94f5374fce5edbc8e2a8697c15331677e6ebf0b
  acc_nonce 0
  balance 1000000000000
  code 0
 addr 0xb94f5374fce5edbc8e2a8697c15331677e6ebf0b
  acc_nonce 0
  balance 0
  code 42 90 96 8 85 96 0 96 0 96 0 96 0 115 16 0 0 0 0 0 0 0 0 0 0 0 0 0 0 0 0 0 1 7 98 3 13 64 250 96 9 85 0
 addr 0xc94f5374fce5edbc8e2a8697c15331677e6ebf0b
  acc_nonce 0
  balance 0
  code 42 90 96 8 85 96 0 96 0 96 0 96 0 115 32 0 0 0 0 0 0 0 0 0 0 0 0 0 0 0 0 0 1 7 98 3 13 64 250 96 9 85 0
post
 addr 0x1000000000000000000000000000000000000000
  acc_nonce 0
  balance 0
  code 22 96 0 96 0 96 0 96 0 52 96 0 53 90 241 96 0 85 90 96 1 85 0
   kv 0x0000000000000000000000000000000000000000000000000000000000000000 0x0000000000000000000000000000000000000000000000000000000000000001
   kv 0x0000000000000000000000000000000000000000000000000000000000000001 0x000000000000000000000000000000000000000000000000000000000007e14b
 addr 0x1000000000000000000000000000000000000107
  acc_nonce 0
  balance 0
  code 42 90 96 8 82 96 0 96 0 96 0 96 0 115 16 0 0 0 0 0 0 0 0 0 0 0 0 0 0 0 0 0 1 8 98 9 39 192 250 96 9 82 0
 addr 0x1000000000000000000000000000000000000108
  acc_nonce 0
  balance 0
  code 5 90 96 8 85 0
 addr 0x2000000000000000000000000000000000000107
  acc_nonce 0
  balance 0
  code 42 90 96 8 82 96 0 96 0 96 0 96 0 115 32 0 0 0 0 0 0 0 0 0 0 0 0 0 0 0 0 0 1 8 98 9 39 192 250 96 9 82 0
 addr 0x2000000000000000000000000000000000000108
  acc_nonce 0
  balance 0
  code 5 90 96 8 82 0
 addr 0x2adc25665018aa1fe0e6bc666dac8fc2697ff9ba
  acc_nonce 0
  balance 2000000000000103576
  code 0
 addr 0xa94f5374fce5edbc8e2a8697c15331677e6ebf0b
  acc_nonce 1
  balance 999999896424
  code 0
 addr 0xb94f5374fce5edbc8e2a8697c15331677e6ebf0b
  acc_nonce 0
  balance 0
  code 42 90 96 8 85 96 0 96 0 96 0 96 0 115 16 0 0 0 0 0 0 0 0 0 0 0 0 0 0 0 0 0 1 7 98 3 13 64 250 96 9 85 0
 addr 0xc94f5374fce5edbc8e2a8697c15331677e6ebf0b
  acc_nonce 0
  balance 0
  code 42 90 96 8 85 96 0 96 0 96 0 96 0 115 32 0 0 0 0 0 0 0 0 0 0 0 0 0 0 0 0 0 1 7 98 3 13 64 250 96 9 85 0
   kv 0x0000000000000000000000000000000000000000000000000000000000000008 0x000000000000000000000000000000000000000000000000000000000008ae2f
   kv 0x0000000000000000000000000000000000000000000000000000000000000009 0x0000000000000000000000000000000000000000000000000000000000000001
blocks
 block 0
  coinbase 0x2adc25665018aa1fe0e6bc666dac8fc2697ff9ba
  height 1
  difficulty 131072
  gaslimit 10009764
  timestamp 1000
  tx 0
   from 0xa94f5374fce5edbc8e2a8697c15331677e6ebf0b
   nonce 0
   to 0x1000000000000000000000000000000000000000
   value 0
   gasprice 1
   gas 600000
   data 32 0 0 0 0 0 0 0 0 0 0 0 0 201 79 83 116 252 229 237 188 142 42 134 151 193 83 49 103 126 110 191 11
