test static_CREATE_EmptyContractWithStorageAndCallIt_0wei_d0g0v0_Istanbul
pre
 addr 0xa94f5374fce5edbc8e2a8697c15331677e6ebf0b
  acc_nonce 0
  balance 1000000000000
  code 0
 addr 0xb94f5374fce5edbc8e2a8697c15331677e6ebf0b
  acc_nonce 0
  balance 0
  code 113 90 96 0 85 127 96 12 96 0 85 96 0 96 0 96 0 96 0 96 0 115 201 79 83 116 252 229 237 188 142 42 134 151 193 83 49 103 96 0 82 127 126 110 191 11 97 234 96 241 0 0 0 0 0 0 0 0 0 0 0 0 0 0 0 0 0 0 0 0 0 0 0 0 96 32 82 96 64 96 0 96 0 240 96 1 85 90 96 2 85 96 0 96 0 96 0 96 0 96 1 84 97 234 96 250 96 3 85 90 96 100 85 0
 addr 0xc94f5374fce5edbc8e2a8697c15331677e6ebf0b
  acc_nonce 0
  balance 1000000000000
  code 6 96 12 96 1 85 0
post
 addr 0x2adc25665018aa1fe0e6bc666dac8fc2697ff9ba
  acc_nonce 0
  balance 2000000000000195305
  code 0
 addr 0xa94f5374fce5edbc8e2a8697c15331677e6ebf0b
  acc_nonce 1
  balance 999999804695
  code 0
 addr 0xb94f5374fce5edbc8e2a8697c15331677e6ebf0b
  acc_nonce 1
  balance 0
  code 113 90 96 0 85 127 96 12 96 0 85 96 0 96 0 96 0 96 0 96 0 115 201 79 83 116 252 229 237 188 142 42 134 151 193 83 49 103 96 0 82 127 126 110 191 11 97 234 96 241 0 0 0 0 0 0 0 0 0 0 0 0 0 0 0 0 0 0 0 0 0 0 0 0 96 32 82 96 64 96 0 96 0 240 96 1 85 90 96 2 85 96 0 96 0 96 0 96 0 96 1 84 97 234 96 250 96 3 85 90 96 100 85 0
   kv 0x0000000000000000000000000000000000000000000000000000000000000000 0x000000000000000000000000000000000000000000000000000000000008d5b6
   kv 0x0000000000000000000000000000000000000000000000000000000000000001 0x000000000000000000000000f1ecf98489fa9ed60a664fc4998db699cfa39d40
   kv 0x0000000000000000000000000000000000000000000000000000000000000002 0x0000000000000000000000000000000000000000000000000000000000071d30
   kv 0x0000000000000000000000000000000000000000000000000000000000000003 0x0000000000000000000000000000000000000000000000000000000000000001
   kv 0x0000000000000000000000000000000000000000000000000000000000000064 0x0000000000000000000000000000000000000000000000000000000000067afa
 addr 0xc94f5374fce5edbc8e2a8697c15331677e6ebf0b
  acc_nonce 0
  balance 1000000000000
  code 6 96 12 96 1 85 0
   kv 0x0000000000000000000000000000000000000000000000000000000000000001 0x000000000000000000000000000000000000000000000000000000000000000c
 addr 0xf1ecf98489fa9ed60a664fc4998db699cfa39d40
  acc_nonce 1
  balance 0
  code 0
   kv 0x0000000000000000000000000000000000000000000000000000000000000000 0x000000000000000000000000000000000000000000000000000000000000000c
blocks
 block 0
  coinbase 0x2adc25665018aa1fe0e6bc666dac8fc2697ff9ba
  height 1
  difficulty 131072
  gaslimit 10009764
  timestamp 1000
  tx 0
   from 0xa94f5374fce5edbc8e2a8697c15331677e6ebf0b
   nonce 0
   to 0xb94f5374fce5edbc8e2a8697c15331677e6ebf0b
   value 0
   gasprice 1
   gas 600000
   data 0
