test static_LoopCallsThenRevert_d0g0v0_Istanbul
pre
 addr 0x1000000000000000000000000000000000000000
  acc_nonce 0
  balance 0
  code 51 97 3 82 96 0 82 96 0 96 0 96 32 96 0 96 0 115 160 0 0 0 0 0 0 0 0 0 0 0 0 0 0 0 0 0 0 0 97 39 16 90 3 241 96 0 85 90 96 1 85 0
 addr 0xa000000000000000000000000000000000000000
  acc_nonce 0
  balance 0
  code 50 91 96 1 96 0 53 3 96 0 82 96 0 96 0 96 0 96 0 115 176 0 0 0 0 0 0 0 0 0 0 0 0 0 0 0 0 0 0 0 97 195 80 250 80 96 0 81 96 0 87
   kv 0x0000000000000000000000000000000000000000000000000000000000000000 0x0000000000000000000000000000000000000000000000000000000000000352
 addr 0xa94f5374fce5edbc8e2a8697c15331677e6ebf0b
  acc_nonce 0
  balance 1000000000000
  code 0
 addr 0xb000000000000000000000000000000000000000
  acc_nonce 0
  balance 0
  code 10 96 0 81 96 1 1 96 0 82 0
post
 addr 0x1000000000000000000000000000000000000000
  acc_nonce 0
  balance 0
  code 51 97 3 82 96 0 82 96 0 96 0 96 32 96 0 96 0 115 160 0 0 0 0 0 0 0 0 0 0 0 0 0 0 0 0 0 0 0 97 39 16 90 3 241 96 0 85 90 96 1 85 0
   kv 0x0000000000000000000000000000000000000000000000000000000000000001 0x0000000000000000000000000000000000000000000000000000000000025de1
 addr 0x2adc25665018aa1fe0e6bc666dac8fc2697ff9ba
  acc_nonce 0
  balance 2000000000009864898
  code 0
 addr 0xa000000000000000000000000000000000000000
  acc_nonce 0
  balance 0
  code 50 91 96 1 96 0 53 3 96 0 82 96 0 96 0 96 0 96 0 115 176 0 0 0 0 0 0 0 0 0 0 0 0 0 0 0 0 0 0 0 97 195 80 250 80 96 0 81 96 0 87
   kv 0x0000000000000000000000000000000000000000000000000000000000000000 0x0000000000000000000000000000000000000000000000000000000000000352
 addr 0xa94f5374fce5edbc8e2a8697c15331677e6ebf0b
  acc_nonce 1
  balance 999990135102
  code 0
 addr 0xb000000000000000000000000000000000000000
  acc_nonce 0
  balance 0
  code 10 96 0 81 96 1 1 96 0 82 0
blocks
 block 0
  coinbase 0x2adc25665018aa1fe0e6bc666dac8fc2697ff9ba
  height 1
  difficulty 131072
  gaslimit 100097655
  timestamp 1000
  tx 0
   from 0xa94f5374fce5edbc8e2a8697c15331677e6ebf0b
   nonce 0
   to 0x1000000000000000000000000000000000000000
   value 0
   gasprice 1
   gas 10000000
   data 0
test static_LoopCallsThenRevert_d0g1v0_Istanbul
pre
 addr 0x1000000000000000000000000000000000000000
  acc_nonce 0
  balance 0
  code 51 97 3 82 96 0 82 96 0 96 0 96 32 96 0 96 0 115 160 0 0 0 0 0 0 0 0 0 0 0 0 0 0 0 0 0 0 0 97 39 16 90 3 241 96 0 85 90 96 1 85 0
 addr 0xa000000000000000000000000000000000000000
  acc_nonce 0
  balance 0
  code 50 91 96 1 96 0 53 3 96 0 82 96 0 96 0 96 0 96 0 115 176 0 0 0 0 0 0 0 0 0 0 0 0 0 0 0 0 0 0 0 97 195 80 250 80 96 0 81 96 0 87
   kv 0x0000000000000000000000000000000000000000000000000000000000000000 0x0000000000000000000000000000000000000000000000000000000000000352
 addr 0xa94f5374fce5edbc8e2a8697c15331677e6ebf0b
  acc_nonce 0
  balance 1000000000000
  code 0
 addr 0xb000000000000000000000000000000000000000
  acc_nonce 0
  balance 0
  code 10 96 0 81 96 1 1 96 0 82 0
post
 addr 0x1000000000000000000000000000000000000000
  acc_nonce 0
  balance 0
  code 51 97 3 82 96 0 82 96 0 96 0 96 32 96 0 96 0 115 160 0 0 0 0 0 0 0 0 0 0 0 0 0 0 0 0 0 0 0 97 39 16 90 3 241 96 0 85 90 96 1 85 0
   kv 0x0000000000000000000000000000000000000000000000000000000000000001 0x00000000000000000000000000000000000000000000000000000000000220d8
 addr 0x2adc25665018aa1fe0e6bc666dac8fc2697ff9ba
  acc_nonce 0
  balance 2000000000008880523
  code 0
 addr 0xa000000000000000000000000000000000000000
  acc_nonce 0
  balance 0
  code 50 91 96 1 96 0 53 3 96 0 82 96 0 96 0 96 0 96 0 115 176 0 0 0 0 0 0 0 0 0 0 0 0 0 0 0 0 0 0 0 97 195 80 250 80 96 0 81 96 0 87
   kv 0x0000000000000000000000000000000000000000000000000000000000000000 0x0000000000000000000000000000000000000000000000000000000000000352
 addr 0xa94f5374fce5edbc8e2a8697c15331677e6ebf0b
  acc_nonce 1
  balance 999991119477
  code 0
 addr 0xb000000000000000000000000000000000000000
  acc_nonce 0
  balance 0
  code 10 96 0 81 96 1 1 96 0 82 0
blocks
 block 0
  coinbase 0x2adc25665018aa1fe0e6bc666dac8fc2697ff9ba
  height 1
  difficulty 131072
  gaslimit 100097655
  timestamp 1000
  tx 0
   from 0xa94f5374fce5edbc8e2a8697c15331677e6ebf0b
   nonce 0
   to 0x1000000000000000000000000000000000000000
   value 0
   gasprice 1
   gas 9000000
   data 0
