test static_callCreate2_d0g0v0_Istanbul
pre
 addr 0x1000000000000000000000000000000000000000
  acc_nonce 0
  balance 1000000000000000000
  code 30 96 0 96 0 96 1 240 96 0 85 96 0 96 0 96 0 96 0 96 0 84 98 4 147 224 250 96 1 85 0
 addr 0x1000000000000000000000000000000000000001
  acc_nonce 0
  balance 1000000000000000000
  code 48 109 100 96 1 96 1 85 96 0 82 96 5 96 27 243 96 0 82 96 14 96 18 96 1 240 96 0 85 96 0 96 0 96 0 96 0 96 0 84 98 4 147 224 250 96 1 85 0
 addr 0x1000000000000000000000000000000000000002
  acc_nonce 0
  balance 1000000000000000000
  code 77 109 100 96 1 96 1 85 96 0 82 96 5 96 27 243 96 0 82 96 14 96 18 96 1 240 96 0 85 96 0 96 0 96 0 96 0 96 0 84 98 4 147 224 250 96 1 85 91 97 195 80 96 128 81 16 21 96 75 87 96 1 59 80 96 1 96 128 81 1 96 128 82 96 47 86 91 0
 addr 0xa000000000000000000000000000000000000000
  acc_nonce 0
  balance 1000000000000000000
  code 19 96 0 96 0 96 0 96 0 96 0 96 0 53 98 9 39 192 241 0
 addr 0xa94f5374fce5edbc8e2a8697c15331677e6ebf0b
  acc_nonce 0
  balance 1000000000000000000
  code 0
post
 addr 0x1000000000000000000000000000000000000000
  acc_nonce 1
  balance 999999999999999999
  code 30 96 0 96 0 96 1 240 96 0 85 96 0 96 0 96 0 96 0 96 0 84 98 4 147 224 250 96 1 85 0
   kv 0x0000000000000000000000000000000000000000000000000000000000000000 0x00000000000000000000000013136008b64ff592819b2fa6d43f2835c452020e
   kv 0x0000000000000000000000000000000000000000000000000000000000000001 0x0000000000000000000000000000000000000000000000000000000000000001
 addr 0x1000000000000000000000000000000000000001
  acc_nonce 0
  balance 1000000000000000000
  code 48 109 100 96 1 96 1 85 96 0 82 96 5 96 27 243 96 0 82 96 14 96 18 96 1 240 96 0 85 96 0 96 0 96 0 96 0 96 0 84 98 4 147 224 250 96 1 85 0
 addr 0x1000000000000000000000000000000000000002
  acc_nonce 0
  balance 1000000000000000000
  code 77 109 100 96 1 96 1 85 96 0 82 96 5 96 27 243 96 0 82 96 14 96 18 96 1 240 96 0 85 96 0 96 0 96 0 96 0 96 0 84 98 4 147 224 250 96 1 85 91 97 195 80 96 128 81 16 21 96 75 87 96 1 59 80 96 1 96 128 81 1 96 128 82 96 47 86 91 0
 addr 0x13136008b64ff592819b2fa6d43f2835c452020e
  acc_nonce 1
  balance 1
  code 0
 addr 0x2adc25665018aa1fe0e6bc666dac8fc2697ff9ba
  acc_nonce 0
  balance 2000000000000095397
  code 0
 addr 0xa000000000000000000000000000000000000000
  acc_nonce 0
  balance 1000000000000100000
  code 19 96 0 96 0 96 0 96 0 96 0 96 0 53 98 9 39 192 241 0
 addr 0xa94f5374fce5edbc8e2a8697c15331677e6ebf0b
  acc_nonce 1
  balance 999999999999804603
  code 0
blocks
 block 0
  coinbase 0x2adc25665018aa1fe0e6bc666dac8fc2697ff9ba
  height 1
  difficulty 131072
  gaslimit 10009764
  timestamp 1000
  tx 0
   from 0xa94f5374fce5edbc8e2a8697c15331677e6ebf0b
   nonce 0
   to 0xa000000000000000000000000000000000000000
   value 100000
   gasprice 1
   gas 1000000
   data 32 0 0 0 0 0 0 0 0 0 0 0 0 16 0 0 0 0 0 0 0 0 0 0 0 0 0 0 0 0 0 0 0
test static_callCreate2_d1g0v0_Istanbul
pre
 addr 0x1000000000000000000000000000000000000000
  acc_nonce 0
  balance 1000000000000000000
  code 30 96 0 96 0 96 1 240 96 0 85 96 0 96 0 96 0 96 0 96 0 84 98 4 147 224 250 96 1 85 0
 addr 0x1000000000000000000000000000000000000001
  acc_nonce 0
  balance 1000000000000000000
  code 48 109 100 96 1 96 1 85 96 0 82 96 5 96 27 243 96 0 82 96 14 96 18 96 1 240 96 0 85 96 0 96 0 96 0 96 0 96 0 84 98 4 147 224 250 96 1 85 0
 addr 0x1000000000000000000000000000000000000002
  acc_nonce 0
  balance 1000000000000000000
  code 77 109 100 96 1 96 1 85 96 0 82 96 5 96 27 243 96 0 82 96 14 96 18 96 1 240 96 0 85 96 0 96 0 96 0 96 0 96 0 84 98 4 147 224 250 96 1 85 91 97 195 80 96 128 81 16 21 96 75 87 96 1 59 80 96 1 96 128 81 1 96 128 82 96 47 86 91 0
 addr 0xa000000000000000000000000000000000000000
  acc_nonce 0
  balance 1000000000000000000
  code 19 96 0 96 0 96 0 96 0 96 0 96 0 53 98 9 39 192 241 0
 addr 0xa94f5374fce5edbc8e2a8697c15331677e6ebf0b
  acc_nonce 0
  balance 1000000000000000000
  code 0
post
 addr 0x1000000000000000000000000000000000000000
  acc_nonce 0
  balance 1000000000000000000
  code 30 96 0 96 0 96 1 240 96 0 85 96 0 96 0 96 0 96 0 96 0 84 98 4 147 224 250 96 1 85 0
 addr 0x1000000000000000000000000000000000000001
  acc_nonce 1
  balance 999999999999999999
  code 48 109 100 96 1 96 1 85 96 0 82 96 5 96 27 243 96 0 82 96 14 96 18 96 1 240 96 0 85 96 0 96 0 96 0 96 0 96 0 84 98 4 147 224 250 96 1 85 0
   kv 0x0000000000000000000000000000000000000000000000000000000000000000 0x0000000000000000000000005dddfce53ee040d9eb21afbc0ae1bb4dbb0ba643
 addr 0x1000000000000000000000000000000000000002
  acc_nonce 0
  balance 1000000000000000000
  code 77 109 100 96 1 96 1 85 96 0 82 96 5 96 27 243 96 0 82 96 14 96 18 96 1 240 96 0 85 96 0 96 0 96 0 96 0 96 0 84 98 4 147 224 250 96 1 85 91 97 195 80 96 128 81 16 21 96 75 87 96 1 59 80 96 1 96 128 81 1 96 128 82 96 47 86 91 0
 addr 0x2adc25665018aa1fe0e6bc666dac8fc2697ff9ba
  acc_nonce 0
  balance 2000000000000377239
  code 0
 addr 0x5dddfce53ee040d9eb21afbc0ae1bb4dbb0ba643
  acc_nonce 1
  balance 1
  code 5 96 1 96 1 85
 addr 0xa000000000000000000000000000000000000000
  acc_nonce 0
  balance 1000000000000100000
  code 19 96 0 96 0 96 0 96 0 96 0 96 0 53 98 9 39 192 241 0
 addr 0xa94f5374fce5edbc8e2a8697c15331677e6ebf0b
  acc_nonce 1
  balance 999999999999522761
  code 0
blocks
 block 0
  coinbase 0x2adc25665018aa1fe0e6bc666dac8fc2697ff9ba
  height 1
  difficulty 131072
  gaslimit 10009764
  timestamp 1000
  tx 0
   from 0xa94f5374fce5edbc8e2a8697c15331677e6ebf0b
   nonce 0
   to 0xa000000000000000000000000000000000000000
   value 100000
   gasprice 1
   gas 1000000
   data 32 0 0 0 0 0 0 0 0 0 0 0 0 16 0 0 0 0 0 0 0 0 0 0 0 0 0 0 0 0 0 0 1
test static_callCreate2_d2g0v0_Istanbul
pre
 addr 0x1000000000000000000000000000000000000000
  acc_nonce 0
  balance 1000000000000000000
  code 30 96 0 96 0 96 1 240 96 0 85 96 0 96 0 96 0 96 0 96 0 84 98 4 147 224 250 96 1 85 0
 addr 0x1000000000000000000000000000000000000001
  acc_nonce 0
  balance 1000000000000000000
  code 48 109 100 96 1 96 1 85 96 0 82 96 5 96 27 243 96 0 82 96 14 96 18 96 1 240 96 0 85 96 0 96 0 96 0 96 0 96 0 84 98 4 147 224 250 96 1 85 0
 addr 0x1000000000000000000000000000000000000002
  acc_nonce 0
  balance 1000000000000000000
  code 77 109 100 96 1 96 1 85 96 0 82 96 5 96 27 243 96 0 82 96 14 96 18 96 1 240 96 0 85 96 0 96 0 96 0 96 0 96 0 84 98 4 147 224 250 96 1 85 91 97 195 80 96 128 81 16 21 96 75 87 96 1 59 80 96 1 96 128 81 1 96 128 82 96 47 86 91 0
 addr 0xa000000000000000000000000000000000000000
  acc_nonce 0
  balance 1000000000000000000
  code 19 96 0 96 0 96 0 96 0 96 0 96 0 53 98 9 39 192 241 0
 addr 0xa94f5374fce5edbc8e2a8697c15331677e6ebf0b
  acc_nonce 0
  balance 1000000000000000000
  code 0
post
 addr 0x1000000000000000000000000000000000000000
  acc_nonce 0
  balance 1000000000000000000
  code 30 96 0 96 0 96 1 240 96 0 85 96 0 96 0 96 0 96 0 96 0 84 98 4 147 224 250 96 1 85 0
 addr 0x1000000000000000000000000000000000000001
  acc_nonce 0
  balance 1000000000000000000
  code 48 109 100 96 1 96 1 85 96 0 82 96 5 96 27 243 96 0 82 96 14 96 18 96 1 240 96 0 85 96 0 96 0 96 0 96 0 96 0 84 98 4 147 224 250 96 1 85 0
 addr 0x1000000000000000000000000000000000000002
  acc_nonce 0
  balance 1000000000000000000
  code 77 109 100 96 1 96 1 85 96 0 82 96 5 96 27 243 96 0 82 96 14 96 18 96 1 240 96 0 85 96 0 96 0 96 0 96 0 96 0 84 98 4 147 224 250 96 1 85 91 97 195 80 96 128 81 16 21 96 75 87 96 1 59 80 96 1 96 128 81 1 96 128 82 96 47 86 91 0
 addr 0x2adc25665018aa1fe0e6bc666dac8fc2697ff9ba
  acc_nonce 0
  balance 2000000000000621876
  code 0
 addr 0xa000000000000000000000000000000000000000
  acc_nonce 0
  balance 1000000000000100000
  code 19 96 0 96 0 96 0 96 0 96 0 96 0 53 98 9 39 192 241 0
 addr 0xa94f5374fce5edbc8e2a8697c15331677e6ebf0b
  acc_nonce 1
  balance 999999999999278124
  code 0
blocks
 block 0
  coinbase 0x2adc25665018aa1fe0e6bc666dac8fc2697ff9ba
  height 1
  difficulty 131072
  gaslimit 10009764
  timestamp 1000
  tx 0
   from 0xa94f5374fce5edbc8e2a8697c15331677e6ebf0b
   nonce 0
   to 0xa000000000000000000000000000000000000000
   value 100000
   gasprice 1
   gas 1000000
   data 32 0 0 0 0 0 0 0 0 0 0 0 0 16 0 0 0 0 0 0 0 0 0 0 0 0 0 0 0 0 0 0 2
