test static_CREATE_ContractSuicideDuringInit_d0g0v0_Istanbul
pre
 addr 0xa94f5374fce5edbc8e2a8697c15331677e6ebf0b
  acc_nonce 0
  balance 1000000000000
  code 0
 addr 0xb94f5374fce5edbc8e2a8697c15331677e6ebf0b
  acc_nonce 0
  balance 11
  code 30 91 97 195 80 96 128 81 16 21 96 28 87 96 1 59 80 96 1 96 128 81 1 96 128 82 96 0 86 91 0
 addr 0xc94f5374fce5edbc8e2a8697c15331677e6ebf0b
  acc_nonce 0
  balance 0
  code 6 96 1 96 1 82 0
 addr 0xd94f5374fce5edbc8e2a8697c15331677e6ebf0b
  acc_nonce 0
  balance 11
  code 6 96 1 96 1 85 0
 addr 0xe94f5374fce5edbc8e2a8697c15331677e6ebf0b
  acc_nonce 0
  balance 11
  code 35 96 0 96 0 96 0 96 0 96 1 115 201 79 83 116 252 229 237 188 142 42 134 151 193 83 49 103 126 110 191 11 96 100 241 0
post
 addr 0x2adc25665018aa1fe0e6bc666dac8fc2697ff9ba
  acc_nonce 0
  balance 2000000000000035850
  code 0
 addr 0xa94f5374fce5edbc8e2a8697c15331677e6ebf0b
  acc_nonce 1
  balance 999999964150
  code 0
 addr 0xb94f5374fce5edbc8e2a8697c15331677e6ebf0b
  acc_nonce 0
  balance 11
  code 30 91 97 195 80 96 128 81 16 21 96 28 87 96 1 59 80 96 1 96 128 81 1 96 128 82 96 0 86 91 0
 addr 0xc94f5374fce5edbc8e2a8697c15331677e6ebf0b
  acc_nonce 0
  balance 0
  code 6 96 1 96 1 82 0
 addr 0xd94f5374fce5edbc8e2a8697c15331677e6ebf0b
  acc_nonce 0
  balance 11
  code 6 96 1 96 1 85 0
 addr 0xe94f5374fce5edbc8e2a8697c15331677e6ebf0b
  acc_nonce 0
  balance 11
  code 35 96 0 96 0 96 0 96 0 96 1 115 201 79 83 116 252 229 237 188 142 42 134 151 193 83 49 103 126 110 191 11 96 100 241 0
blocks
 block 0
  coinbase 0x2adc25665018aa1fe0e6bc666dac8fc2697ff9ba
  height 1
  difficulty 131072
  gaslimit 10009764
  timestamp 1000
  tx 0
   from 0xa94f5374fce5edbc8e2a8697c15331677e6ebf0b
   nonce 0
   to 0x0000000000000000000000000000000000000000
   value 0
   gasprice 1
   gas 150000
   data 74 96 0 96 0 96 0 96 0 115 201 79 83 116 252 229 237 188 142 42 134 151 193 83 49 103 126 110 191 11 97 234 96 250 80 109 100 96 12 96 0 85 96 0 82 96 5 96 27 243 96 0 82 115 201 79 83 116 252 229 237 188 142 42 134 151 193 83 49 103 126 110 191 11 255
test static_CREATE_ContractSuicideDuringInit_d1g0v0_Istanbul
pre
 addr 0xa94f5374fce5edbc8e2a8697c15331677e6ebf0b
  acc_nonce 0
  balance 1000000000000
  code 0
 addr 0xb94f5374fce5edbc8e2a8697c15331677e6ebf0b
  acc_nonce 0
  balance 11
  code 30 91 97 195 80 96 128 81 16 21 96 28 87 96 1 59 80 96 1 96 128 81 1 96 128 82 96 0 86 91 0
 addr 0xc94f5374fce5edbc8e2a8697c15331677e6ebf0b
  acc_nonce 0
  balance 0
  code 6 96 1 96 1 82 0
 addr 0xd94f5374fce5edbc8e2a8697c15331677e6ebf0b
  acc_nonce 0
  balance 11
  code 6 96 1 96 1 85 0
 addr 0xe94f5374fce5edbc8e2a8697c15331677e6ebf0b
  acc_nonce 0
  balance 11
  code 35 96 0 96 0 96 0 96 0 96 1 115 201 79 83 116 252 229 237 188 142 42 134 151 193 83 49 103 126 110 191 11 96 100 241 0
post
 addr 0x2adc25665018aa1fe0e6bc666dac8fc2697ff9ba
  acc_nonce 0
  balance 2000000000000095835
  code 0
 addr 0xa94f5374fce5edbc8e2a8697c15331677e6ebf0b
  acc_nonce 1
  balance 999999904165
  code 0
 addr 0xb94f5374fce5edbc8e2a8697c15331677e6ebf0b
  acc_nonce 0
  balance 11
  code 30 91 97 195 80 96 128 81 16 21 96 28 87 96 1 59 80 96 1 96 128 81 1 96 128 82 96 0 86 91 0
 addr 0xc94f5374fce5edbc8e2a8697c15331677e6ebf0b
  acc_nonce 0
  balance 0
  code 6 96 1 96 1 82 0
 addr 0xd94f5374fce5edbc8e2a8697c15331677e6ebf0b
  acc_nonce 0
  balance 11
  code 6 96 1 96 1 85 0
 addr 0xe94f5374fce5edbc8e2a8697c15331677e6ebf0b
  acc_nonce 0
  balance 11
  code 35 96 0 96 0 96 0 96 0 96 1 115 201 79 83 116 252 229 237 188 142 42 134 151 193 83 49 103 126 110 191 11 96 100 241 0
blocks
 block 0
  coinbase 0x2adc25665018aa1fe0e6bc666dac8fc2697ff9ba
  height 1
  difficulty 131072
  gaslimit 10009764
  timestamp 1000
  tx 0
   from 0xa94f5374fce5edbc8e2a8697c15331677e6ebf0b
   nonce 0
   to 0x0000000000000000000000000000000000000000
   value 0
   gasprice 1
   gas 150000
   data 74 96 0 96 0 96 0 96 0 115 185 79 83 116 252 229 237 188 142 42 134 151 193 83 49 103 126 110 191 11 97 234 96 250 80 109 100 96 12 96 0 85 96 0 82 96 5 96 27 243 96 0 82 115 201 79 83 116 252 229 237 188 142 42 134 151 193 83 49 103 126 110 191 11 255
test static_CREATE_ContractSuicideDuringInit_d2g0v0_Istanbul
pre
 addr 0xa94f5374fce5edbc8e2a8697c15331677e6ebf0b
  acc_nonce 0
  balance 1000000000000
  code 0
 addr 0xb94f5374fce5edbc8e2a8697c15331677e6ebf0b
  acc_nonce 0
  balance 11
  code 30 91 97 195 80 96 128 81 16 21 96 28 87 96 1 59 80 96 1 96 128 81 1 96 128 82 96 0 86 91 0
 addr 0xc94f5374fce5edbc8e2a8697c15331677e6ebf0b
  acc_nonce 0
  balance 0
  code 6 96 1 96 1 82 0
 addr 0xd94f5374fce5edbc8e2a8697c15331677e6ebf0b
  acc_nonce 0
  balance 11
  code 6 96 1 96 1 85 0
 addr 0xe94f5374fce5edbc8e2a8697c15331677e6ebf0b
  acc_nonce 0
  balance 11
  code 35 96 0 96 0 96 0 96 0 96 1 115 201 79 83 116 252 229 237 188 142 42 134 151 193 83 49 103 126 110 191 11 96 100 241 0
post
 addr 0x2adc25665018aa1fe0e6bc666dac8fc2697ff9ba
  acc_nonce 0
  balance 2000000000000095835
  code 0
 addr 0xa94f5374fce5edbc8e2a8697c15331677e6ebf0b
  acc_nonce 1
  balance 999999904165
  code 0
 addr 0xb94f5374fce5edbc8e2a8697c15331677e6ebf0b
  acc_nonce 0
  balance 11
  code 30 91 97 195 80 96 128 81 16 21 96 28 87 96 1 59 80 96 1 96 128 81 1 96 128 82 96 0 86 91 0
 addr 0xc94f5374fce5edbc8e2a8697c15331677e6ebf0b
  acc_nonce 0
  balance 0
  code 6 96 1 96 1 82 0
 addr 0xd94f5374fce5edbc8e2a8697c15331677e6ebf0b
  acc_nonce 0
  balance 11
  code 6 96 1 96 1 85 0
 addr 0xe94f5374fce5edbc8e2a8697c15331677e6ebf0b
  acc_nonce 0
  balance 11
  code 35 96 0 96 0 96 0 96 0 96 1 115 201 79 83 116 252 229 237 188 142 42 134 151 193 83 49 103 126 110 191 11 96 100 241 0
blocks
 block 0
  coinbase 0x2adc25665018aa1fe0e6bc666dac8fc2697ff9ba
  height 1
  difficulty 131072
  gaslimit 10009764
  timestamp 1000
  tx 0
   from 0xa94f5374fce5edbc8e2a8697c15331677e6ebf0b
   nonce 0
   to 0x0000000000000000000000000000000000000000
   value 0
   gasprice 1
   gas 150000
   data 74 96 0 96 0 96 0 96 0 115 217 79 83 116 252 229 237 188 142 42 134 151 193 83 49 103 126 110 191 11 97 234 96 250 80 109 100 96 12 96 0 85 96 0 82 96 5 96 27 243 96 0 82 115 201 79 83 116 252 229 237 188 142 42 134 151 193 83 49 103 126 110 191 11 255
test static_CREATE_ContractSuicideDuringInit_d3g0v0_Istanbul
pre
 addr 0xa94f5374fce5edbc8e2a8697c15331677e6ebf0b
  acc_nonce 0
  balance 1000000000000
  code 0
 addr 0xb94f5374fce5edbc8e2a8697c15331677e6ebf0b
  acc_nonce 0
  balance 11
  code 30 91 97 195 80 96 128 81 16 21 96 28 87 96 1 59 80 96 1 96 128 81 1 96 128 82 96 0 86 91 0
 addr 0xc94f5374fce5edbc8e2a8697c15331677e6ebf0b
  acc_nonce 0
  balance 0
  code 6 96 1 96 1 82 0
 addr 0xd94f5374fce5edbc8e2a8697c15331677e6ebf0b
  acc_nonce 0
  balance 11
  code 6 96 1 96 1 85 0
 addr 0xe94f5374fce5edbc8e2a8697c15331677e6ebf0b
  acc_nonce 0
  balance 11
  code 35 96 0 96 0 96 0 96 0 96 1 115 201 79 83 116 252 229 237 188 142 42 134 151 193 83 49 103 126 110 191 11 96 100 241 0
post
 addr 0x2adc25665018aa1fe0e6bc666dac8fc2697ff9ba
  acc_nonce 0
  balance 2000000000000095835
  code 0
 addr 0xa94f5374fce5edbc8e2a8697c15331677e6ebf0b
  acc_nonce 1
  balance 999999904165
  code 0
 addr 0xb94f5374fce5edbc8e2a8697c15331677e6ebf0b
  acc_nonce 0
  balance 11
  code 30 91 97 195 80 96 128 81 16 21 96 28 87 96 1 59 80 96 1 96 128 81 1 96 128 82 96 0 86 91 0
 addr 0xc94f5374fce5edbc8e2a8697c15331677e6ebf0b
  acc_nonce 0
  balance 0
  code 6 96 1 96 1 82 0
 addr 0xd94f5374fce5edbc8e2a8697c15331677e6ebf0b
  acc_nonce 0
  balance 11
  code 6 96 1 96 1 85 0
 addr 0xe94f5374fce5edbc8e2a8697c15331677e6ebf0b
  acc_nonce 0
  balance 11
  code 35 96 0 96 0 96 0 96 0 96 1 115 201 79 83 116 252 229 237 188 142 42 134 151 193 83 49 103 126 110 191 11 96 100 241 0
blocks
 block 0
  coinbase 0x2adc25665018aa1fe0e6bc666dac8fc2697ff9ba
  height 1
  difficulty 131072
  gaslimit 10009764
  timestamp 1000
  tx 0
   from 0xa94f5374fce5edbc8e2a8697c15331677e6ebf0b
   nonce 0
   to 0x0000000000000000000000000000000000000000
   value 0
   gasprice 1
   gas 150000
   data 74 96 0 96 0 96 0 96 0 115 233 79 83 116 252 229 237 188 142 42 134 151 193 83 49 103 126 110 191 11 97 234 96 250 80 109 100 96 12 96 0 85 96 0 82 96 5 96 27 243 96 0 82 115 201 79 83 116 252 229 237 188 142 42 134 151 193 83 49 103 126 110 191 11 255
