test static_CallContractToCreateContractOOG_d0g0v0_Istanbul
pre
 addr 0x095e7baea6a6c7c4c2dfeb977efac326af552d87
  acc_nonce 0
  balance 0
  code 50 116 96 12 96 0 85 102 96 32 96 64 96 0 240 96 32 82 96 7 96 57 243 96 0 82 96 21 96 11 96 1 240 96 0 85 96 0 96 0 96 0 96 0 96 0 84 96 0 250 0
 addr 0xa94f5374fce5edbc8e2a8697c15331677e6ebf0b
  acc_nonce 0
  balance 100000000
  code 0
post
 addr 0x095e7baea6a6c7c4c2dfeb977efac326af552d87
  acc_nonce 0
  balance 0
  code 50 116 96 12 96 0 85 102 96 32 96 64 96 0 240 96 32 82 96 7 96 57 243 96 0 82 96 21 96 11 96 1 240 96 0 85 96 0 96 0 96 0 96 0 96 0 84 96 0 250 0
 addr 0x2adc25665018aa1fe0e6bc666dac8fc2697ff9ba
  acc_nonce 0
  balance 2000000000000055346
  code 0
 addr 0xa94f5374fce5edbc8e2a8697c15331677e6ebf0b
  acc_nonce 1
  balance 99944654
  code 0
blocks
 block 0
  coinbase 0x2adc25665018aa1fe0e6bc666dac8fc2697ff9ba
  height 1
  difficulty 131072
  gaslimit 100097655
  timestamp 1000
  tx 0
   from 0xa94f5374fce5edbc8e2a8697c15331677e6ebf0b
   nonce 0
   to 0x095e7baea6a6c7c4c2dfeb977efac326af552d87
   value 0
   gasprice 1
   gas 20000000
   data 1 0
test static_CallContractToCreateContractOOG_d0g0v1_Istanbul
pre
 addr 0x095e7baea6a6c7c4c2dfeb977efac326af552d87
  acc_nonce 0
  balance 0
  code 50 116 96 12 96 0 85 102 96 32 96 64 96 0 240 96 32 82 96 7 96 57 243 96 0 82 96 21 96 11 96 1 240 96 0 85 96 0 96 0 96 0 96 0 96 0 84 96 0 250 0
 addr 0xa94f5374fce5edbc8e2a8697c15331677e6ebf0b
  acc_nonce 0
  balance 100000000
  code 0
post
 addr 0x095e7baea6a6c7c4c2dfeb977efac326af552d87
  acc_nonce 1
  balance 0
  code 50 116 96 12 96 0 85 102 96 32 96 64 96 0 240 96 32 82 96 7 96 57 243 96 0 82 96 21 96 11 96 1 240 96 0 85 96 0 96 0 96 0 96 0 96 0 84 96 0 250 0
   kv 0x0000000000000000000000000000000000000000000000000000000000000000 0x000000000000000000000000d2571607e241ecf590ed94b12d87c94babe36db6
 addr 0x2adc25665018aa1fe0e6bc666dac8fc2697ff9ba
  acc_nonce 0
  balance 2000000000000095973
  code 0
 addr 0xa94f5374fce5edbc8e2a8697c15331677e6ebf0b
  acc_nonce 1
  balance 99904026
  code 0
 addr 0xd2571607e241ecf590ed94b12d87c94babe36db6
  acc_nonce 1
  balance 1
  code 7 96 32 96 64 96 0 240
   kv 0x0000000000000000000000000000000000000000000000000000000000000000 0x000000000000000000000000000000000000000000000000000000000000000c
blocks
 block 0
  coinbase 0x2adc25665018aa1fe0e6bc666dac8fc2697ff9ba
  height 1
  difficulty 131072
  gaslimit 100097655
  timestamp 1000
  tx 0
   from 0xa94f5374fce5edbc8e2a8697c15331677e6ebf0b
   nonce 0
   to 0x095e7baea6a6c7c4c2dfeb977efac326af552d87
   value 1
   gasprice 1
   gas 20000000
   data 1 0
