test static_ABAcallsSuicide0_d0g0v0_Istanbul
pre
 addr 0x095e7baea6a6c7c4c2dfeb977efac326af552d87
  acc_nonce 0
  balance 1000000000000000000
  code 59 96 0 96 0 96 0 96 0 115 148 83 4 235 150 6 91 42 152 181 122 72 160 106 226 141 40 90 113 181 98 1 134 160 250 88 85 115 148 83 4 235 150 6 91 42 152 181 122 72 160 106 226 141 40 90 113 181 255 0
 addr 0x1000000000000000000000000000000000000000
  acc_nonce 0
  balance 0
  code 22 96 0 96 0 96 0 96 0 52 96 0 53 90 241 96 0 85 90 96 1 85 0
 addr 0x195e7baea6a6c7c4c2dfeb977efac326af552d87
  acc_nonce 0
  balance 1000000000000000000
  code 59 96 0 96 0 96 0 96 0 115 36 83 4 235 150 6 91 42 152 181 122 72 160 106 226 141 40 90 113 181 98 1 134 160 250 88 82 115 148 83 4 235 150 6 91 42 152 181 122 72 160 106 226 141 40 90 113 181 255 0
 addr 0x245304eb96065b2a98b57a48a06ae28d285a71b5
  acc_nonce 0
  balance 23
  code 39 96 0 96 0 96 0 96 0 115 25 94 123 174 166 166 199 196 194 223 235 151 126 250 195 38 175 85 45 135 97 195 80 250 96 1 1 88 82 0
 addr 0x945304eb96065b2a98b57a48a06ae28d285a71b5
  acc_nonce 0
  balance 23
  code 39 96 0 96 0 96 0 96 0 115 9 94 123 174 166 166 199 196 194 223 235 151 126 250 195 38 175 85 45 135 97 195 80 250 96 1 1 88 85 0
 addr 0xa94f5374fce5edbc8e2a8697c15331677e6ebf0b
  acc_nonce 0
  balance 1000000000000000000
  code 0
post
 addr 0x1000000000000000000000000000000000000000
  acc_nonce 0
  balance 0
  code 22 96 0 96 0 96 0 96 0 52 96 0 53 90 241 96 0 85 90 96 1 85 0
   kv 0x0000000000000000000000000000000000000000000000000000000000000000 0x0000000000000000000000000000000000000000000000000000000000000001
   kv 0x0000000000000000000000000000000000000000000000000000000000000001 0x00000000000000000000000000000000000000000000000000000000009637ca
 addr 0x195e7baea6a6c7c4c2dfeb977efac326af552d87
  acc_nonce 0
  balance 1000000000000000000
  code 59 96 0 96 0 96 0 96 0 115 36 83 4 235 150 6 91 42 152 181 122 72 160 106 226 141 40 90 113 181 98 1 134 160 250 88 82 115 148 83 4 235 150 6 91 42 152 181 122 72 160 106 226 141 40 90 113 181 255 0
 addr 0x245304eb96065b2a98b57a48a06ae28d285a71b5
  acc_nonce 0
  balance 23
  code 39 96 0 96 0 96 0 96 0 115 25 94 123 174 166 166 199 196 194 223 235 151 126 250 195 38 175 85 45 135 97 195 80 250 96 1 1 88 82 0
 addr 0x2adc25665018aa1fe0e6bc666dac8fc2697ff9ba
  acc_nonce 0
  balance 2000000000000151321
  code 0
 addr 0x945304eb96065b2a98b57a48a06ae28d285a71b5
  acc_nonce 0
  balance 1000000000000100023
  code 39 96 0 96 0 96 0 96 0 115 9 94 123 174 166 166 199 196 194 223 235 151 126 250 195 38 175 85 45 135 97 195 80 250 96 1 1 88 85 0
 addr 0xa94f5374fce5edbc8e2a8697c15331677e6ebf0b
  acc_nonce 1
  balance 999999999999748679
  code 0
blocks
 block 0
  coinbase 0x2adc25665018aa1fe0e6bc666dac8fc2697ff9ba
  height 1
  difficulty 131072
  gaslimit 100097655
  timestamp 1000
  tx 0
   from 0xa94f5374fce5edbc8e2a8697c15331677e6ebf0b
   nonce 0
   to 0x1000000000000000000000000000000000000000
   value 100000
   gasprice 1
   gas 10000000
   data 32 0 0 0 0 0 0 0 0 0 0 0 0 9 94 123 174 166 166 199 196 194 223 235 151 126 250 195 38 175 85 45 135
test static_ABAcallsSuicide0_d1g0v0_Istanbul
pre
 addr 0x095e7baea6a6c7c4c2dfeb977efac326af552d87
  acc_nonce 0
  balance 1000000000000000000
  code 59 96 0 96 0 96 0 96 0 115 148 83 4 235 150 6 91 42 152 181 122 72 160 106 226 141 40 90 113 181 98 1 134 160 250 88 85 115 148 83 4 235 150 6 91 42 152 181 122 72 160 106 226 141 40 90 113 181 255 0
 addr 0x1000000000000000000000000000000000000000
  acc_nonce 0
  balance 0
  code 22 96 0 96 0 96 0 96 0 52 96 0 53 90 241 96 0 85 90 96 1 85 0
 addr 0x195e7baea6a6c7c4c2dfeb977efac326af552d87
  acc_nonce 0
  balance 1000000000000000000
  code 59 96 0 96 0 96 0 96 0 115 36 83 4 235 150 6 91 42 152 181 122 72 160 106 226 141 40 90 113 181 98 1 134 160 250 88 82 115 148 83 4 235 150 6 91 42 152 181 122 72 160 106 226 141 40 90 113 181 255 0
 addr 0x245304eb96065b2a98b57a48a06ae28d285a71b5
  acc_nonce 0
  balance 23
  code 39 96 0 96 0 96 0 96 0 115 25 94 123 174 166 166 199 196 194 223 235 151 126 250 195 38 175 85 45 135 97 195 80 250 96 1 1 88 82 0
 addr 0x945304eb96065b2a98b57a48a06ae28d285a71b5
  acc_nonce 0
  balance 23
  code 39 96 0 96 0 96 0 96 0 115 9 94 123 174 166 166 199 196 194 223 235 151 126 250 195 38 175 85 45 135 97 195 80 250 96 1 1 88 85 0
 addr 0xa94f5374fce5edbc8e2a8697c15331677e6ebf0b
  acc_nonce 0
  balance 1000000000000000000
  code 0
post
 addr 0x095e7baea6a6c7c4c2dfeb977efac326af552d87
  acc_nonce 0
  balance 1000000000000000000
  code 59 96 0 96 0 96 0 96 0 115 148 83 4 235 150 6 91 42 152 181 122 72 160 106 226 141 40 90 113 181 98 1 134 160 250 88 85 115 148 83 4 235 150 6 91 42 152 181 122 72 160 106 226 141 40 90 113 181 255 0
 addr 0x1000000000000000000000000000000000000000
  acc_nonce 0
  balance 0
  code 22 96 0 96 0 96 0 96 0 52 96 0 53 90 241 96 0 85 90 96 1 85 0
   kv 0x0000000000000000000000000000000000000000000000000000000000000000 0x0000000000000000000000000000000000000000000000000000000000000001
   kv 0x0000000000000000000000000000000000000000000000000000000000000001 0x000000000000000000000000000000000000000000000000000000000096fb4c
 addr 0x245304eb96065b2a98b57a48a06ae28d285a71b5
  acc_nonce 0
  balance 23
  code 39 96 0 96 0 96 0 96 0 115 25 94 123 174 166 166 199 196 194 223 235 151 126 250 195 38 175 85 45 135 97 195 80 250 96 1 1 88 82 0
 addr 0x2adc25665018aa1fe0e6bc666dac8fc2697ff9ba
  acc_nonce 0
  balance 2000000000000101271
  code 0
 addr 0x945304eb96065b2a98b57a48a06ae28d285a71b5
  acc_nonce 0
  balance 1000000000000100023
  code 39 96 0 96 0 96 0 96 0 115 9 94 123 174 166 166 199 196 194 223 235 151 126 250 195 38 175 85 45 135 97 195 80 250 96 1 1 88 85 0
 addr 0xa94f5374fce5edbc8e2a8697c15331677e6ebf0b
  acc_nonce 1
  balance 999999999999798729
  code 0
blocks
 block 0
  coinbase 0x2adc25665018aa1fe0e6bc666dac8fc2697ff9ba
  height 1
  difficulty 131072
  gaslimit 100097655
  timestamp 1000
  tx 0
   from 0xa94f5374fce5edbc8e2a8697c15331677e6ebf0b
   nonce 0
   to 0x1000000000000000000000000000000000000000
   value 100000
   gasprice 1
   gas 10000000
   data 32 0 0 0 0 0 0 0 0 0 0 0 0 25 94 123 174 166 166 199 196 194 223 235 151 126 250 195 38 175 85 45 135
