test static_CallRecursiveBombLog_d0g0v0_Istanbul
pre
 addr 0x095e7baea6a6c7c4c2dfeb977efac326af552d87
  acc_nonce 0
  balance 20000000
  code 44 96 0 96 0 96 0 96 0 115 148 83 4 235 150 6 91 42 152 181 122 72 160 106 226 141 40 90 113 181 98 1 134 160 90 3 250 96 0 85 90 96 1 85 0
 addr 0x945304eb96065b2a98b57a48a06ae28d285a71b5
  acc_nonce 0
  balance 1000000000000000000
  code 57 127 255 255 255 255 255 255 255 255 255 255 255 255 255 255 255 255 255 255 255 255 255 255 255 255 255 255 255 255 255 255 255 255 96 0 82 96 32 96 0 160 96 0 96 0 96 0 96 0 48 97 97 168 90 3 250 0
 addr 0xa94f5374fce5edbc8e2a8697c15331677e6ebf0b
  acc_nonce 0
  balance 1000000000000000000
  code 0
post
 addr 0x095e7baea6a6c7c4c2dfeb977efac326af552d87
  acc_nonce 0
  balance 20100000
  code 44 96 0 96 0 96 0 96 0 115 148 83 4 235 150 6 91 42 152 181 122 72 160 106 226 141 40 90 113 181 98 1 134 160 90 3 250 96 0 85 90 96 1 85 0
   kv 0x0000000000000000000000000000000000000000000000000000000000000001 0x0000000000000000000000000000000000000000000000000000000009502b17
 addr 0x2adc25665018aa1fe0e6bc666dac8fc2697ff9ba
  acc_nonce 0
  balance 2000000009843771148
  code 0
 addr 0x945304eb96065b2a98b57a48a06ae28d285a71b5
  acc_nonce 0
  balance 1000000000000000000
  code 57 127 255 255 255 255 255 255 255 255 255 255 255 255 255 255 255 255 255 255 255 255 255 255 255 255 255 255 255 255 255 255 255 255 96 0 82 96 32 96 0 160 96 0 96 0 96 0 96 0 48 97 97 168 90 3 250 0
 addr 0xa94f5374fce5edbc8e2a8697c15331677e6ebf0b
  acc_nonce 1
  balance 999999990156128852
  code 0
blocks
 block 0
  coinbase 0x2adc25665018aa1fe0e6bc666dac8fc2697ff9ba
  height 1
  difficulty 131072
  gaslimit 100097656249
  timestamp 1000
  tx 0
   from 0xa94f5374fce5edbc8e2a8697c15331677e6ebf0b
   nonce 0
   to 0x095e7baea6a6c7c4c2dfeb977efac326af552d87
   value 100000
   gasprice 1
   gas 10000000000
   data 0
