test static_log_Caller_d0g0v0_Istanbul
pre
 addr 0x095e7baea6a6c7c4c2dfeb977efac326af552d87
  acc_nonce 0
  balance 1000000000000000000
  code 19 96 0 96 0 96 0 96 0 96 0 53 97 195 80 250 96 0 85 0
 addr 0x1000000000000000000000000000000000000000
  acc_nonce 0
  balance 1000000000000000000
  code 12 96 255 96 0 83 51 96 32 96 0 161 0
 addr 0x2000000000000000000000000000000000000000
  acc_nonce 0
  balance 1000000000000000000
  code 14 96 255 96 0 83 51 96 0 96 32 96 0 162 0
 addr 0x3000000000000000000000000000000000000000
  acc_nonce 0
  balance 1000000000000000000
  code 16 96 255 96 0 83 51 96 0 96 0 96 32 96 0 163 0
 addr 0x4000000000000000000000000000000000000000
  acc_nonce 0
  balance 1000000000000000000
  code 18 96 255 96 0 83 51 96 0 96 0 96 0 96 32 96 0 164 0
 addr 0xa000000000000000000000000000000000000000
  acc_nonce 0
  balance 1000000000000000000
  code 11 96 255 96 0 83 96 32 96 0 160 0
 addr 0xa94f5374fce5edbc8e2a8697c15331677e6ebf0b
  acc_nonce 0
  balance 1000000000000000000
  code 0
post
 addr 0x095e7baea6a6c7c4c2dfeb977efac326af552d87
  acc_nonce 0
  balance 1000000000000100000
  code 19 96 0 96 0 96 0 96 0 96 0 53 97 195 80 250 96 0 85 0
 addr 0x1000000000000000000000000000000000000000
  acc_nonce 0
  balance 1000000000000000000
  code 12 96 255 96 0 83 51 96 32 96 0 161 0
 addr 0x2000000000000000000000000000000000000000
  acc_nonce 0
  balance 1000000000000000000
  code 14 96 255 96 0 83 51 96 0 96 32 96 0 162 0
 addr 0x2adc25665018aa1fe0e6bc666dac8fc2697ff9ba
  acc_nonce 0
  balance 2000000000000072664
  code 0
 addr 0x3000000000000000000000000000000000000000
  acc_nonce 0
  balance 1000000000000000000
  code 16 96 255 96 0 83 51 96 0 96 0 96 32 96 0 163 0
 addr 0x4000000000000000000000000000000000000000
  acc_nonce 0
  balance 1000000000000000000
  code 18 96 255 96 0 83 51 96 0 96 0 96 0 96 32 96 0 164 0
 addr 0xa000000000000000000000000000000000000000
  acc_nonce 0
  balance 1000000000000000000
  code 11 96 255 96 0 83 96 32 96 0 160 0
 addr 0xa94f5374fce5edbc8e2a8697c15331677e6ebf0b
  acc_nonce 1
  balance 999999999999827336
  code 0
blocks
 block 0
  coinbase 0x2adc25665018aa1fe0e6bc666dac8fc2697ff9ba
  height 1
  difficulty 131072
  gaslimit 1000975
  timestamp 1000
  tx 0
   from 0xa94f5374fce5edbc8e2a8697c15331677e6ebf0b
   nonce 0
   to 0x095e7baea6a6c7c4c2dfeb977efac326af552d87
   value 100000
   gasprice 1
   gas 210000
   data 32 0 0 0 0 0 0 0 0 0 0 0 0 160 0 0 0 0 0 0 0 0 0 0 0 0 0 0 0 0 0 0 0
test static_log_Caller_d1g0v0_Istanbul
pre
 addr 0x095e7baea6a6c7c4c2dfeb977efac326af552d87
  acc_nonce 0
  balance 1000000000000000000
  code 19 96 0 96 0 96 0 96 0 96 0 53 97 195 80 250 96 0 85 0
 addr 0x1000000000000000000000000000000000000000
  acc_nonce 0
  balance 1000000000000000000
  code 12 96 255 96 0 83 51 96 32 96 0 161 0
 addr 0x2000000000000000000000000000000000000000
  acc_nonce 0
  balance 1000000000000000000
  code 14 96 255 96 0 83 51 96 0 96 32 96 0 162 0
 addr 0x3000000000000000000000000000000000000000
  acc_nonce 0
  balance 1000000000000000000
  code 16 96 255 96 0 83 51 96 0 96 0 96 32 96 0 163 0
 addr 0x4000000000000000000000000000000000000000
  acc_nonce 0
  balance 1000000000000000000
  code 18 96 255 96 0 83 51 96 0 96 0 96 0 96 32 96 0 164 0
 addr 0xa000000000000000000000000000000000000000
  acc_nonce 0
  balance 1000000000000000000
  code 11 96 255 96 0 83 96 32 96 0 160 0
 addr 0xa94f5374fce5edbc8e2a8697c15331677e6ebf0b
  acc_nonce 0
  balance 1000000000000000000
  code 0
post
 addr 0x095e7baea6a6c7c4c2dfeb977efac326af552d87
  acc_nonce 0
  balance 1000000000000100000
  code 19 96 0 96 0 96 0 96 0 96 0 53 97 195 80 250 96 0 85 0
 addr 0x1000000000000000000000000000000000000000
  acc_nonce 0
  balance 1000000000000000000
  code 12 96 255 96 0 83 51 96 32 96 0 161 0
 addr 0x2000000000000000000000000000000000000000
  acc_nonce 0
  balance 1000000000000000000
  code 14 96 255 96 0 83 51 96 0 96 32 96 0 162 0
 addr 0x2adc25665018aa1fe0e6bc666dac8fc2697ff9ba
  acc_nonce 0
  balance 2000000000000072664
  code 0
 addr 0x3000000000000000000000000000000000000000
  acc_nonce 0
  balance 1000000000000000000
  code 16 96 255 96 0 83 51 96 0 96 0 96 32 96 0 163 0
 addr 0x4000000000000000000000000000000000000000
  acc_nonce 0
  balance 1000000000000000000
  code 18 96 255 96 0 83 51 96 0 96 0 96 0 96 32 96 0 164 0
 addr 0xa000000000000000000000000000000000000000
  acc_nonce 0
  balance 1000000000000000000
  code 11 96 255 96 0 83 96 32 96 0 160 0
 addr 0xa94f5374fce5edbc8e2a8697c15331677e6ebf0b
  acc_nonce 1
  balance 999999999999827336
  code 0
blocks
 block 0
  coinbase 0x2adc25665018aa1fe0e6bc666dac8fc2697ff9ba
  height 1
  difficulty 131072
  gaslimit 1000975
  timestamp 1000
  tx 0
   from 0xa94f5374fce5edbc8e2a8697c15331677e6ebf0b
   nonce 0
   to 0x095e7baea6a6c7c4c2dfeb977efac326af552d87
   value 100000
   gasprice 1
   gas 210000
   data 32 0 0 0 0 0 0 0 0 0 0 0 0 16 0 0 0 0 0 0 0 0 0 0 0 0 0 0 0 0 0 0 0
test static_log_Caller_d2g0v0_Istanbul
pre
 addr 0x095e7baea6a6c7c4c2dfeb977efac326af552d87
  acc_nonce 0
  balance 1000000000000000000
  code 19 96 0 96 0 96 0 96 0 96 0 53 97 195 80 250 96 0 85 0
 addr 0x1000000000000000000000000000000000000000
  acc_nonce 0
  balance 1000000000000000000
  code 12 96 255 96 0 83 51 96 32 96 0 161 0
 addr 0x2000000000000000000000000000000000000000
  acc_nonce 0
  balance 1000000000000000000
  code 14 96 255 96 0 83 51 96 0 96 32 96 0 162 0
 addr 0x3000000000000000000000000000000000000000
  acc_nonce 0
  balance 1000000000000000000
  code 16 96 255 96 0 83 51 96 0 96 0 96 32 96 0 163 0
 addr 0x4000000000000000000000000000000000000000
  acc_nonce 0
  balance 1000000000000000000
  code 18 96 255 96 0 83 51 96 0 96 0 96 0 96 32 96 0 164 0
 addr 0xa000000000000000000000000000000000000000
  acc_nonce 0
  balance 1000000000000000000
  code 11 96 255 96 0 83 96 32 96 0 160 0
 addr 0xa94f5374fce5edbc8e2a8697c15331677e6ebf0b
  acc_nonce 0
  balance 1000000000000000000
  code 0
post
 addr 0x095e7baea6a6c7c4c2dfeb977efac326af552d87
  acc_nonce 0
  balance 1000000000000100000
  code 19 96 0 96 0 96 0 96 0 96 0 53 97 195 80 250 96 0 85 0
 addr 0x1000000000000000000000000000000000000000
  acc_nonce 0
  balance 1000000000000000000
  code 12 96 255 96 0 83 51 96 32 96 0 161 0
 addr 0x2000000000000000000000000000000000000000
  acc_nonce 0
  balance 1000000000000000000
  code 14 96 255 96 0 83 51 96 0 96 32 96 0 162 0
 addr 0x2adc25665018aa1fe0e6bc666dac8fc2697ff9ba
  acc_nonce 0
  balance 2000000000000072664
  code 0
 addr 0x3000000000000000000000000000000000000000
  acc_nonce 0
  balance 1000000000000000000
  code 16 96 255 96 0 83 51 96 0 96 0 96 32 96 0 163 0
 addr 0x4000000000000000000000000000000000000000
  acc_nonce 0
  balance 1000000000000000000
  code 18 96 255 96 0 83 51 96 0 96 0 96 0 96 32 96 0 164 0
 addr 0xa000000000000000000000000000000000000000
  acc_nonce 0
  balance 1000000000000000000
  code 11 96 255 96 0 83 96 32 96 0 160 0
 addr 0xa94f5374fce5edbc8e2a8697c15331677e6ebf0b
  acc_nonce 1
  balance 999999999999827336
  code 0
blocks
 block 0
  coinbase 0x2adc25665018aa1fe0e6bc666dac8fc2697ff9ba
  height 1
  difficulty 131072
  gaslimit 1000975
  timestamp 1000
  tx 0
   from 0xa94f5374fce5edbc8e2a8697c15331677e6ebf0b
   nonce 0
   to 0x095e7baea6a6c7c4c2dfeb977efac326af552d87
   value 100000
   gasprice 1
   gas 210000
   data 32 0 0 0 0 0 0 0 0 0 0 0 0 32 0 0 0 0 0 0 0 0 0 0 0 0 0 0 0 0 0 0 0
test static_log_Caller_d3g0v0_Istanbul
pre
 addr 0x095e7baea6a6c7c4c2dfeb977efac326af552d87
  acc_nonce 0
  balance 1000000000000000000
  code 19 96 0 96 0 96 0 96 0 96 0 53 97 195 80 250 96 0 85 0
 addr 0x1000000000000000000000000000000000000000
  acc_nonce 0
  balance 1000000000000000000
  code 12 96 255 96 0 83 51 96 32 96 0 161 0
 addr 0x2000000000000000000000000000000000000000
  acc_nonce 0
  balance 1000000000000000000
  code 14 96 255 96 0 83 51 96 0 96 32 96 0 162 0
 addr 0x3000000000000000000000000000000000000000
  acc_nonce 0
  balance 1000000000000000000
  code 16 96 255 96 0 83 51 96 0 96 0 96 32 96 0 163 0
 addr 0x4000000000000000000000000000000000000000
  acc_nonce 0
  balance 1000000000000000000
  code 18 96 255 96 0 83 51 96 0 96 0 96 0 96 32 96 0 164 0
 addr 0xa000000000000000000000000000000000000000
  acc_nonce 0
  balance 1000000000000000000
  code 11 96 255 96 0 83 96 32 96 0 160 0
 addr 0xa94f5374fce5edbc8e2a8697c15331677e6ebf0b
  acc_nonce 0
  balance 1000000000000000000
  code 0
post
 addr 0x095e7baea6a6c7c4c2dfeb977efac326af552d87
  acc_nonce 0
  balance 1000000000000100000
  code 19 96 0 96 0 96 0 96 0 96 0 53 97 195 80 250 96 0 85 0
 addr 0x1000000000000000000000000000000000000000
  acc_nonce 0
  balance 1000000000000000000
  code 12 96 255 96 0 83 51 96 32 96 0 161 0
 addr 0x2000000000000000000000000000000000000000
  acc_nonce 0
  balance 1000000000000000000
  code 14 96 255 96 0 83 51 96 0 96 32 96 0 162 0
 addr 0x2adc25665018aa1fe0e6bc666dac8fc2697ff9ba
  acc_nonce 0
  balance 2000000000000072664
  code 0
 addr 0x3000000000000000000000000000000000000000
  acc_nonce 0
  balance 1000000000000000000
  code 16 96 255 96 0 83 51 96 0 96 0 96 32 96 0 163 0
 addr 0x4000000000000000000000000000000000000000
  acc_nonce 0
  balance 1000000000000000000
  code 18 96 255 96 0 83 51 96 0 96 0 96 0 96 32 96 0 164 0
 addr 0xa000000000000000000000000000000000000000
  acc_nonce 0
  balance 1000000000000000000
  code 11 96 255 96 0 83 96 32 96 0 160 0
 addr 0xa94f5374fce5edbc8e2a8697c15331677e6ebf0b
  acc_nonce 1
  balance 999999999999827336
  code 0
blocks
 block 0
  coinbase 0x2adc25665018aa1fe0e6bc666dac8fc2697ff9ba
  height 1
  difficulty 131072
  gaslimit 1000975
  timestamp 1000
  tx 0
   from 0xa94f5374fce5edbc8e2a8697c15331677e6ebf0b
   nonce 0
   to 0x095e7baea6a6c7c4c2dfeb977efac326af552d87
   value 100000
   gasprice 1
   gas 210000
   data 32 0 0 0 0 0 0 0 0 0 0 0 0 48 0 0 0 0 0 0 0 0 0 0 0 0 0 0 0 0 0 0 0
test static_log_Caller_d4g0v0_Istanbul
pre
 addr 0x095e7baea6a6c7c4c2dfeb977efac326af552d87
  acc_nonce 0
  balance 1000000000000000000
  code 19 96 0 96 0 96 0 96 0 96 0 53 97 195 80 250 96 0 85 0
 addr 0x1000000000000000000000000000000000000000
  acc_nonce 0
  balance 1000000000000000000
  code 12 96 255 96 0 83 51 96 32 96 0 161 0
 addr 0x2000000000000000000000000000000000000000
  acc_nonce 0
  balance 1000000000000000000
  code 14 96 255 96 0 83 51 96 0 96 32 96 0 162 0
 addr 0x3000000000000000000000000000000000000000
  acc_nonce 0
  balance 1000000000000000000
  code 16 96 255 96 0 83 51 96 0 96 0 96 32 96 0 163 0
 addr 0x4000000000000000000000000000000000000000
  acc_nonce 0
  balance 1000000000000000000
  code 18 96 255 96 0 83 51 96 0 96 0 96 0 96 32 96 0 164 0
 addr 0xa000000000000000000000000000000000000000
  acc_nonce 0
  balance 1000000000000000000
  code 11 96 255 96 0 83 96 32 96 0 160 0
 addr 0xa94f5374fce5edbc8e2a8697c15331677e6ebf0b
  acc_nonce 0
  balance 1000000000000000000
  code 0
post
 addr 0x095e7baea6a6c7c4c2dfeb977efac326af552d87
  acc_nonce 0
  balance 1000000000000100000
  code 19 96 0 96 0 96 0 96 0 96 0 53 97 195 80 250 96 0 85 0
 addr 0x1000000000000000000000000000000000000000
  acc_nonce 0
  balance 1000000000000000000
  code 12 96 255 96 0 83 51 96 32 96 0 161 0
 addr 0x2000000000000000000000000000000000000000
  acc_nonce 0
  balance 1000000000000000000
  code 14 96 255 96 0 83 51 96 0 96 32 96 0 162 0
 addr 0x2adc25665018aa1fe0e6bc666dac8fc2697ff9ba
  acc_nonce 0
  balance 2000000000000072664
  code 0
 addr 0x3000000000000000000000000000000000000000
  acc_nonce 0
  balance 1000000000000000000
  code 16 96 255 96 0 83 51 96 0 96 0 96 32 96 0 163 0
 addr 0x4000000000000000000000000000000000000000
  acc_nonce 0
  balance 1000000000000000000
  code 18 96 255 96 0 83 51 96 0 96 0 96 0 96 32 96 0 164 0
 addr 0xa000000000000000000000000000000000000000
  acc_nonce 0
  balance 1000000000000000000
  code 11 96 255 96 0 83 96 32 96 0 160 0
 addr 0xa94f5374fce5edbc8e2a8697c15331677e6ebf0b
  acc_nonce 1
  balance 999999999999827336
  code 0
blocks
 block 0
  coinbase 0x2adc25665018aa1fe0e6bc666dac8fc2697ff9ba
  height 1
  difficulty 131072
  gaslimit 1000975
  timestamp 1000
  tx 0
   from 0xa94f5374fce5edbc8e2a8697c15331677e6ebf0b
   nonce 0
   to 0x095e7baea6a6c7c4c2dfeb977efac326af552d87
   value 100000
   gasprice 1
   gas 210000
   data 32 0 0 0 0 0 0 0 0 0 0 0 0 64 0 0 0 0 0 0 0 0 0 0 0 0 0 0 0 0 0 0 0
