test static_RevertDepth2_d0g0v0_Istanbul
pre
 addr 0xa000000000000000000000000000000000000000
  acc_nonce 0
  balance 0
  code 84 96 0 84 96 1 1 96 0 85 96 0 96 0 96 0 96 0 115 176 0 0 0 0 0 0 0 0 0 0 0 0 0 0 0 0 0 0 0 98 2 73 240 250 96 1 85 96 0 96 0 96 0 96 0 115 208 0 0 0 0 0 0 0 0 0 0 0 0 0 0 0 0 0 0 0 98 2 73 240 250 96 2 85 0
 addr 0xa94f5374fce5edbc8e2a8697c15331677e6ebf0b
  acc_nonce 0
  balance 1000000000000
  code 0
 addr 0xb000000000000000000000000000000000000000
  acc_nonce 0
  balance 0
  code 40 96 0 96 0 96 0 96 0 115 192 0 0 0 0 0 0 0 0 0 0 0 0 0 0 0 0 0 0 0 97 195 80 250 80 96 1 96 1 82 0
 addr 0xc000000000000000000000000000000000000000
  acc_nonce 0
  balance 0
  code 6 96 1 96 1 82 0
 addr 0xd000000000000000000000000000000000000000
  acc_nonce 0
  balance 0
  code 39 96 0 96 0 96 0 96 0 115 192 0 0 0 0 0 0 0 0 0 0 0 0 0 0 0 0 0 0 0 97 195 80 250 80 90 96 1 85 0
post
 addr 0x2adc25665018aa1fe0e6bc666dac8fc2697ff9ba
  acc_nonce 0
  balance 2000000000000170685
  code 0
 addr 0xa000000000000000000000000000000000000000
  acc_nonce 0
  balance 0
  code 84 96 0 84 96 1 1 96 0 85 96 0 96 0 96 0 96 0 115 176 0 0 0 0 0 0 0 0 0 0 0 0 0 0 0 0 0 0 0 98 2 73 240 250 96 1 85 96 0 96 0 96 0 96 0 115 208 0 0 0 0 0 0 0 0 0 0 0 0 0 0 0 0 0 0 0 98 2 73 240 250 96 2 85 0
 addr 0xa94f5374fce5edbc8e2a8697c15331677e6ebf0b
  acc_nonce 1
  balance 999999829315
  code 0
 addr 0xb000000000000000000000000000000000000000
  acc_nonce 0
  balance 0
  code 40 96 0 96 0 96 0 96 0 115 192 0 0 0 0 0 0 0 0 0 0 0 0 0 0 0 0 0 0 0 97 195 80 250 80 96 1 96 1 82 0
 addr 0xc000000000000000000000000000000000000000
  acc_nonce 0
  balance 0
  code 6 96 1 96 1 82 0
 addr 0xd000000000000000000000000000000000000000
  acc_nonce 0
  balance 0
  code 39 96 0 96 0 96 0 96 0 115 192 0 0 0 0 0 0 0 0 0 0 0 0 0 0 0 0 0 0 0 97 195 80 250 80 90 96 1 85 0
blocks
 block 0
  coinbase 0x2adc25665018aa1fe0e6bc666dac8fc2697ff9ba
  height 1
  difficulty 131072
  gaslimit 10009764
  timestamp 1000
  tx 0
   from 0xa94f5374fce5edbc8e2a8697c15331677e6ebf0b
   nonce 0
   to 0xa000000000000000000000000000000000000000
   value 0
   gasprice 1
   gas 170685
   data 0
