test static_callcodecallcodecall_ABCB_RECURSIVE2_d0g0v0_Istanbul
pre
 addr 0x1000000000000000000000000000000000000000
  acc_nonce 0
  balance 1000000000000000000
  code 44 96 64 96 0 96 64 96 0 52 115 16 0 0 0 0 0 0 0 0 0 0 0 0 0 0 0 0 0 0 1 99 1 125 120 64 242 96 0 85 90 96 1 85 0
 addr 0x1000000000000000000000000000000000000001
  acc_nonce 0
  balance 10000000000
  code 37 96 64 96 0 96 64 96 0 96 0 115 16 0 0 0 0 0 0 0 0 0 0 0 0 0 0 0 0 0 0 2 98 15 66 64 242 0
 addr 0x1000000000000000000000000000000000000002
  acc_nonce 0
  balance 10000000000
  code 35 96 64 96 0 96 64 96 0 115 16 0 0 0 0 0 0 0 0 0 0 0 0 0 0 0 0 0 0 1 98 7 161 32 250 0
 addr 0xa94f5374fce5edbc8e2a8697c15331677e6ebf0b
  acc_nonce 0
  balance 1000000000000000000
  code 0
post
 addr 0x1000000000000000000000000000000000000000
  acc_nonce 0
  balance 1000000000000000000
  code 44 96 64 96 0 96 64 96 0 52 115 16 0 0 0 0 0 0 0 0 0 0 0 0 0 0 0 0 0 0 1 99 1 125 120 64 242 96 0 85 90 96 1 85 0
   kv 0x0000000000000000000000000000000000000000000000000000000000000000 0x0000000000000000000000000000000000000000000000000000000000000001
   kv 0x0000000000000000000000000000000000000000000000000000000000000001 0x0000000000000000000000000000000000000000000000000000000001c75c76
 addr 0x1000000000000000000000000000000000000001
  acc_nonce 0
  balance 10000000000
  code 37 96 64 96 0 96 64 96 0 96 0 115 16 0 0 0 0 0 0 0 0 0 0 0 0 0 0 0 0 0 0 2 98 15 66 64 242 0
 addr 0x1000000000000000000000000000000000000002
  acc_nonce 0
  balance 10000000000
  code 35 96 64 96 0 96 64 96 0 115 16 0 0 0 0 0 0 0 0 0 0 0 0 0 0 0 0 0 0 1 98 7 161 32 250 0
 addr 0x2adc25665018aa1fe0e6bc666dac8fc2697ff9ba
  acc_nonce 0
  balance 2000000000000177453
  code 0
 addr 0xa94f5374fce5edbc8e2a8697c15331677e6ebf0b
  acc_nonce 1
  balance 999999999999822547
  code 0
blocks
 block 0
  coinbase 0x2adc25665018aa1fe0e6bc666dac8fc2697ff9ba
  height 1
  difficulty 131072
  gaslimit 3002929686
  timestamp 1000
  tx 0
   from 0xa94f5374fce5edbc8e2a8697c15331677e6ebf0b
   nonce 0
   to 0x1000000000000000000000000000000000000000
   value 0
   gasprice 1
   gas 30000000
   data 0
test static_callcodecallcodecall_ABCB_RECURSIVE2_d0g0v1_Istanbul
pre
 addr 0x1000000000000000000000000000000000000000
  acc_nonce 0
  balance 1000000000000000000
  code 44 96 64 96 0 96 64 96 0 52 115 16 0 0 0 0 0 0 0 0 0 0 0 0 0 0 0 0 0 0 1 99 1 125 120 64 242 96 0 85 90 96 1 85 0
 addr 0x1000000000000000000000000000000000000001
  acc_nonce 0
  balance 10000000000
  code 37 96 64 96 0 96 64 96 0 96 0 115 16 0 0 0 0 0 0 0 0 0 0 0 0 0 0 0 0 0 0 2 98 15 66 64 242 0
 addr 0x1000000000000000000000000000000000000002
  acc_nonce 0
  balance 10000000000
  code 35 96 64 96 0 96 64 96 0 115 16 0 0 0 0 0 0 0 0 0 0 0 0 0 0 0 0 0 0 1 98 7 161 32 250 0
 addr 0xa94f5374fce5edbc8e2a8697c15331677e6ebf0b
  acc_nonce 0
  balance 1000000000000000000
  code 0
post
 addr 0x1000000000000000000000000000000000000000
  acc_nonce 0
  balance 1000000000000000001
  code 44 96 64 96 0 96 64 96 0 52 115 16 0 0 0 0 0 0 0 0 0 0 0 0 0 0 0 0 0 0 1 99 1 125 120 64 242 96 0 85 90 96 1 85 0
   kv 0x0000000000000000000000000000000000000000000000000000000000000000 0x0000000000000000000000000000000000000000000000000000000000000001
   kv 0x0000000000000000000000000000000000000000000000000000000000000001 0x0000000000000000000000000000000000000000000000000000000001c7424a
 addr 0x1000000000000000000000000000000000000001
  acc_nonce 0
  balance 10000000000
  code 37 96 64 96 0 96 64 96 0 96 0 115 16 0 0 0 0 0 0 0 0 0 0 0 0 0 0 0 0 0 0 2 98 15 66 64 242 0
 addr 0x1000000000000000000000000000000000000002
  acc_nonce 0
  balance 10000000000
  code 35 96 64 96 0 96 64 96 0 115 16 0 0 0 0 0 0 0 0 0 0 0 0 0 0 0 0 0 0 1 98 7 161 32 250 0
 addr 0x2adc25665018aa1fe0e6bc666dac8fc2697ff9ba
  acc_nonce 0
  balance 2000000000000184153
  code 0
 addr 0xa94f5374fce5edbc8e2a8697c15331677e6ebf0b
  acc_nonce 1
  balance 999999999999815846
  code 0
blocks
 block 0
  coinbase 0x2adc25665018aa1fe0e6bc666dac8fc2697ff9ba
  height 1
  difficulty 131072
  gaslimit 3002929686
  timestamp 1000
  tx 0
   from 0xa94f5374fce5edbc8e2a8697c15331677e6ebf0b
   nonce 0
   to 0x1000000000000000000000000000000000000000
   value 1
   gasprice 1
   gas 30000000
   data 0
