test static_CallEcrecover0_0input_d0g0v0_Istanbul
pre
 addr 0x095e7baea6a6c7c4c2dfeb977efac326af552d87
  acc_nonce 0
  balance 20000000
  code 32 96 32 96 128 96 128 96 0 96 0 53 98 4 147 224 250 96 2 85 96 160 96 2 10 96 128 81 6 96 0 85 0
 addr 0xa94f5374fce5edbc8e2a8697c15331677e6ebf0b
  acc_nonce 0
  balance 1000000000000000000
  code 0
post
 addr 0x095e7baea6a6c7c4c2dfeb977efac326af552d87
  acc_nonce 0
  balance 20100000
  code 32 96 32 96 128 96 128 96 0 96 0 53 98 4 147 224 250 96 2 85 96 160 96 2 10 96 128 81 6 96 0 85 0
   kv 0x0000000000000000000000000000000000000000000000000000000000000002 0x0000000000000000000000000000000000000000000000000000000000000001
 addr 0x2adc25665018aa1fe0e6bc666dac8fc2697ff9ba
  acc_nonce 0
  balance 2000000000000042747
  code 0
 addr 0xa94f5374fce5edbc8e2a8697c15331677e6ebf0b
  acc_nonce 1
  balance 999999999999857253
  code 0
blocks
 block 0
  coinbase 0x2adc25665018aa1fe0e6bc666dac8fc2697ff9ba
  height 1
  difficulty 131072
  gaslimit 10009764
  timestamp 1000
  tx 0
   from 0xa94f5374fce5edbc8e2a8697c15331677e6ebf0b
   nonce 0
   to 0x095e7baea6a6c7c4c2dfeb977efac326af552d87
   value 100000
   gasprice 1
   gas 3652240
   data 32 0 0 0 0 0 0 0 0 0 0 0 0 0 0 0 0 0 0 0 0 0 0 0 0 0 0 0 0 0 0 0 0
test static_CallEcrecover0_0input_d1g0v0_Istanbul
pre
 addr 0x095e7baea6a6c7c4c2dfeb977efac326af552d87
  acc_nonce 0
  balance 20000000
  code 32 96 32 96 128 96 128 96 0 96 0 53 98 4 147 224 250 96 2 85 96 160 96 2 10 96 128 81 6 96 0 85 0
 addr 0xa94f5374fce5edbc8e2a8697c15331677e6ebf0b
  acc_nonce 0
  balance 1000000000000000000
  code 0
post
 addr 0x095e7baea6a6c7c4c2dfeb977efac326af552d87
  acc_nonce 0
  balance 20100000
  code 32 96 32 96 128 96 128 96 0 96 0 53 98 4 147 224 250 96 2 85 96 160 96 2 10 96 128 81 6 96 0 85 0
   kv 0x0000000000000000000000000000000000000000000000000000000000000002 0x0000000000000000000000000000000000000000000000000000000000000001
 addr 0x2adc25665018aa1fe0e6bc666dac8fc2697ff9ba
  acc_nonce 0
  balance 2000000000000045759
  code 0
 addr 0xa94f5374fce5edbc8e2a8697c15331677e6ebf0b
  acc_nonce 1
  balance 999999999999854241
  code 0
blocks
 block 0
  coinbase 0x2adc25665018aa1fe0e6bc666dac8fc2697ff9ba
  height 1
  difficulty 131072
  gaslimit 10009764
  timestamp 1000
  tx 0
   from 0xa94f5374fce5edbc8e2a8697c15331677e6ebf0b
   nonce 0
   to 0x095e7baea6a6c7c4c2dfeb977efac326af552d87
   value 100000
   gasprice 1
   gas 3652240
   data 32 0 0 0 0 0 0 0 0 0 0 0 0 0 0 0 0 0 0 0 0 0 0 0 0 0 0 0 0 0 0 0 1
test static_CallEcrecover0_0input_d2g0v0_Istanbul
pre
 addr 0x095e7baea6a6c7c4c2dfeb977efac326af552d87
  acc_nonce 0
  balance 20000000
  code 32 96 32 96 128 96 128 96 0 96 0 53 98 4 147 224 250 96 2 85 96 160 96 2 10 96 128 81 6 96 0 85 0
 addr 0xa94f5374fce5edbc8e2a8697c15331677e6ebf0b
  acc_nonce 0
  balance 1000000000000000000
  code 0
post
 addr 0x095e7baea6a6c7c4c2dfeb977efac326af552d87
  acc_nonce 0
  balance 20100000
  code 32 96 32 96 128 96 128 96 0 96 0 53 98 4 147 224 250 96 2 85 96 160 96 2 10 96 128 81 6 96 0 85 0
   kv 0x0000000000000000000000000000000000000000000000000000000000000000 0x0000000000000000000000008209944e898f69a7bd10a23c839d341e935fd5ca
   kv 0x0000000000000000000000000000000000000000000000000000000000000002 0x0000000000000000000000000000000000000000000000000000000000000001
 addr 0x2adc25665018aa1fe0e6bc666dac8fc2697ff9ba
  acc_nonce 0
  balance 2000000000000062067
  code 0
 addr 0xa94f5374fce5edbc8e2a8697c15331677e6ebf0b
  acc_nonce 1
  balance 999999999999837933
  code 0
blocks
 block 0
  coinbase 0x2adc25665018aa1fe0e6bc666dac8fc2697ff9ba
  height 1
  difficulty 131072
  gaslimit 10009764
  timestamp 1000
  tx 0
   from 0xa94f5374fce5edbc8e2a8697c15331677e6ebf0b
   nonce 0
   to 0x095e7baea6a6c7c4c2dfeb977efac326af552d87
   value 100000
   gasprice 1
   gas 3652240
   data 32 0 0 0 0 0 0 0 0 0 0 0 0 0 0 0 0 0 0 0 0 0 0 0 0 0 0 0 0 0 0 0 2
test static_CallEcrecover0_0input_d3g0v0_Istanbul
pre
 addr 0x095e7baea6a6c7c4c2dfeb977efac326af552d87
  acc_nonce 0
  balance 20000000
  code 32 96 32 96 128 96 128 96 0 96 0 53 98 4 147 224 250 96 2 85 96 160 96 2 10 96 128 81 6 96 0 85 0
 addr 0xa94f5374fce5edbc8e2a8697c15331677e6ebf0b
  acc_nonce 0
  balance 1000000000000000000
  code 0
post
 addr 0x095e7baea6a6c7c4c2dfeb977efac326af552d87
  acc_nonce 0
  balance 20100000
  code 32 96 32 96 128 96 128 96 0 96 0 53 98 4 147 224 250 96 2 85 96 160 96 2 10 96 128 81 6 96 0 85 0
   kv 0x0000000000000000000000000000000000000000000000000000000000000000 0x0000000000000000000000004300a157335cb7c9fc9423e011d7dd51090d093f
   kv 0x0000000000000000000000000000000000000000000000000000000000000002 0x0000000000000000000000000000000000000000000000000000000000000001
 addr 0x2adc25665018aa1fe0e6bc666dac8fc2697ff9ba
  acc_nonce 0
  balance 2000000000000063039
  code 0
 addr 0xa94f5374fce5edbc8e2a8697c15331677e6ebf0b
  acc_nonce 1
  balance 999999999999836961
  code 0
blocks
 block 0
  coinbase 0x2adc25665018aa1fe0e6bc666dac8fc2697ff9ba
  height 1
  difficulty 131072
  gaslimit 10009764
  timestamp 1000
  tx 0
   from 0xa94f5374fce5edbc8e2a8697c15331677e6ebf0b
   nonce 0
   to 0x095e7baea6a6c7c4c2dfeb977efac326af552d87
   value 100000
   gasprice 1
   gas 3652240
   data 32 0 0 0 0 0 0 0 0 0 0 0 0 0 0 0 0 0 0 0 0 0 0 0 0 0 0 0 0 0 0 0 3
test static_CallEcrecover0_0input_d4g0v0_Istanbul
pre
 addr 0x095e7baea6a6c7c4c2dfeb977efac326af552d87
  acc_nonce 0
  balance 20000000
  code 32 96 32 96 128 96 128 96 0 96 0 53 98 4 147 224 250 96 2 85 96 160 96 2 10 96 128 81 6 96 0 85 0
 addr 0xa94f5374fce5edbc8e2a8697c15331677e6ebf0b
  acc_nonce 0
  balance 1000000000000000000
  code 0
post
 addr 0x095e7baea6a6c7c4c2dfeb977efac326af552d87
  acc_nonce 0
  balance 20100000
  code 32 96 32 96 128 96 128 96 0 96 0 53 98 4 147 224 250 96 2 85 96 160 96 2 10 96 128 81 6 96 0 85 0
   kv 0x0000000000000000000000000000000000000000000000000000000000000002 0x0000000000000000000000000000000000000000000000000000000000000001
 addr 0x2adc25665018aa1fe0e6bc666dac8fc2697ff9ba
  acc_nonce 0
  balance 2000000000000042786
  code 0
 addr 0xa94f5374fce5edbc8e2a8697c15331677e6ebf0b
  acc_nonce 1
  balance 999999999999857214
  code 0
blocks
 block 0
  coinbase 0x2adc25665018aa1fe0e6bc666dac8fc2697ff9ba
  height 1
  difficulty 131072
  gaslimit 10009764
  timestamp 1000
  tx 0
   from 0xa94f5374fce5edbc8e2a8697c15331677e6ebf0b
   nonce 0
   to 0x095e7baea6a6c7c4c2dfeb977efac326af552d87
   value 100000
   gasprice 1
   gas 3652240
   data 32 0 0 0 0 0 0 0 0 0 0 0 0 0 0 0 0 0 0 0 0 0 0 0 0 0 0 0 0 0 0 0 4
test static_CallEcrecover0_0input_d5g0v0_Istanbul
pre
 addr 0x095e7baea6a6c7c4c2dfeb977efac326af552d87
  acc_nonce 0
  balance 20000000
  code 32 96 32 96 128 96 128 96 0 96 0 53 98 4 147 224 250 96 2 85 96 160 96 2 10 96 128 81 6 96 0 85 0
 addr 0xa94f5374fce5edbc8e2a8697c15331677e6ebf0b
  acc_nonce 0
  balance 1000000000000000000
  code 0
post
 addr 0x095e7baea6a6c7c4c2dfeb977efac326af552d87
  acc_nonce 0
  balance 20100000
  code 32 96 32 96 128 96 128 96 0 96 0 53 98 4 147 224 250 96 2 85 96 160 96 2 10 96 128 81 6 96 0 85 0
   kv 0x0000000000000000000000000000000000000000000000000000000000000002 0x0000000000000000000000000000000000000000000000000000000000000001
 addr 0x2adc25665018aa1fe0e6bc666dac8fc2697ff9ba
  acc_nonce 0
  balance 2000000000000042759
  code 0
 addr 0xa94f5374fce5edbc8e2a8697c15331677e6ebf0b
  acc_nonce 1
  balance 999999999999857241
  code 0
blocks
 block 0
  coinbase 0x2adc25665018aa1fe0e6bc666dac8fc2697ff9ba
  height 1
  difficulty 131072
  gaslimit 10009764
  timestamp 1000
  tx 0
   from 0xa94f5374fce5edbc8e2a8697c15331677e6ebf0b
   nonce 0
   to 0x095e7baea6a6c7c4c2dfeb977efac326af552d87
   value 100000
   gasprice 1
   gas 3652240
   data 32 0 0 0 0 0 0 0 0 0 0 0 0 0 0 0 0 0 0 0 0 0 0 0 0 0 0 0 0 0 0 0 5
test static_CallEcrecover0_0input_d6g0v0_Istanbul
pre
 addr 0x095e7baea6a6c7c4c2dfeb977efac326af552d87
  acc_nonce 0
  balance 20000000
  code 32 96 32 96 128 96 128 96 0 96 0 53 98 4 147 224 250 96 2 85 96 160 96 2 10 96 128 81 6 96 0 85 0
 addr 0xa94f5374fce5edbc8e2a8697c15331677e6ebf0b
  acc_nonce 0
  balance 1000000000000000000
  code 0
post
 addr 0x095e7baea6a6c7c4c2dfeb977efac326af552d87
  acc_nonce 0
  balance 20100000
  code 32 96 32 96 128 96 128 96 0 96 0 53 98 4 147 224 250 96 2 85 96 160 96 2 10 96 128 81 6 96 0 85 0
   kv 0x0000000000000000000000000000000000000000000000000000000000000002 0x0000000000000000000000000000000000000000000000000000000000000001
 addr 0x2adc25665018aa1fe0e6bc666dac8fc2697ff9ba
  acc_nonce 0
  balance 2000000000000042909
  code 0
 addr 0xa94f5374fce5edbc8e2a8697c15331677e6ebf0b
  acc_nonce 1
  balance 999999999999857091
  code 0
blocks
 block 0
  coinbase 0x2adc25665018aa1fe0e6bc666dac8fc2697ff9ba
  height 1
  difficulty 131072
  gaslimit 10009764
  timestamp 1000
  tx 0
   from 0xa94f5374fce5edbc8e2a8697c15331677e6ebf0b
   nonce 0
   to 0x095e7baea6a6c7c4c2dfeb977efac326af552d87
   value 100000
   gasprice 1
   gas 3652240
   data 32 0 0 0 0 0 0 0 0 0 0 0 0 0 0 0 0 0 0 0 0 0 0 0 0 0 0 0 0 0 0 0 6
test static_CallEcrecover0_0input_d7g0v0_Istanbul
pre
 addr 0x095e7baea6a6c7c4c2dfeb977efac326af552d87
  acc_nonce 0
  balance 20000000
  code 32 96 32 96 128 96 128 96 0 96 0 53 98 4 147 224 250 96 2 85 96 160 96 2 10 96 128 81 6 96 0 85 0
 addr 0xa94f5374fce5edbc8e2a8697c15331677e6ebf0b
  acc_nonce 0
  balance 1000000000000000000
  code 0
post
 addr 0x095e7baea6a6c7c4c2dfeb977efac326af552d87
  acc_nonce 0
  balance 20100000
  code 32 96 32 96 128 96 128 96 0 96 0 53 98 4 147 224 250 96 2 85 96 160 96 2 10 96 128 81 6 96 0 85 0
   kv 0x0000000000000000000000000000000000000000000000000000000000000002 0x0000000000000000000000000000000000000000000000000000000000000001
 addr 0x2adc25665018aa1fe0e6bc666dac8fc2697ff9ba
  acc_nonce 0
  balance 2000000000000048759
  code 0
 addr 0xa94f5374fce5edbc8e2a8697c15331677e6ebf0b
  acc_nonce 1
  balance 999999999999851241
  code 0
blocks
 block 0
  coinbase 0x2adc25665018aa1fe0e6bc666dac8fc2697ff9ba
  height 1
  difficulty 131072
  gaslimit 10009764
  timestamp 1000
  tx 0
   from 0xa94f5374fce5edbc8e2a8697c15331677e6ebf0b
   nonce 0
   to 0x095e7baea6a6c7c4c2dfeb977efac326af552d87
   value 100000
   gasprice 1
   gas 3652240
   data 32 0 0 0 0 0 0 0 0 0 0 0 0 0 0 0 0 0 0 0 0 0 0 0 0 0 0 0 0 0 0 0 7
test static_CallEcrecover0_0input_d8g0v0_Istanbul
pre
 addr 0x095e7baea6a6c7c4c2dfeb977efac326af552d87
  acc_nonce 0
  balance 20000000
  code 32 96 32 96 128 96 128 96 0 96 0 53 98 4 147 224 250 96 2 85 96 160 96 2 10 96 128 81 6 96 0 85 0
 addr 0xa94f5374fce5edbc8e2a8697c15331677e6ebf0b
  acc_nonce 0
  balance 1000000000000000000
  code 0
post
 addr 0x095e7baea6a6c7c4c2dfeb977efac326af552d87
  acc_nonce 0
  balance 20100000
  code 32 96 32 96 128 96 128 96 0 96 0 53 98 4 147 224 250 96 2 85 96 160 96 2 10 96 128 81 6 96 0 85 0
 addr 0x2adc25665018aa1fe0e6bc666dac8fc2697ff9ba
  acc_nonce 0
  balance 2000000000000323559
  code 0
 addr 0xa94f5374fce5edbc8e2a8697c15331677e6ebf0b
  acc_nonce 1
  balance 999999999999576441
  code 0
blocks
 block 0
  coinbase 0x2adc25665018aa1fe0e6bc666dac8fc2697ff9ba
  height 1
  difficulty 131072
  gaslimit 10009764
  timestamp 1000
  tx 0
   from 0xa94f5374fce5edbc8e2a8697c15331677e6ebf0b
   nonce 0
   to 0x095e7baea6a6c7c4c2dfeb977efac326af552d87
   value 100000
   gasprice 1
   gas 3652240
   data 32 0 0 0 0 0 0 0 0 0 0 0 0 0 0 0 0 0 0 0 0 0 0 0 0 0 0 0 0 0 0 0 8
