test static_RawCallGasAsk_d0g0v0_Istanbul
pre
 addr 0x094f5374fce5edbc8e2a8697c15331677e6ebf0b
  acc_nonce 0
  balance 0
  code 5 90 96 0 82 0
 addr 0x1000000000000000000000000000000000000000
  acc_nonce 0
  balance 1000000000000
  code 16 96 0 96 0 96 0 96 0 96 0 96 0 53 90 241 0
 addr 0x1000000000000000000000000000000000000001
  acc_nonce 0
  balance 0
  code 40 96 0 96 0 96 0 96 0 115 9 79 83 116 252 229 237 188 142 42 134 151 193 83 49 103 126 110 191 11 98 45 198 192 250 80 90 96 1 85 0
 addr 0x2000000000000000000000000000000000000001
  acc_nonce 0
  balance 0
  code 39 96 0 96 0 96 0 96 0 115 9 79 83 116 252 229 237 188 142 42 134 151 193 83 49 103 126 110 191 11 97 117 48 250 80 90 96 1 85 0
 addr 0x3000000000000000000000000000000000000001
  acc_nonce 0
  balance 0
  code 42 97 31 64 96 0 97 31 64 96 0 115 9 79 83 116 252 229 237 188 142 42 134 151 193 83 49 103 126 110 191 11 98 45 198 192 250 80 90 96 1 85 0
 addr 0x4000000000000000000000000000000000000001
  acc_nonce 0
  balance 0
  code 41 97 31 64 96 0 97 31 64 96 0 115 9 79 83 116 252 229 237 188 142 42 134 151 193 83 49 103 126 110 191 11 97 117 48 250 80 90 96 1 85 0
 addr 0xa94f5374fce5edbc8e2a8697c15331677e6ebf0b
  acc_nonce 0
  balance 1000000000000
  code 0
post
 addr 0x094f5374fce5edbc8e2a8697c15331677e6ebf0b
  acc_nonce 0
  balance 0
  code 5 90 96 0 82 0
 addr 0x1000000000000000000000000000000000000000
  acc_nonce 0
  balance 1000000000000
  code 16 96 0 96 0 96 0 96 0 96 0 96 0 53 90 241 0
 addr 0x1000000000000000000000000000000000000001
  acc_nonce 0
  balance 0
  code 40 96 0 96 0 96 0 96 0 115 9 79 83 116 252 229 237 188 142 42 134 151 193 83 49 103 126 110 191 11 98 45 198 192 250 80 90 96 1 85 0
   kv 0x0000000000000000000000000000000000000000000000000000000000000001 0x0000000000000000000000000000000000000000000000000000000000072ba2
 addr 0x2000000000000000000000000000000000000001
  acc_nonce 0
  balance 0
  code 39 96 0 96 0 96 0 96 0 115 9 79 83 116 252 229 237 188 142 42 134 151 193 83 49 103 126 110 191 11 97 117 48 250 80 90 96 1 85 0
 addr 0x2adc25665018aa1fe0e6bc666dac8fc2697ff9ba
  acc_nonce 0
  balance 2000000000000042611
  code 0
 addr 0x3000000000000000000000000000000000000001
  acc_nonce 0
  balance 0
  code 42 97 31 64 96 0 97 31 64 96 0 115 9 79 83 116 252 229 237 188 142 42 134 151 193 83 49 103 126 110 191 11 98 45 198 192 250 80 90 96 1 85 0
 addr 0x4000000000000000000000000000000000000001
  acc_nonce 0
  balance 0
  code 41 97 31 64 96 0 97 31 64 96 0 115 9 79 83 116 252 229 237 188 142 42 134 151 193 83 49 103 126 110 191 11 97 117 48 250 80 90 96 1 85 0
 addr 0xa94f5374fce5edbc8e2a8697c15331677e6ebf0b
  acc_nonce 1
  balance 999999957389
  code 0
blocks
 block 0
  coinbase 0x2adc25665018aa1fe0e6bc666dac8fc2697ff9ba
  height 1
  difficulty 131072
  gaslimit 10009764
  timestamp 1000
  tx 0
   from 0xa94f5374fce5edbc8e2a8697c15331677e6ebf0b
   nonce 0
   to 0x1000000000000000000000000000000000000000
   value 0
   gasprice 1
   gas 500000
   data 32 0 0 0 0 0 0 0 0 0 0 0 0 16 0 0 0 0 0 0 0 0 0 0 0 0 0 0 0 0 0 0 1
test static_RawCallGasAsk_d1g0v0_Istanbul
pre
 addr 0x094f5374fce5edbc8e2a8697c15331677e6ebf0b
  acc_nonce 0
  balance 0
  code 5 90 96 0 82 0
 addr 0x1000000000000000000000000000000000000000
  acc_nonce 0
  balance 1000000000000
  code 16 96 0 96 0 96 0 96 0 96 0 96 0 53 90 241 0
 addr 0x1000000000000000000000000000000000000001
  acc_nonce 0
  balance 0
  code 40 96 0 96 0 96 0 96 0 115 9 79 83 116 252 229 237 188 142 42 134 151 193 83 49 103 126 110 191 11 98 45 198 192 250 80 90 96 1 85 0
 addr 0x2000000000000000000000000000000000000001
  acc_nonce 0
  balance 0
  code 39 96 0 96 0 96 0 96 0 115 9 79 83 116 252 229 237 188 142 42 134 151 193 83 49 103 126 110 191 11 97 117 48 250 80 90 96 1 85 0
 addr 0x3000000000000000000000000000000000000001
  acc_nonce 0
  balance 0
  code 42 97 31 64 96 0 97 31 64 96 0 115 9 79 83 116 252 229 237 188 142 42 134 151 193 83 49 103 126 110 191 11 98 45 198 192 250 80 90 96 1 85 0
 addr 0x4000000000000000000000000000000000000001
  acc_nonce 0
  balance 0
  code 41 97 31 64 96 0 97 31 64 96 0 115 9 79 83 116 252 229 237 188 142 42 134 151 193 83 49 103 126 110 191 11 97 117 48 250 80 90 96 1 85 0
 addr 0xa94f5374fce5edbc8e2a8697c15331677e6ebf0b
  acc_nonce 0
  balance 1000000000000
  code 0
post
 addr 0x094f5374fce5edbc8e2a8697c15331677e6ebf0b
  acc_nonce 0
  balance 0
  code 5 90 96 0 82 0
 addr 0x1000000000000000000000000000000000000000
  acc_nonce 0
  balance 1000000000000
  code 16 96 0 96 0 96 0 96 0 96 0 96 0 53 90 241 0
 addr 0x1000000000000000000000000000000000000001
  acc_nonce 0
  balance 0
  code 40 96 0 96 0 96 0 96 0 115 9 79 83 116 252 229 237 188 142 42 134 151 193 83 49 103 126 110 191 11 98 45 198 192 250 80 90 96 1 85 0
 addr 0x2000000000000000000000000000000000000001
  acc_nonce 0
  balance 0
  code 39 96 0 96 0 96 0 96 0 115 9 79 83 116 252 229 237 188 142 42 134 151 193 83 49 103 126 110 191 11 97 117 48 250 80 90 96 1 85 0
   kv 0x0000000000000000000000000000000000000000000000000000000000000001 0x0000000000000000000000000000000000000000000000000000000000072ba2
 addr 0x2adc25665018aa1fe0e6bc666dac8fc2697ff9ba
  acc_nonce 0
  balance 2000000000000042611
  code 0
 addr 0x3000000000000000000000000000000000000001
  acc_nonce 0
  balance 0
  code 42 97 31 64 96 0 97 31 64 96 0 115 9 79 83 116 252 229 237 188 142 42 134 151 193 83 49 103 126 110 191 11 98 45 198 192 250 80 90 96 1 85 0
 addr 0x4000000000000000000000000000000000000001
  acc_nonce 0
  balance 0
  code 41 97 31 64 96 0 97 31 64 96 0 115 9 79 83 116 252 229 237 188 142 42 134 151 193 83 49 103 126 110 191 11 97 117 48 250 80 90 96 1 85 0
 addr 0xa94f5374fce5edbc8e2a8697c15331677e6ebf0b
  acc_nonce 1
  balance 999999957389
  code 0
blocks
 block 0
  coinbase 0x2adc25665018aa1fe0e6bc666dac8fc2697ff9ba
  height 1
  difficulty 131072
  gaslimit 10009764
  timestamp 1000
  tx 0
   from 0xa94f5374fce5edbc8e2a8697c15331677e6ebf0b
   nonce 0
   to 0x1000000000000000000000000000000000000000
   value 0
   gasprice 1
   gas 500000
   data 32 0 0 0 0 0 0 0 0 0 0 0 0 32 0 0 0 0 0 0 0 0 0 0 0 0 0 0 0 0 0 0 1
test static_RawCallGasAsk_d2g0v0_Istanbul
pre
 addr 0x094f5374fce5edbc8e2a8697c15331677e6ebf0b
  acc_nonce 0
  balance 0
  code 5 90 96 0 82 0
 addr 0x1000000000000000000000000000000000000000
  acc_nonce 0
  balance 1000000000000
  code 16 96 0 96 0 96 0 96 0 96 0 96 0 53 90 241 0
 addr 0x1000000000000000000000000000000000000001
  acc_nonce 0
  balance 0
  code 40 96 0 96 0 96 0 96 0 115 9 79 83 116 252 229 237 188 142 42 134 151 193 83 49 103 126 110 191 11 98 45 198 192 250 80 90 96 1 85 0
 addr 0x2000000000000000000000000000000000000001
  acc_nonce 0
  balance 0
  code 39 96 0 96 0 96 0 96 0 115 9 79 83 116 252 229 237 188 142 42 134 151 193 83 49 103 126 110 191 11 97 117 48 250 80 90 96 1 85 0
 addr 0x3000000000000000000000000000000000000001
  acc_nonce 0
  balance 0
  code 42 97 31 64 96 0 97 31 64 96 0 115 9 79 83 116 252 229 237 188 142 42 134 151 193 83 49 103 126 110 191 11 98 45 198 192 250 80 90 96 1 85 0
 addr 0x4000000000000000000000000000000000000001
  acc_nonce 0
  balance 0
  code 41 97 31 64 96 0 97 31 64 96 0 115 9 79 83 116 252 229 237 188 142 42 134 151 193 83 49 103 126 110 191 11 97 117 48 250 80 90 96 1 85 0
 addr 0xa94f5374fce5edbc8e2a8697c15331677e6ebf0b
  acc_nonce 0
  balance 1000000000000
  code 0
post
 addr 0x094f5374fce5edbc8e2a8697c15331677e6ebf0b
  acc_nonce 0
  balance 0
  code 5 90 96 0 82 0
 addr 0x1000000000000000000000000000000000000000
  acc_nonce 0
  balance 1000000000000
  code 16 96 0 96 0 96 0 96 0 96 0 96 0 53 90 241 0
 addr 0x1000000000000000000000000000000000000001
  acc_nonce 0
  balance 0
  code 40 96 0 96 0 96 0 96 0 115 9 79 83 116 252 229 237 188 142 42 134 151 193 83 49 103 126 110 191 11 98 45 198 192 250 80 90 96 1 85 0
 addr 0x2000000000000000000000000000000000000001
  acc_nonce 0
  balance 0
  code 39 96 0 96 0 96 0 96 0 115 9 79 83 116 252 229 237 188 142 42 134 151 193 83 49 103 126 110 191 11 97 117 48 250 80 90 96 1 85 0
 addr 0x2adc25665018aa1fe0e6bc666dac8fc2697ff9ba
  acc_nonce 0
  balance 2000000000000043483
  code 0
 addr 0x3000000000000000000000000000000000000001
  acc_nonce 0
  balance 0
  code 42 97 31 64 96 0 97 31 64 96 0 115 9 79 83 116 252 229 237 188 142 42 134 151 193 83 49 103 126 110 191 11 98 45 198 192 250 80 90 96 1 85 0
   kv 0x0000000000000000000000000000000000000000000000000000000000000001 0x000000000000000000000000000000000000000000000000000000000007283a
 addr 0x4000000000000000000000000000000000000001
  acc_nonce 0
  balance 0
  code 41 97 31 64 96 0 97 31 64 96 0 115 9 79 83 116 252 229 237 188 142 42 134 151 193 83 49 103 126 110 191 11 97 117 48 250 80 90 96 1 85 0
 addr 0xa94f5374fce5edbc8e2a8697c15331677e6ebf0b
  acc_nonce 1
  balance 999999956517
  code 0
blocks
 block 0
  coinbase 0x2adc25665018aa1fe0e6bc666dac8fc2697ff9ba
  height 1
  difficulty 131072
  gaslimit 10009764
  timestamp 1000
  tx 0
   from 0xa94f5374fce5edbc8e2a8697c15331677e6ebf0b
   nonce 0
   to 0x1000000000000000000000000000000000000000
   value 0
   gasprice 1
   gas 500000
   data 32 0 0 0 0 0 0 0 0 0 0 0 0 48 0 0 0 0 0 0 0 0 0 0 0 0 0 0 0 0 0 0 1
test static_RawCallGasAsk_d3g0v0_Istanbul
pre
 addr 0x094f5374fce5edbc8e2a8697c15331677e6ebf0b
  acc_nonce 0
  balance 0
  code 5 90 96 0 82 0
 addr 0x1000000000000000000000000000000000000000
  acc_nonce 0
  balance 1000000000000
  code 16 96 0 96 0 96 0 96 0 96 0 96 0 53 90 241 0
 addr 0x1000000000000000000000000000000000000001
  acc_nonce 0
  balance 0
  code 40 96 0 96 0 96 0 96 0 115 9 79 83 116 252 229 237 188 142 42 134 151 193 83 49 103 126 110 191 11 98 45 198 192 250 80 90 96 1 85 0
 addr 0x2000000000000000000000000000000000000001
  acc_nonce 0
  balance 0
  code 39 96 0 96 0 96 0 96 0 115 9 79 83 116 252 229 237 188 142 42 134 151 193 83 49 103 126 110 191 11 97 117 48 250 80 90 96 1 85 0
 addr 0x3000000000000000000000000000000000000001
  acc_nonce 0
  balance 0
  code 42 97 31 64 96 0 97 31 64 96 0 115 9 79 83 116 252 229 237 188 142 42 134 151 193 83 49 103 126 110 191 11 98 45 198 192 250 80 90 96 1 85 0
 addr 0x4000000000000000000000000000000000000001
  acc_nonce 0
  balance 0
  code 41 97 31 64 96 0 97 31 64 96 0 115 9 79 83 116 252 229 237 188 142 42 134 151 193 83 49 103 126 110 191 11 97 117 48 250 80 90 96 1 85 0
 addr 0xa94f5374fce5edbc8e2a8697c15331677e6ebf0b
  acc_nonce 0
  balance 1000000000000
  code 0
post
 addr 0x094f5374fce5edbc8e2a8697c15331677e6ebf0b
  acc_nonce 0
  balance 0
  code 5 90 96 0 82 0
 addr 0x1000000000000000000000000000000000000000
  acc_nonce 0
  balance 1000000000000
  code 16 96 0 96 0 96 0 96 0 96 0 96 0 53 90 241 0
 addr 0x1000000000000000000000000000000000000001
  acc_nonce 0
  balance 0
  code 40 96 0 96 0 96 0 96 0 115 9 79 83 116 252 229 237 188 142 42 134 151 193 83 49 103 126 110 191 11 98 45 198 192 250 80 90 96 1 85 0
 addr 0x2000000000000000000000000000000000000001
  acc_nonce 0
  balance 0
  code 39 96 0 96 0 96 0 96 0 115 9 79 83 116 252 229 237 188 142 42 134 151 193 83 49 103 126 110 191 11 97 117 48 250 80 90 96 1 85 0
 addr 0x2adc25665018aa1fe0e6bc666dac8fc2697ff9ba
  acc_nonce 0
  balance 2000000000000043483
  code 0
 addr 0x3000000000000000000000000000000000000001
  acc_nonce 0
  balance 0
  code 42 97 31 64 96 0 97 31 64 96 0 115 9 79 83 116 252 229 237 188 142 42 134 151 193 83 49 103 126 110 191 11 98 45 198 192 250 80 90 96 1 85 0
 addr 0x4000000000000000000000000000000000000001
  acc_nonce 0
  balance 0
  code 41 97 31 64 96 0 97 31 64 96 0 115 9 79 83 116 252 229 237 188 142 42 134 151 193 83 49 103 126 110 191 11 97 117 48 250 80 90 96 1 85 0
   kv 0x0000000000000000000000000000000000000000000000000000000000000001 0x000000000000000000000000000000000000000000000000000000000007283a
 addr 0xa94f5374fce5edbc8e2a8697c15331677e6ebf0b
  acc_nonce 1
  balance 999999956517
  code 0
blocks
 block 0
  coinbase 0x2adc25665018aa1fe0e6bc666dac8fc2697ff9ba
  height 1
  difficulty 131072
  gaslimit 10009764
  timestamp 1000
  tx 0
   from 0xa94f5374fce5edbc8e2a8697c15331677e6ebf0b
   nonce 0
   to 0x1000000000000000000000000000000000000000
   value 0
   gasprice 1
   gas 500000
   data 32 0 0 0 0 0 0 0 0 0 0 0 0 64 0 0 0 0 0 0 0 0 0 0 0 0 0 0 0 0 0 0 1
