test callcodecall_10_d0g0v0_Istanbul
pre
 addr 0x1000000000000000000000000000000000000000
  acc_nonce 0
  balance 1000000000000000000
  code 38 96 64 96 0 96 64 96 0 115 16 0 0 0 0 0 0 0 0 0 0 0 0 0 0 0 0 0 0 1 98 5 87 48 244 96 0 85 0
 addr 0x1000000000000000000000000000000000000001
  acc_nonce 0
  balance 1000000000000000000
  code 40 96 64 96 0 96 64 96 0 96 1 115 16 0 0 0 0 0 0 0 0 0 0 0 0 0 0 0 0 0 0 2 98 3 208 144 241 96 1 85 0
 addr 0x1000000000000000000000000000000000000002
  acc_nonce 0
  balance 0
  code 34 96 1 96 2 85 51 96 4 85 52 96 7 85 48 96 230 85 50 96 232 85 54 96 236 85 56 96 238 85 58 96 240 85 0
 addr 0xa94f5374fce5edbc8e2a8697c15331677e6ebf0b
  acc_nonce 0
  balance 1000000000000000000
  code 0
post
 addr 0x1000000000000000000000000000000000000000
  acc_nonce 0
  balance 999999999999999999
  code 38 96 64 96 0 96 64 96 0 115 16 0 0 0 0 0 0 0 0 0 0 0 0 0 0 0 0 0 0 1 98 5 87 48 244 96 0 85 0
   kv 0x0000000000000000000000000000000000000000000000000000000000000000 0x0000000000000000000000000000000000000000000000000000000000000001
   kv 0x0000000000000000000000000000000000000000000000000000000000000001 0x0000000000000000000000000000000000000000000000000000000000000001
 addr 0x1000000000000000000000000000000000000001
  acc_nonce 0
  balance 1000000000000000000
  code 40 96 64 96 0 96 64 96 0 96 1 115 16 0 0 0 0 0 0 0 0 0 0 0 0 0 0 0 0 0 0 2 98 3 208 144 241 96 1 85 0
 addr 0x1000000000000000000000000000000000000002
  acc_nonce 0
  balance 1
  code 34 96 1 96 2 85 51 96 4 85 52 96 7 85 48 96 230 85 50 96 232 85 54 96 236 85 56 96 238 85 58 96 240 85 0
   kv 0x0000000000000000000000000000000000000000000000000000000000000002 0x0000000000000000000000000000000000000000000000000000000000000001
   kv 0x0000000000000000000000000000000000000000000000000000000000000004 0x0000000000000000000000001000000000000000000000000000000000000000
   kv 0x0000000000000000000000000000000000000000000000000000000000000007 0x0000000000000000000000000000000000000000000000000000000000000001
   kv 0x00000000000000000000000000000000000000000000000000000000000000e6 0x0000000000000000000000001000000000000000000000000000000000000002
   kv 0x00000000000000000000000000000000000000000000000000000000000000e8 0x000000000000000000000000a94f5374fce5edbc8e2a8697c15331677e6ebf0b
   kv 0x00000000000000000000000000000000000000000000000000000000000000ec 0x0000000000000000000000000000000000000000000000000000000000000040
   kv 0x00000000000000000000000000000000000000000000000000000000000000ee 0x0000000000000000000000000000000000000000000000000000000000000022
   kv 0x00000000000000000000000000000000000000000000000000000000000000f0 0x0000000000000000000000000000000000000000000000000000000000000001
 addr 0x2adc25665018aa1fe0e6bc666dac8fc2697ff9ba
  acc_nonce 0
  balance 2000000000000229198
  code 0
 addr 0xa94f5374fce5edbc8e2a8697c15331677e6ebf0b
  acc_nonce 1
  balance 999999999999770802
  code 0
blocks
 block 0
  coinbase 0x2adc25665018aa1fe0e6bc666dac8fc2697ff9ba
  height 1
  difficulty 131072
  gaslimit 30029295
  timestamp 1000
  tx 0
   from 0xa94f5374fce5edbc8e2a8697c15331677e6ebf0b
   nonce 0
   to 0x1000000000000000000000000000000000000000
   value 0
   gasprice 1
   gas 3000000
   data 0
