test callcodeInInitcodeToExistingContractWithValueTransfer_d0g0v0_Istanbul
pre
 addr 0x1000000000000000000000000000000000000000
  acc_nonce 0
  balance 10000
  code 80 127 96 64 96 0 96 64 96 0 96 5 115 148 83 4 235 150 6 91 42 152 181 122 72 160 106 226 141 40 90 113 181 98 96 0 82 127 1 134 160 242 96 0 85 0 0 0 0 0 0 0 0 0 0 0 0 0 0 0 0 0 0 0 0 0 0 0 0 0 96 32 82 96 64 96 0 96 5 240 0
 addr 0x945304eb96065b2a98b57a48a06ae28d285a71b5
  acc_nonce 0
  balance 0
  code 6 96 1 96 2 85 0
 addr 0xa94f5374fce5edbc8e2a8697c15331677e6ebf0b
  acc_nonce 0
  balance 10000000000000000
  code 0
post
 addr 0x1000000000000000000000000000000000000000
  acc_nonce 1
  balance 9995
  code 80 127 96 64 96 0 96 64 96 0 96 5 115 148 83 4 235 150 6 91 42 152 181 122 72 160 106 226 141 40 90 113 181 98 96 0 82 127 1 134 160 242 96 0 85 0 0 0 0 0 0 0 0 0 0 0 0 0 0 0 0 0 0 0 0 0 0 0 0 0 96 32 82 96 64 96 0 96 5 240 0
 addr 0x13136008b64ff592819b2fa6d43f2835c452020e
  acc_nonce 1
  balance 5
  code 0
   kv 0x0000000000000000000000000000000000000000000000000000000000000000 0x0000000000000000000000000000000000000000000000000000000000000001
   kv 0x0000000000000000000000000000000000000000000000000000000000000002 0x0000000000000000000000000000000000000000000000000000000000000001
 addr 0x2adc25665018aa1fe0e6bc666dac8fc2697ff9ba
  acc_nonce 0
  balance 2000000000000100469
  code 0
 addr 0x945304eb96065b2a98b57a48a06ae28d285a71b5
  acc_nonce 0
  balance 0
  code 6 96 1 96 2 85 0
 addr 0xa94f5374fce5edbc8e2a8697c15331677e6ebf0b
  acc_nonce 1
  balance 9999999999899531
  code 0
blocks
 block 0
  coinbase 0x2adc25665018aa1fe0e6bc666dac8fc2697ff9ba
  height 1
  difficulty 131072
  gaslimit 1000975
  timestamp 1000
  tx 0
   from 0xa94f5374fce5edbc8e2a8697c15331677e6ebf0b
   nonce 0
   to 0x1000000000000000000000000000000000000000
   value 0
   gasprice 1
   gas 453081
   data 0
