test callcodeDynamicCode_d0g0v0_Istanbul
pre
 addr 0x1000000000000000000000000000000000000000
  acc_nonce 0
  balance 10000
  code 116 127 113 104 96 1 96 0 85 51 96 20 85 96 0 82 96 9 96 23 243 96 0 82 96 18 96 14 96 1 240 96 10 85 96 0 82 127 96 64 96 0 96 64 96 0 96 0 115 255 228 235 210 166 140 2 217 220 176 161 114 131 209 51 70 190 178 216 182 98 96 32 82 127 1 134 160 242 96 11 85 0 0 0 0 0 0 0 0 0 0 0 0 0 0 0 0 0 0 0 0 0 0 0 0 0 96 64 82 96 96 96 0 96 1 240 0
 addr 0x1000000000000000000000000000000000000001
  acc_nonce 0
  balance 1000
  code 17 100 96 1 96 0 85 96 0 82 96 5 96 27 96 1 240 0
 addr 0xa94f5374fce5edbc8e2a8697c15331677e6ebf0b
  acc_nonce 0
  balance 10000000000000000
  code 0
post
 addr 0x1000000000000000000000000000000000000000
  acc_nonce 1
  balance 9999
  code 116 127 113 104 96 1 96 0 85 51 96 20 85 96 0 82 96 9 96 23 243 96 0 82 96 18 96 14 96 1 240 96 10 85 96 0 82 127 96 64 96 0 96 64 96 0 96 0 115 255 228 235 210 166 140 2 217 220 176 161 114 131 209 51 70 190 178 216 182 98 96 32 82 127 1 134 160 242 96 11 85 0 0 0 0 0 0 0 0 0 0 0 0 0 0 0 0 0 0 0 0 0 0 0 0 0 96 64 82 96 96 96 0 96 1 240 0
 addr 0x1000000000000000000000000000000000000001
  acc_nonce 0
  balance 1000
  code 17 100 96 1 96 0 85 96 0 82 96 5 96 27 96 1 240 0
 addr 0x13136008b64ff592819b2fa6d43f2835c452020e
  acc_nonce 2
  balance 0
  code 0
   kv 0x000000000000000000000000000000000000000000000000000000000000000a 0x000000000000000000000000568a95f77b047bece6aa68843d2019332c46a585
   kv 0x000000000000000000000000000000000000000000000000000000000000000b 0x0000000000000000000000000000000000000000000000000000000000000001
 addr 0x2adc25665018aa1fe0e6bc666dac8fc2697ff9ba
  acc_nonce 0
  balance 2000000000000127614
  code 0
 addr 0x568a95f77b047bece6aa68843d2019332c46a585
  acc_nonce 1
  balance 1
  code 9 96 1 96 0 85 51 96 20 85
 addr 0xa94f5374fce5edbc8e2a8697c15331677e6ebf0b
  acc_nonce 1
  balance 9999999999872386
  code 0
blocks
 block 0
  coinbase 0x2adc25665018aa1fe0e6bc666dac8fc2697ff9ba
  height 1
  difficulty 131072
  gaslimit 1000975
  timestamp 1000
  tx 0
   from 0xa94f5374fce5edbc8e2a8697c15331677e6ebf0b
   nonce 0
   to 0x1000000000000000000000000000000000000000
   value 0
   gasprice 1
   gas 453081
   data 0
