test callcodeDynamicCode2SelfCall_d0g0v0_Istanbul
pre
 addr 0x1000000000000000000000000000000000000000
  acc_nonce 0
  balance 10000
  code 80 127 96 64 96 0 96 64 96 0 96 0 115 19 19 96 8 182 79 245 146 129 155 47 166 212 63 40 53 196 82 2 14 98 96 0 82 127 1 134 160 242 96 11 85 51 96 12 85 0 0 0 0 0 0 0 0 0 0 0 0 0 0 0 0 0 0 0 0 0 96 32 82 96 64 96 0 96 1 240 0
 addr 0xa94f5374fce5edbc8e2a8697c15331677e6ebf0b
  acc_nonce 0
  balance 10000000000000000
  code 0
post
 addr 0x1000000000000000000000000000000000000000
  acc_nonce 1
  balance 9999
  code 80 127 96 64 96 0 96 64 96 0 96 0 115 19 19 96 8 182 79 245 146 129 155 47 166 212 63 40 53 196 82 2 14 98 96 0 82 127 1 134 160 242 96 11 85 51 96 12 85 0 0 0 0 0 0 0 0 0 0 0 0 0 0 0 0 0 0 0 0 0 96 32 82 96 64 96 0 96 1 240 0
 addr 0x13136008b64ff592819b2fa6d43f2835c452020e
  acc_nonce 1
  balance 1
  code 0
   kv 0x000000000000000000000000000000000000000000000000000000000000000b 0x0000000000000000000000000000000000000000000000000000000000000001
   kv 0x000000000000000000000000000000000000000000000000000000000000000c 0x0000000000000000000000001000000000000000000000000000000000000000
 addr 0x2adc25665018aa1fe0e6bc666dac8fc2697ff9ba
  acc_nonce 0
  balance 2000000000000093768
  code 0
 addr 0xa94f5374fce5edbc8e2a8697c15331677e6ebf0b
  acc_nonce 1
  balance 9999999999906232
  code 0
blocks
 block 0
  coinbase 0x2adc25665018aa1fe0e6bc666dac8fc2697ff9ba
  height 1
  difficulty 131072
  gaslimit 1000975
  timestamp 1000
  tx 0
   from 0xa94f5374fce5edbc8e2a8697c15331677e6ebf0b
   nonce 0
   to 0x1000000000000000000000000000000000000000
   value 0
   gasprice 1
   gas 453081
   data 0
