test CallEcrecoverUnrecoverableKey_d0g0v0_Istanbul
pre
 addr 0x095e7baea6a6c7c4c2dfeb977efac326af552d87
  acc_nonce 0
  balance 20000000
  code 174 127 168 181 59 223 51 6 163 90 113 3 171 85 4 160 201 180 146 41 85 100 182 32 43 25 66 168 78 243 0 16 114 129 96 0 82 96 27 96 32 82 127 48 120 53 101 49 101 48 51 102 53 51 99 101 49 56 98 55 55 50 99 99 98 48 48 57 51 102 102 55 49 102 51 96 64 82 127 102 53 51 102 53 99 55 53 98 55 52 100 99 98 51 49 97 56 53 97 97 56 98 56 56 57 50 98 52 101 56 98 96 96 82 127 17 34 51 68 85 102 119 136 153 16 17 18 19 20 21 22 23 24 25 32 33 34 35 36 37 38 39 40 41 48 49 50 96 128 82 96 32 96 128 96 128 96 0 96 0 96 1 98 4 147 224 241 80 96 128 81 96 0 85 0
 addr 0xa94f5374fce5edbc8e2a8697c15331677e6ebf0b
  acc_nonce 0
  balance 1000000000000000000
  code 0
post
 addr 0x095e7baea6a6c7c4c2dfeb977efac326af552d87
  acc_nonce 0
  balance 20100000
  code 174 127 168 181 59 223 51 6 163 90 113 3 171 85 4 160 201 180 146 41 85 100 182 32 43 25 66 168 78 243 0 16 114 129 96 0 82 96 27 96 32 82 127 48 120 53 101 49 101 48 51 102 53 51 99 101 49 56 98 55 55 50 99 99 98 48 48 57 51 102 102 55 49 102 51 96 64 82 127 102 53 51 102 53 99 55 53 98 55 52 100 99 98 51 49 97 56 53 97 97 56 98 56 56 57 50 98 52 101 56 98 96 96 82 127 17 34 51 68 85 102 119 136 153 16 17 18 19 20 21 22 23 24 25 32 33 34 35 36 37 38 39 40 41 48 49 50 96 128 82 96 32 96 128 96 128 96 0 96 0 96 1 98 4 147 224 241 80 96 128 81 96 0 85 0
   kv 0x0000000000000000000000000000000000000000000000000000000000000000 0x1122334455667788991011121314151617181920212223242526272829303132
 addr 0x2adc25665018aa1fe0e6bc666dac8fc2697ff9ba
  acc_nonce 0
  balance 2000000000000044792
  code 0
 addr 0xa94f5374fce5edbc8e2a8697c15331677e6ebf0b
  acc_nonce 1
  balance 999999999999855208
  code 0
blocks
 block 0
  coinbase 0x2adc25665018aa1fe0e6bc666dac8fc2697ff9ba
  height 1
  difficulty 131072
  gaslimit 10009764
  timestamp 1000
  tx 0
   from 0xa94f5374fce5edbc8e2a8697c15331677e6ebf0b
   nonce 0
   to 0x095e7baea6a6c7c4c2dfeb977efac326af552d87
   value 100000
   gasprice 1
   gas 3652240
   data 0
