test CallEcrecover3_d0g0v0_Istanbul
pre
 addr 0x095e7baea6a6c7c4c2dfeb977efac326af552d87
  acc_nonce 0
  balance 20000000
  code 154 127 47 56 10 45 234 126 119 141 129 175 252 36 67 64 59 143 228 100 77 180 66 174 72 98 255 91 179 115 40 41 205 185 96 0 82 96 27 96 32 82 127 107 101 204 176 85 136 6 233 176 151 242 122 57 109 8 249 100 227 123 139 122 246 206 235 81 111 248 103 57 251 234 10 96 64 82 127 55 203 200 216 131 225 41 164 177 239 157 95 29 245 60 79 33 163 239 20 124 242 165 10 78 222 14 176 108 224 146 212 96 96 82 96 32 96 128 96 128 96 0 96 0 96 1 98 1 134 160 241 96 2 85 96 160 96 2 10 96 128 81 6 96 0 85 96 0 84 50 20 96 1 85 0
 addr 0xa94f5374fce5edbc8e2a8697c15331677e6ebf0b
  acc_nonce 0
  balance 1000000000000000000
  code 0
post
 addr 0x095e7baea6a6c7c4c2dfeb977efac326af552d87
  acc_nonce 0
  balance 20100000
  code 154 127 47 56 10 45 234 126 119 141 129 175 252 36 67 64 59 143 228 100 77 180 66 174 72 98 255 91 179 115 40 41 205 185 96 0 82 96 27 96 32 82 127 107 101 204 176 85 136 6 233 176 151 242 122 57 109 8 249 100 227 123 139 122 246 206 235 81 111 248 103 57 251 234 10 96 64 82 127 55 203 200 216 131 225 41 164 177 239 157 95 29 245 60 79 33 163 239 20 124 242 165 10 78 222 14 176 108 224 146 212 96 96 82 96 32 96 128 96 128 96 0 96 0 96 1 98 1 134 160 241 96 2 85 96 160 96 2 10 96 128 81 6 96 0 85 96 0 84 50 20 96 1 85 0
   kv 0x0000000000000000000000000000000000000000000000000000000000000000 0x000000000000000000000000e4319f4b631c6d0fcfc84045dbcb676865fe5e13
   kv 0x0000000000000000000000000000000000000000000000000000000000000002 0x0000000000000000000000000000000000000000000000000000000000000001
 addr 0x2adc25665018aa1fe0e6bc666dac8fc2697ff9ba
  acc_nonce 0
  balance 2000000000000066466
  code 0
 addr 0xa94f5374fce5edbc8e2a8697c15331677e6ebf0b
  acc_nonce 1
  balance 999999999999833534
  code 0
blocks
 block 0
  coinbase 0x2adc25665018aa1fe0e6bc666dac8fc2697ff9ba
  height 1
  difficulty 131072
  gaslimit 10009764
  timestamp 1000
  tx 0
   from 0xa94f5374fce5edbc8e2a8697c15331677e6ebf0b
   nonce 0
   to 0x095e7baea6a6c7c4c2dfeb977efac326af552d87
   value 100000
   gasprice 1
   gas 365224
   data 0
