test identity_to_smaller_d0g0v0_Istanbul
pre
 addr 0x82a978b3f5962a5b0957d9ee9eef472ee55b42f1
  acc_nonce 1
  balance 999999999999868434
  code 0
 addr 0xc305c901078781c232a2a521c2af7980f8385ee9
  acc_nonce 33
  balance 0
  code 59 127 17 34 51 68 85 102 119 136 153 170 187 204 221 238 255 0 17 34 51 68 85 102 119 136 153 170 187 204 221 238 255 0 96 0 82 96 16 96 16 96 32 96 0 96 0 96 4 98 1 134 160 241 80 61 96 0 85 0
post
 addr 0x3535353535353535353535353535353535353535
  acc_nonce 0
  balance 2000000000000041758
  code 0
 addr 0x82a978b3f5962a5b0957d9ee9eef472ee55b42f1
  acc_nonce 2
  balance 999999999999826676
  code 0
 addr 0xc305c901078781c232a2a521c2af7980f8385ee9
  acc_nonce 33
  balance 0
  code 59 127 17 34 51 68 85 102 119 136 153 170 187 204 221 238 255 0 17 34 51 68 85 102 119 136 153 170 187 204 221 238 255 0 96 0 82 96 16 96 16 96 32 96 0 96 0 96 4 98 1 134 160 241 80 61 96 0 85 0
   kv 0x0000000000000000000000000000000000000000000000000000000000000000 0x0000000000000000000000000000000000000000000000000000000000000020
blocks
 block 0
  coinbase 0x3535353535353535353535353535353535353535
  height 1
  difficulty 131072
  gaslimit 100097655
  timestamp 1000
  tx 0
   from 0x82a978b3f5962a5b0957d9ee9eef472ee55b42f1
   nonce 1
   to 0xc305c901078781c232a2a521c2af7980f8385ee9
   value 0
   gasprice 1
   gas 200000
   data 0
