test modexp_3_09984_39936_22000_d0g0v0_Istanbul
pre
 addr 0x0000000000000000000000000000000000000001
  acc_nonce 0
  balance 1
  code 0
 addr 0x0000000000000000000000000000000000000002
  acc_nonce 0
  balance 1
  code 0
 addr 0x0000000000000000000000000000000000000003
  acc_nonce 0
  balance 1
  code 0
 addr 0x0000000000000000000000000000000000000004
  acc_nonce 0
  balance 1
  code 0
 addr 0x0000000000000000000000000000000000000005
  acc_nonce 0
  balance 1
  code 0
 addr 0x0000000000000000000000000000000000000006
  acc_nonce 0
  balance 1
  code 0
 addr 0x0000000000000000000000000000000000000007
  acc_nonce 0
  balance 1
  code 0
 addr 0x0000000000000000000000000000000000000008
  acc_nonce 0
  balance 1
  code 0
 addr 0x3535353535353535353535353535353535353535
  acc_nonce 0
  balance 131566
  code 0
 addr 0x82a978b3f5962a5b0957d9ee9eef472ee55b42f1
  acc_nonce 1
  balance 999999999999868434
  code 0
 addr 0xc305c901078781c232a2a521c2af7980f8385ee9
  acc_nonce 1
  balance 0
  code 300 96 0 53 96 28 82 116 1 0 0 0 0 0 0 0 0 0 0 0 0 0 0 0 0 0 0 0 0 96 32 82 111 255 255 255 255 255 255 255 255 255 255 255 255 255 255 255 255 96 64 82 127 255 255 255 255 255 255 255 255 255 255 255 255 255 255 255 255 0 0 0 0 0 0 0 0 0 0 0 0 0 0 0 1 96 96 82 116 2 84 11 227 255 255 255 255 255 255 255 255 255 255 255 255 253 171 244 28 0 96 128 82 127 255 255 255 255 255 255 255 255 255 255 255 253 171 244 28 0 0 0 0 0 0 0 0 0 0 0 0 2 84 11 228 0 96 160 82 99 48 200 209 218 96 0 81 20 21 97 1 43 87 96 198 96 4 53 96 4 1 53 17 21 21 88 87 96 4 53 96 4 1 53 96 32 1 96 4 53 96 4 1 97 1 64 55 96 33 97 2 128 97 1 64 81 97 1 96 96 0 96 5 99 5 245 224 255 241 21 88 87 96 33 97 2 96 82 97 2 96 96 65 128 97 2 224 130 132 96 0 96 4 96 24 241 80 80 80 97 2 224 128 81 96 32 130 1 32 144 80 96 0 85 97 2 224 96 32 96 32 130 3 82 96 64 129 81 1 96 32 96 1 130 3 6 96 31 130 1 3 144 80 96 32 130 3 243 80 0 91
post
 addr 0x0000000000000000000000000000000000000001
  acc_nonce 0
  balance 1
  code 0
 addr 0x0000000000000000000000000000000000000002
  acc_nonce 0
  balance 1
  code 0
 addr 0x0000000000000000000000000000000000000003
  acc_nonce 0
  balance 1
  code 0
 addr 0x0000000000000000000000000000000000000004
  acc_nonce 0
  balance 1
  code 0
 addr 0x0000000000000000000000000000000000000005
  acc_nonce 0
  balance 1
  code 0
 addr 0x0000000000000000000000000000000000000006
  acc_nonce 0
  balance 1
  code 0
 addr 0x0000000000000000000000000000000000000007
  acc_nonce 0
  balance 1
  code 0
 addr 0x0000000000000000000000000000000000000008
  acc_nonce 0
  balance 1
  code 0
 addr 0x3535353535353535353535353535353535353535
  acc_nonce 0
  balance 2000000000000176374
  code 0
 addr 0x82a978b3f5962a5b0957d9ee9eef472ee55b42f1
  acc_nonce 2
  balance 999999999999823626
  code 0
 addr 0xc305c901078781c232a2a521c2af7980f8385ee9
  acc_nonce 1
  balance 0
  code 300 96 0 53 96 28 82 116 1 0 0 0 0 0 0 0 0 0 0 0 0 0 0 0 0 0 0 0 0 96 32 82 111 255 255 255 255 255 255 255 255 255 255 255 255 255 255 255 255 96 64 82 127 255 255 255 255 255 255 255 255 255 255 255 255 255 255 255 255 0 0 0 0 0 0 0 0 0 0 0 0 0 0 0 1 96 96 82 116 2 84 11 227 255 255 255 255 255 255 255 255 255 255 255 255 253 171 244 28 0 96 128 82 127 255 255 255 255 255 255 255 255 255 255 255 253 171 244 28 0 0 0 0 0 0 0 0 0 0 0 0 2 84 11 228 0 96 160 82 99 48 200 209 218 96 0 81 20 21 97 1 43 87 96 198 96 4 53 96 4 1 53 17 21 21 88 87 96 4 53 96 4 1 53 96 32 1 96 4 53 96 4 1 97 1 64 55 96 33 97 2 128 97 1 64 81 97 1 96 96 0 96 5 99 5 245 224 255 241 21 88 87 96 33 97 2 96 82 97 2 96 96 65 128 97 2 224 130 132 96 0 96 4 96 24 241 80 80 80 97 2 224 128 81 96 32 130 1 32 144 80 96 0 85 97 2 224 96 32 96 32 130 3 82 96 64 129 81 1 96 32 96 1 130 3 6 96 31 130 1 3 144 80 96 32 130 3 243 80 0 91
blocks
 block 0
  coinbase 0x3535353535353535353535353535353535353535
  height 1
  difficulty 131072
  gaslimit 100097655
  timestamp 1000
  tx 0
   from 0x82a978b3f5962a5b0957d9ee9eef472ee55b42f1
   nonce 1
   to 0xc305c901078781c232a2a521c2af7980f8385ee9
   value 0
   gasprice 1
   gas 44808
   data 260 48 200 209 218 0 0 0 0 0 0 0 0 0 0 0 0 0 0 0 0 0 0 0 0 0 0 0 0 0 0 0 0 0 0 0 32 0 0 0 0 0 0 0 0 0 0 0 0 0 0 0 0 0 0 0 0 0 0 0 0 0 0 0 0 0 0 0 162 0 0 0 0 0 0 0 0 0 0 0 0 0 0 0 0 0 0 0 0 0 0 0 0 0 0 0 0 0 0 0 1 0 0 0 0 0 0 0 0 0 0 0 0 0 0 0 0 0 0 0 0 0 0 0 0 0 0 0 0 0 0 0 32 0 0 0 0 0 0 0 0 0 0 0 0 0 0 0 0 0 0 0 0 0 0 0 0 0 0 0 0 0 0 0 33 3 64 0 0 0 0 0 0 0 0 0 0 0 0 0 0 0 0 0 0 0 0 0 0 0 0 0 0 0 0 0 0 0 1 0 0 0 0 0 0 0 0 0 0 0 0 0 0 0 0 0 0 0 0 0 0 0 0 0 0 0 0 0 0 0 0 0 0 0 0 0 0 0 0 0 0 0 0 0 0 0 0 0 0 0 0 0 0 0 0 0 0 0 0 0 0
test modexp_3_09984_39936_22000_d0g1v0_Istanbul
pre
 addr 0x0000000000000000000000000000000000000001
  acc_nonce 0
  balance 1
  code 0
 addr 0x0000000000000000000000000000000000000002
  acc_nonce 0
  balance 1
  code 0
 addr 0x0000000000000000000000000000000000000003
  acc_nonce 0
  balance 1
  code 0
 addr 0x0000000000000000000000000000000000000004
  acc_nonce 0
  balance 1
  code 0
 addr 0x0000000000000000000000000000000000000005
  acc_nonce 0
  balance 1
  code 0
 addr 0x0000000000000000000000000000000000000006
  acc_nonce 0
  balance 1
  code 0
 addr 0x0000000000000000000000000000000000000007
  acc_nonce 0
  balance 1
  code 0
 addr 0x0000000000000000000000000000000000000008
  acc_nonce 0
  balance 1
  code 0
 addr 0x3535353535353535353535353535353535353535
  acc_nonce 0
  balance 131566
  code 0
 addr 0x82a978b3f5962a5b0957d9ee9eef472ee55b42f1
  acc_nonce 1
  balance 999999999999868434
  code 0
 addr 0xc305c901078781c232a2a521c2af7980f8385ee9
  acc_nonce 1
  balance 0
  code 300 96 0 53 96 28 82 116 1 0 0 0 0 0 0 0 0 0 0 0 0 0 0 0 0 0 0 0 0 96 32 82 111 255 255 255 255 255 255 255 255 255 255 255 255 255 255 255 255 96 64 82 127 255 255 255 255 255 255 255 255 255 255 255 255 255 255 255 255 0 0 0 0 0 0 0 0 0 0 0 0 0 0 0 1 96 96 82 116 2 84 11 227 255 255 255 255 255 255 255 255 255 255 255 255 253 171 244 28 0 96 128 82 127 255 255 255 255 255 255 255 255 255 255 255 253 171 244 28 0 0 0 0 0 0 0 0 0 0 0 0 2 84 11 228 0 96 160 82 99 48 200 209 218 96 0 81 20 21 97 1 43 87 96 198 96 4 53 96 4 1 53 17 21 21 88 87 96 4 53 96 4 1 53 96 32 1 96 4 53 96 4 1 97 1 64 55 96 33 97 2 128 97 1 64 81 97 1 96 96 0 96 5 99 5 245 224 255 241 21 88 87 96 33 97 2 96 82 97 2 96 96 65 128 97 2 224 130 132 96 0 96 4 96 24 241 80 80 80 97 2 224 128 81 96 32 130 1 32 144 80 96 0 85 97 2 224 96 32 96 32 130 3 82 96 64 129 81 1 96 32 96 1 130 3 6 96 31 130 1 3 144 80 96 32 130 3 243 80 0 91
post
 addr 0x0000000000000000000000000000000000000001
  acc_nonce 0
  balance 1
  code 0
 addr 0x0000000000000000000000000000000000000002
  acc_nonce 0
  balance 1
  code 0
 addr 0x0000000000000000000000000000000000000003
  acc_nonce 0
  balance 1
  code 0
 addr 0x0000000000000000000000000000000000000004
  acc_nonce 0
  balance 1
  code 0
 addr 0x0000000000000000000000000000000000000005
  acc_nonce 0
  balance 1
  code 0
 addr 0x0000000000000000000000000000000000000006
  acc_nonce 0
  balance 1
  code 0
 addr 0x0000000000000000000000000000000000000007
  acc_nonce 0
  balance 1
  code 0
 addr 0x0000000000000000000000000000000000000008
  acc_nonce 0
  balance 1
  code 0
 addr 0x3535353535353535353535353535353535353535
  acc_nonce 0
  balance 2000000000000189489
  code 0
 addr 0x82a978b3f5962a5b0957d9ee9eef472ee55b42f1
  acc_nonce 2
  balance 999999999999810511
  code 0
 addr 0xc305c901078781c232a2a521c2af7980f8385ee9
  acc_nonce 1
  balance 0
  code 300 96 0 53 96 28 82 116 1 0 0 0 0 0 0 0 0 0 0 0 0 0 0 0 0 0 0 0 0 96 32 82 111 255 255 255 255 255 255 255 255 255 255 255 255 255 255 255 255 96 64 82 127 255 255 255 255 255 255 255 255 255 255 255 255 255 255 255 255 0 0 0 0 0 0 0 0 0 0 0 0 0 0 0 1 96 96 82 116 2 84 11 227 255 255 255 255 255 255 255 255 255 255 255 255 253 171 244 28 0 96 128 82 127 255 255 255 255 255 255 255 255 255 255 255 253 171 244 28 0 0 0 0 0 0 0 0 0 0 0 0 2 84 11 228 0 96 160 82 99 48 200 209 218 96 0 81 20 21 97 1 43 87 96 198 96 4 53 96 4 1 53 17 21 21 88 87 96 4 53 96 4 1 53 96 32 1 96 4 53 96 4 1 97 1 64 55 96 33 97 2 128 97 1 64 81 97 1 96 96 0 96 5 99 5 245 224 255 241 21 88 87 96 33 97 2 96 82 97 2 96 96 65 128 97 2 224 130 132 96 0 96 4 96 24 241 80 80 80 97 2 224 128 81 96 32 130 1 32 144 80 96 0 85 97 2 224 96 32 96 32 130 3 82 96 64 129 81 1 96 32 96 1 130 3 6 96 31 130 1 3 144 80 96 32 130 3 243 80 0 91
   kv 0x0000000000000000000000000000000000000000000000000000000000000000 0xc13ad76448cbefd1ee83b801bcd8f33061f2577d6118395e7b44ea21c7ef62e0
blocks
 block 0
  coinbase 0x3535353535353535353535353535353535353535
  height 1
  difficulty 131072
  gaslimit 100097655
  timestamp 1000
  tx 0
   from 0x82a978b3f5962a5b0957d9ee9eef472ee55b42f1
   nonce 1
   to 0xc305c901078781c232a2a521c2af7980f8385ee9
   value 0
   gasprice 1
   gas 90000
   data 260 48 200 209 218 0 0 0 0 0 0 0 0 0 0 0 0 0 0 0 0 0 0 0 0 0 0 0 0 0 0 0 0 0 0 0 32 0 0 0 0 0 0 0 0 0 0 0 0 0 0 0 0 0 0 0 0 0 0 0 0 0 0 0 0 0 0 0 162 0 0 0 0 0 0 0 0 0 0 0 0 0 0 0 0 0 0 0 0 0 0 0 0 0 0 0 0 0 0 0 1 0 0 0 0 0 0 0 0 0 0 0 0 0 0 0 0 0 0 0 0 0 0 0 0 0 0 0 0 0 0 0 32 0 0 0 0 0 0 0 0 0 0 0 0 0 0 0 0 0 0 0 0 0 0 0 0 0 0 0 0 0 0 0 33 3 64 0 0 0 0 0 0 0 0 0 0 0 0 0 0 0 0 0 0 0 0 0 0 0 0 0 0 0 0 0 0 0 1 0 0 0 0 0 0 0 0 0 0 0 0 0 0 0 0 0 0 0 0 0 0 0 0 0 0 0 0 0 0 0 0 0 0 0 0 0 0 0 0 0 0 0 0 0 0 0 0 0 0 0 0 0 0 0 0 0 0 0 0 0 0
test modexp_3_09984_39936_22000_d0g2v0_Istanbul
pre
 addr 0x0000000000000000000000000000000000000001
  acc_nonce 0
  balance 1
  code 0
 addr 0x0000000000000000000000000000000000000002
  acc_nonce 0
  balance 1
  code 0
 addr 0x0000000000000000000000000000000000000003
  acc_nonce 0
  balance 1
  code 0
 addr 0x0000000000000000000000000000000000000004
  acc_nonce 0
  balance 1
  code 0
 addr 0x0000000000000000000000000000000000000005
  acc_nonce 0
  balance 1
  code 0
 addr 0x0000000000000000000000000000000000000006
  acc_nonce 0
  balance 1
  code 0
 addr 0x0000000000000000000000000000000000000007
  acc_nonce 0
  balance 1
  code 0
 addr 0x0000000000000000000000000000000000000008
  acc_nonce 0
  balance 1
  code 0
 addr 0x3535353535353535353535353535353535353535
  acc_nonce 0
  balance 131566
  code 0
 addr 0x82a978b3f5962a5b0957d9ee9eef472ee55b42f1
  acc_nonce 1
  balance 999999999999868434
  code 0
 addr 0xc305c901078781c232a2a521c2af7980f8385ee9
  acc_nonce 1
  balance 0
  code 300 96 0 53 96 28 82 116 1 0 0 0 0 0 0 0 0 0 0 0 0 0 0 0 0 0 0 0 0 96 32 82 111 255 255 255 255 255 255 255 255 255 255 255 255 255 255 255 255 96 64 82 127 255 255 255 255 255 255 255 255 255 255 255 255 255 255 255 255 0 0 0 0 0 0 0 0 0 0 0 0 0 0 0 1 96 96 82 116 2 84 11 227 255 255 255 255 255 255 255 255 255 255 255 255 253 171 244 28 0 96 128 82 127 255 255 255 255 255 255 255 255 255 255 255 253 171 244 28 0 0 0 0 0 0 0 0 0 0 0 0 2 84 11 228 0 96 160 82 99 48 200 209 218 96 0 81 20 21 97 1 43 87 96 198 96 4 53 96 4 1 53 17 21 21 88 87 96 4 53 96 4 1 53 96 32 1 96 4 53 96 4 1 97 1 64 55 96 33 97 2 128 97 1 64 81 97 1 96 96 0 96 5 99 5 245 224 255 241 21 88 87 96 33 97 2 96 82 97 2 96 96 65 128 97 2 224 130 132 96 0 96 4 96 24 241 80 80 80 97 2 224 128 81 96 32 130 1 32 144 80 96 0 85 97 2 224 96 32 96 32 130 3 82 96 64 129 81 1 96 32 96 1 130 3 6 96 31 130 1 3 144 80 96 32 130 3 243 80 0 91
post
 addr 0x0000000000000000000000000000000000000001
  acc_nonce 0
  balance 1
  code 0
 addr 0x0000000000000000000000000000000000000002
  acc_nonce 0
  balance 1
  code 0
 addr 0x0000000000000000000000000000000000000003
  acc_nonce 0
  balance 1
  code 0
 addr 0x0000000000000000000000000000000000000004
  acc_nonce 0
  balance 1
  code 0
 addr 0x0000000000000000000000000000000000000005
  acc_nonce 0
  balance 1
  code 0
 addr 0x0000000000000000000000000000000000000006
  acc_nonce 0
  balance 1
  code 0
 addr 0x0000000000000000000000000000000000000007
  acc_nonce 0
  balance 1
  code 0
 addr 0x0000000000000000000000000000000000000008
  acc_nonce 0
  balance 1
  code 0
 addr 0x3535353535353535353535353535353535353535
  acc_nonce 0
  balance 2000000000000189489
  code 0
 addr 0x82a978b3f5962a5b0957d9ee9eef472ee55b42f1
  acc_nonce 2
  balance 999999999999810511
  code 0
 addr 0xc305c901078781c232a2a521c2af7980f8385ee9
  acc_nonce 1
  balance 0
  code 300 96 0 53 96 28 82 116 1 0 0 0 0 0 0 0 0 0 0 0 0 0 0 0 0 0 0 0 0 96 32 82 111 255 255 255 255 255 255 255 255 255 255 255 255 255 255 255 255 96 64 82 127 255 255 255 255 255 255 255 255 255 255 255 255 255 255 255 255 0 0 0 0 0 0 0 0 0 0 0 0 0 0 0 1 96 96 82 116 2 84 11 227 255 255 255 255 255 255 255 255 255 255 255 255 253 171 244 28 0 96 128 82 127 255 255 255 255 255 255 255 255 255 255 255 253 171 244 28 0 0 0 0 0 0 0 0 0 0 0 0 2 84 11 228 0 96 160 82 99 48 200 209 218 96 0 81 20 21 97 1 43 87 96 198 96 4 53 96 4 1 53 17 21 21 88 87 96 4 53 96 4 1 53 96 32 1 96 4 53 96 4 1 97 1 64 55 96 33 97 2 128 97 1 64 81 97 1 96 96 0 96 5 99 5 245 224 255 241 21 88 87 96 33 97 2 96 82 97 2 96 96 65 128 97 2 224 130 132 96 0 96 4 96 24 241 80 80 80 97 2 224 128 81 96 32 130 1 32 144 80 96 0 85 97 2 224 96 32 96 32 130 3 82 96 64 129 81 1 96 32 96 1 130 3 6 96 31 130 1 3 144 80 96 32 130 3 243 80 0 91
   kv 0x0000000000000000000000000000000000000000000000000000000000000000 0xc13ad76448cbefd1ee83b801bcd8f33061f2577d6118395e7b44ea21c7ef62e0
blocks
 block 0
  coinbase 0x3535353535353535353535353535353535353535
  height 1
  difficulty 131072
  gaslimit 100097655
  timestamp 1000
  tx 0
   from 0x82a978b3f5962a5b0957d9ee9eef472ee55b42f1
   nonce 1
   to 0xc305c901078781c232a2a521c2af7980f8385ee9
   value 0
   gasprice 1
   gas 110000
   data 260 48 200 209 218 0 0 0 0 0 0 0 0 0 0 0 0 0 0 0 0 0 0 0 0 0 0 0 0 0 0 0 0 0 0 0 32 0 0 0 0 0 0 0 0 0 0 0 0 0 0 0 0 0 0 0 0 0 0 0 0 0 0 0 0 0 0 0 162 0 0 0 0 0 0 0 0 0 0 0 0 0 0 0 0 0 0 0 0 0 0 0 0 0 0 0 0 0 0 0 1 0 0 0 0 0 0 0 0 0 0 0 0 0 0 0 0 0 0 0 0 0 0 0 0 0 0 0 0 0 0 0 32 0 0 0 0 0 0 0 0 0 0 0 0 0 0 0 0 0 0 0 0 0 0 0 0 0 0 0 0 0 0 0 33 3 64 0 0 0 0 0 0 0 0 0 0 0 0 0 0 0 0 0 0 0 0 0 0 0 0 0 0 0 0 0 0 0 1 0 0 0 0 0 0 0 0 0 0 0 0 0 0 0 0 0 0 0 0 0 0 0 0 0 0 0 0 0 0 0 0 0 0 0 0 0 0 0 0 0 0 0 0 0 0 0 0 0 0 0 0 0 0 0 0 0 0 0 0 0 0
test modexp_3_09984_39936_22000_d0g3v0_Istanbul
pre
 addr 0x0000000000000000000000000000000000000001
  acc_nonce 0
  balance 1
  code 0
 addr 0x0000000000000000000000000000000000000002
  acc_nonce 0
  balance 1
  code 0
 addr 0x0000000000000000000000000000000000000003
  acc_nonce 0
  balance 1
  code 0
 addr 0x0000000000000000000000000000000000000004
  acc_nonce 0
  balance 1
  code 0
 addr 0x0000000000000000000000000000000000000005
  acc_nonce 0
  balance 1
  code 0
 addr 0x0000000000000000000000000000000000000006
  acc_nonce 0
  balance 1
  code 0
 addr 0x0000000000000000000000000000000000000007
  acc_nonce 0
  balance 1
  code 0
 addr 0x0000000000000000000000000000000000000008
  acc_nonce 0
  balance 1
  code 0
 addr 0x3535353535353535353535353535353535353535
  acc_nonce 0
  balance 131566
  code 0
 addr 0x82a978b3f5962a5b0957d9ee9eef472ee55b42f1
  acc_nonce 1
  balance 999999999999868434
  code 0
 addr 0xc305c901078781c232a2a521c2af7980f8385ee9
  acc_nonce 1
  balance 0
  code 300 96 0 53 96 28 82 116 1 0 0 0 0 0 0 0 0 0 0 0 0 0 0 0 0 0 0 0 0 96 32 82 111 255 255 255 255 255 255 255 255 255 255 255 255 255 255 255 255 96 64 82 127 255 255 255 255 255 255 255 255 255 255 255 255 255 255 255 255 0 0 0 0 0 0 0 0 0 0 0 0 0 0 0 1 96 96 82 116 2 84 11 227 255 255 255 255 255 255 255 255 255 255 255 255 253 171 244 28 0 96 128 82 127 255 255 255 255 255 255 255 255 255 255 255 253 171 244 28 0 0 0 0 0 0 0 0 0 0 0 0 2 84 11 228 0 96 160 82 99 48 200 209 218 96 0 81 20 21 97 1 43 87 96 198 96 4 53 96 4 1 53 17 21 21 88 87 96 4 53 96 4 1 53 96 32 1 96 4 53 96 4 1 97 1 64 55 96 33 97 2 128 97 1 64 81 97 1 96 96 0 96 5 99 5 245 224 255 241 21 88 87 96 33 97 2 96 82 97 2 96 96 65 128 97 2 224 130 132 96 0 96 4 96 24 241 80 80 80 97 2 224 128 81 96 32 130 1 32 144 80 96 0 85 97 2 224 96 32 96 32 130 3 82 96 64 129 81 1 96 32 96 1 130 3 6 96 31 130 1 3 144 80 96 32 130 3 243 80 0 91
post
 addr 0x0000000000000000000000000000000000000001
  acc_nonce 0
  balance 1
  code 0
 addr 0x0000000000000000000000000000000000000002
  acc_nonce 0
  balance 1
  code 0
 addr 0x0000000000000000000000000000000000000003
  acc_nonce 0
  balance 1
  code 0
 addr 0x0000000000000000000000000000000000000004
  acc_nonce 0
  balance 1
  code 0
 addr 0x0000000000000000000000000000000000000005
  acc_nonce 0
  balance 1
  code 0
 addr 0x0000000000000000000000000000000000000006
  acc_nonce 0
  balance 1
  code 0
 addr 0x0000000000000000000000000000000000000007
  acc_nonce 0
  balance 1
  code 0
 addr 0x0000000000000000000000000000000000000008
  acc_nonce 0
  balance 1
  code 0
 addr 0x3535353535353535353535353535353535353535
  acc_nonce 0
  balance 2000000000000189489
  code 0
 addr 0x82a978b3f5962a5b0957d9ee9eef472ee55b42f1
  acc_nonce 2
  balance 999999999999810511
  code 0
 addr 0xc305c901078781c232a2a521c2af7980f8385ee9
  acc_nonce 1
  balance 0
  code 300 96 0 53 96 28 82 116 1 0 0 0 0 0 0 0 0 0 0 0 0 0 0 0 0 0 0 0 0 96 32 82 111 255 255 255 255 255 255 255 255 255 255 255 255 255 255 255 255 96 64 82 127 255 255 255 255 255 255 255 255 255 255 255 255 255 255 255 255 0 0 0 0 0 0 0 0 0 0 0 0 0 0 0 1 96 96 82 116 2 84 11 227 255 255 255 255 255 255 255 255 255 255 255 255 253 171 244 28 0 96 128 82 127 255 255 255 255 255 255 255 255 255 255 255 253 171 244 28 0 0 0 0 0 0 0 0 0 0 0 0 2 84 11 228 0 96 160 82 99 48 200 209 218 96 0 81 20 21 97 1 43 87 96 198 96 4 53 96 4 1 53 17 21 21 88 87 96 4 53 96 4 1 53 96 32 1 96 4 53 96 4 1 97 1 64 55 96 33 97 2 128 97 1 64 81 97 1 96 96 0 96 5 99 5 245 224 255 241 21 88 87 96 33 97 2 96 82 97 2 96 96 65 128 97 2 224 130 132 96 0 96 4 96 24 241 80 80 80 97 2 224 128 81 96 32 130 1 32 144 80 96 0 85 97 2 224 96 32 96 32 130 3 82 96 64 129 81 1 96 32 96 1 130 3 6 96 31 130 1 3 144 80 96 32 130 3 243 80 0 91
   kv 0x0000000000000000000000000000000000000000000000000000000000000000 0xc13ad76448cbefd1ee83b801bcd8f33061f2577d6118395e7b44ea21c7ef62e0
blocks
 block 0
  coinbase 0x3535353535353535353535353535353535353535
  height 1
  difficulty 131072
  gaslimit 100097655
  timestamp 1000
  tx 0
   from 0x82a978b3f5962a5b0957d9ee9eef472ee55b42f1
   nonce 1
   to 0xc305c901078781c232a2a521c2af7980f8385ee9
   value 0
   gasprice 1
   gas 200000
   data 260 48 200 209 218 0 0 0 0 0 0 0 0 0 0 0 0 0 0 0 0 0 0 0 0 0 0 0 0 0 0 0 0 0 0 0 32 0 0 0 0 0 0 0 0 0 0 0 0 0 0 0 0 0 0 0 0 0 0 0 0 0 0 0 0 0 0 0 162 0 0 0 0 0 0 0 0 0 0 0 0 0 0 0 0 0 0 0 0 0 0 0 0 0 0 0 0 0 0 0 1 0 0 0 0 0 0 0 0 0 0 0 0 0 0 0 0 0 0 0 0 0 0 0 0 0 0 0 0 0 0 0 32 0 0 0 0 0 0 0 0 0 0 0 0 0 0 0 0 0 0 0 0 0 0 0 0 0 0 0 0 0 0 0 33 3 64 0 0 0 0 0 0 0 0 0 0 0 0 0 0 0 0 0 0 0 0 0 0 0 0 0 0 0 0 0 0 0 1 0 0 0 0 0 0 0 0 0 0 0 0 0 0 0 0 0 0 0 0 0 0 0 0 0 0 0 0 0 0 0 0 0 0 0 0 0 0 0 0 0 0 0 0 0 0 0 0 0 0 0 0 0 0 0 0 0 0 0 0 0 0
