test sec80_d0g0v0_Istanbul
pre
 addr 0x095e7baea6a6c7c4c2dfeb977efac326af552d87
  acc_nonce 0
  balance 20000000
  code 192 96 27 86 91 96 0 85 91 0 91 99 11 173 240 13 96 3 86 91 99 192 1 240 13 96 3 86 91 115 25 231 227 118 231 194 19 183 231 231 228 108 199 10 93 208 134 218 255 42 127 34 174 109 166 180 130 249 177 177 155 11 137 124 63 212 56 132 24 10 28 94 227 97 225 16 122 27 198 53 100 157 218 96 0 82 96 27 96 63 83 127 22 67 61 206 55 92 230 220 129 81 211 240 162 39 40 188 74 29 159 214 237 57 223 209 139 70 9 51 25 55 54 127 96 64 82 127 48 105 100 192 207 93 116 240 65 41 253 198 11 84 211 91 89 109 222 27 248 154 217 44 180 18 51 24 244 192 228 0 96 96 82 96 32 96 128 96 127 96 0 96 0 96 1 97 255 255 242 21 96 7 87 96 128 81 20 96 18 87 96 9 86
 addr 0xa94f5374fce5edbc8e2a8697c15331677e6ebf0b
  acc_nonce 0
  balance 1000000000000000000
  code 0
post
 addr 0x095e7baea6a6c7c4c2dfeb977efac326af552d87
  acc_nonce 0
  balance 20100000
  code 192 96 27 86 91 96 0 85 91 0 91 99 11 173 240 13 96 3 86 91 99 192 1 240 13 96 3 86 91 115 25 231 227 118 231 194 19 183 231 231 228 108 199 10 93 208 134 218 255 42 127 34 174 109 166 180 130 249 177 177 155 11 137 124 63 212 56 132 24 10 28 94 227 97 225 16 122 27 198 53 100 157 218 96 0 82 96 27 96 63 83 127 22 67 61 206 55 92 230 220 129 81 211 240 162 39 40 188 74 29 159 214 237 57 223 209 139 70 9 51 25 55 54 127 96 64 82 127 48 105 100 192 207 93 116 240 65 41 253 198 11 84 211 91 89 109 222 27 248 154 217 44 180 18 51 24 244 192 228 0 96 96 82 96 32 96 128 96 127 96 0 96 0 96 1 97 255 255 242 21 96 7 87 96 128 81 20 96 18 87 96 9 86
   kv 0x0000000000000000000000000000000000000000000000000000000000000000 0x00000000000000000000000000000000000000000000000000000000c001f00d
 addr 0x2adc25665018aa1fe0e6bc666dac8fc2697ff9ba
  acc_nonce 0
  balance 2000000000000044845
  code 0
 addr 0xa94f5374fce5edbc8e2a8697c15331677e6ebf0b
  acc_nonce 1
  balance 999999999999855155
  code 0
blocks
 block 0
  coinbase 0x2adc25665018aa1fe0e6bc666dac8fc2697ff9ba
  height 1
  difficulty 131072
  gaslimit 100097655
  timestamp 1000
  tx 0
   from 0xa94f5374fce5edbc8e2a8697c15331677e6ebf0b
   nonce 0
   to 0x095e7baea6a6c7c4c2dfeb977efac326af552d87
   value 100000
   gasprice 1
   gas 10000000
   data 0
