test callToNonExistent_d0g0v0_Istanbul
pre
 addr 0x1000000000000000000000000000000000000000
  acc_nonce 0
  balance 0
  code 16 96 64 96 0 96 64 96 0 96 0 96 0 53 90 242 0
   kv 0x0000000000000000000000000000000000000000000000000000000000000001 0x0000000000000000000000000000000000000000000000000000000000001122
 addr 0x1000000000000000000000000000000000000001
  acc_nonce 0
  balance 0
  code 64 96 0 96 0 96 0 96 0 96 0 115 222 173 0 0 0 0 0 0 0 0 0 0 0 0 0 0 0 0 0 1 97 97 168 241 96 0 85 115 222 173 0 0 0 0 0 0 0 0 0 0 0 0 0 0 0 0 0 1 63 96 1 85 0
 addr 0x2000000000000000000000000000000000000001
  acc_nonce 0
  balance 0
  code 64 96 0 96 0 96 0 96 0 96 0 115 222 173 0 0 0 0 0 0 0 0 0 0 0 0 0 0 0 0 0 1 97 97 168 242 96 0 85 115 222 173 0 0 0 0 0 0 0 0 0 0 0 0 0 0 0 0 0 1 63 96 1 85 0
 addr 0x3000000000000000000000000000000000000001
  acc_nonce 0
  balance 0
  code 62 96 0 96 0 96 0 96 0 115 222 173 0 0 0 0 0 0 0 0 0 0 0 0 0 0 0 0 0 1 97 97 168 244 96 0 85 115 222 173 0 0 0 0 0 0 0 0 0 0 0 0 0 0 0 0 0 1 63 96 1 85 0
 addr 0x4000000000000000000000000000000000000001
  acc_nonce 0
  balance 0
  code 62 96 0 96 0 96 0 96 0 115 222 173 0 0 0 0 0 0 0 0 0 0 0 0 0 0 0 0 0 1 97 97 168 250 96 0 85 115 222 173 0 0 0 0 0 0 0 0 0 0 0 0 0 0 0 0 0 1 63 96 1 85 0
 addr 0xa94f5374fce5edbc8e2a8697c15331677e6ebf0b
  acc_nonce 0
  balance 1000000000000000000
  code 0
post
 addr 0x1000000000000000000000000000000000000000
  acc_nonce 0
  balance 1
  code 16 96 64 96 0 96 64 96 0 96 0 96 0 53 90 242 0
   kv 0x0000000000000000000000000000000000000000000000000000000000000000 0x0000000000000000000000000000000000000000000000000000000000000001
 addr 0x1000000000000000000000000000000000000001
  acc_nonce 0
  balance 0
  code 64 96 0 96 0 96 0 96 0 96 0 115 222 173 0 0 0 0 0 0 0 0 0 0 0 0 0 0 0 0 0 1 97 97 168 241 96 0 85 115 222 173 0 0 0 0 0 0 0 0 0 0 0 0 0 0 0 0 0 1 63 96 1 85 0
 addr 0x2000000000000000000000000000000000000001
  acc_nonce 0
  balance 0
  code 64 96 0 96 0 96 0 96 0 96 0 115 222 173 0 0 0 0 0 0 0 0 0 0 0 0 0 0 0 0 0 1 97 97 168 242 96 0 85 115 222 173 0 0 0 0 0 0 0 0 0 0 0 0 0 0 0 0 0 1 63 96 1 85 0
 addr 0x2adc25665018aa1fe0e6bc666dac8fc2697ff9ba
  acc_nonce 0
  balance 2000000000000033311
  code 0
 addr 0x3000000000000000000000000000000000000001
  acc_nonce 0
  balance 0
  code 62 96 0 96 0 96 0 96 0 115 222 173 0 0 0 0 0 0 0 0 0 0 0 0 0 0 0 0 0 1 97 97 168 244 96 0 85 115 222 173 0 0 0 0 0 0 0 0 0 0 0 0 0 0 0 0 0 1 63 96 1 85 0
 addr 0x4000000000000000000000000000000000000001
  acc_nonce 0
  balance 0
  code 62 96 0 96 0 96 0 96 0 115 222 173 0 0 0 0 0 0 0 0 0 0 0 0 0 0 0 0 0 1 97 97 168 250 96 0 85 115 222 173 0 0 0 0 0 0 0 0 0 0 0 0 0 0 0 0 0 1 63 96 1 85 0
 addr 0xa94f5374fce5edbc8e2a8697c15331677e6ebf0b
  acc_nonce 1
  balance 999999999999966688
  code 0
blocks
 block 0
  coinbase 0x2adc25665018aa1fe0e6bc666dac8fc2697ff9ba
  height 1
  difficulty 131072
  gaslimit 3002929686
  timestamp 1000
  tx 0
   from 0xa94f5374fce5edbc8e2a8697c15331677e6ebf0b
   nonce 0
   to 0x1000000000000000000000000000000000000000
   value 1
   gasprice 1
   gas 100000
   data 32 0 0 0 0 0 0 0 0 0 0 0 0 16 0 0 0 0 0 0 0 0 0 0 0 0 0 0 0 0 0 0 1
test callToNonExistent_d1g0v0_Istanbul
pre
 addr 0x1000000000000000000000000000000000000000
  acc_nonce 0
  balance 0
  code 16 96 64 96 0 96 64 96 0 96 0 96 0 53 90 242 0
   kv 0x0000000000000000000000000000000000000000000000000000000000000001 0x0000000000000000000000000000000000000000000000000000000000001122
 addr 0x1000000000000000000000000000000000000001
  acc_nonce 0
  balance 0
  code 64 96 0 96 0 96 0 96 0 96 0 115 222 173 0 0 0 0 0 0 0 0 0 0 0 0 0 0 0 0 0 1 97 97 168 241 96 0 85 115 222 173 0 0 0 0 0 0 0 0 0 0 0 0 0 0 0 0 0 1 63 96 1 85 0
 addr 0x2000000000000000000000000000000000000001
  acc_nonce 0
  balance 0
  code 64 96 0 96 0 96 0 96 0 96 0 115 222 173 0 0 0 0 0 0 0 0 0 0 0 0 0 0 0 0 0 1 97 97 168 242 96 0 85 115 222 173 0 0 0 0 0 0 0 0 0 0 0 0 0 0 0 0 0 1 63 96 1 85 0
 addr 0x3000000000000000000000000000000000000001
  acc_nonce 0
  balance 0
  code 62 96 0 96 0 96 0 96 0 115 222 173 0 0 0 0 0 0 0 0 0 0 0 0 0 0 0 0 0 1 97 97 168 244 96 0 85 115 222 173 0 0 0 0 0 0 0 0 0 0 0 0 0 0 0 0 0 1 63 96 1 85 0
 addr 0x4000000000000000000000000000000000000001
  acc_nonce 0
  balance 0
  code 62 96 0 96 0 96 0 96 0 115 222 173 0 0 0 0 0 0 0 0 0 0 0 0 0 0 0 0 0 1 97 97 168 250 96 0 85 115 222 173 0 0 0 0 0 0 0 0 0 0 0 0 0 0 0 0 0 1 63 96 1 85 0
 addr 0xa94f5374fce5edbc8e2a8697c15331677e6ebf0b
  acc_nonce 0
  balance 1000000000000000000
  code 0
post
 addr 0x1000000000000000000000000000000000000000
  acc_nonce 0
  balance 1
  code 16 96 64 96 0 96 64 96 0 96 0 96 0 53 90 242 0
   kv 0x0000000000000000000000000000000000000000000000000000000000000000 0x0000000000000000000000000000000000000000000000000000000000000001
 addr 0x1000000000000000000000000000000000000001
  acc_nonce 0
  balance 0
  code 64 96 0 96 0 96 0 96 0 96 0 115 222 173 0 0 0 0 0 0 0 0 0 0 0 0 0 0 0 0 0 1 97 97 168 241 96 0 85 115 222 173 0 0 0 0 0 0 0 0 0 0 0 0 0 0 0 0 0 1 63 96 1 85 0
 addr 0x2000000000000000000000000000000000000001
  acc_nonce 0
  balance 0
  code 64 96 0 96 0 96 0 96 0 96 0 115 222 173 0 0 0 0 0 0 0 0 0 0 0 0 0 0 0 0 0 1 97 97 168 242 96 0 85 115 222 173 0 0 0 0 0 0 0 0 0 0 0 0 0 0 0 0 0 1 63 96 1 85 0
 addr 0x2adc25665018aa1fe0e6bc666dac8fc2697ff9ba
  acc_nonce 0
  balance 2000000000000033311
  code 0
 addr 0x3000000000000000000000000000000000000001
  acc_nonce 0
  balance 0
  code 62 96 0 96 0 96 0 96 0 115 222 173 0 0 0 0 0 0 0 0 0 0 0 0 0 0 0 0 0 1 97 97 168 244 96 0 85 115 222 173 0 0 0 0 0 0 0 0 0 0 0 0 0 0 0 0 0 1 63 96 1 85 0
 addr 0x4000000000000000000000000000000000000001
  acc_nonce 0
  balance 0
  code 62 96 0 96 0 96 0 96 0 115 222 173 0 0 0 0 0 0 0 0 0 0 0 0 0 0 0 0 0 1 97 97 168 250 96 0 85 115 222 173 0 0 0 0 0 0 0 0 0 0 0 0 0 0 0 0 0 1 63 96 1 85 0
 addr 0xa94f5374fce5edbc8e2a8697c15331677e6ebf0b
  acc_nonce 1
  balance 999999999999966688
  code 0
blocks
 block 0
  coinbase 0x2adc25665018aa1fe0e6bc666dac8fc2697ff9ba
  height 1
  difficulty 131072
  gaslimit 3002929686
  timestamp 1000
  tx 0
   from 0xa94f5374fce5edbc8e2a8697c15331677e6ebf0b
   nonce 0
   to 0x1000000000000000000000000000000000000000
   value 1
   gasprice 1
   gas 100000
   data 32 0 0 0 0 0 0 0 0 0 0 0 0 32 0 0 0 0 0 0 0 0 0 0 0 0 0 0 0 0 0 0 1
test callToNonExistent_d2g0v0_Istanbul
pre
 addr 0x1000000000000000000000000000000000000000
  acc_nonce 0
  balance 0
  code 16 96 64 96 0 96 64 96 0 96 0 96 0 53 90 242 0
   kv 0x0000000000000000000000000000000000000000000000000000000000000001 0x0000000000000000000000000000000000000000000000000000000000001122
 addr 0x1000000000000000000000000000000000000001
  acc_nonce 0
  balance 0
  code 64 96 0 96 0 96 0 96 0 96 0 115 222 173 0 0 0 0 0 0 0 0 0 0 0 0 0 0 0 0 0 1 97 97 168 241 96 0 85 115 222 173 0 0 0 0 0 0 0 0 0 0 0 0 0 0 0 0 0 1 63 96 1 85 0
 addr 0x2000000000000000000000000000000000000001
  acc_nonce 0
  balance 0
  code 64 96 0 96 0 96 0 96 0 96 0 115 222 173 0 0 0 0 0 0 0 0 0 0 0 0 0 0 0 0 0 1 97 97 168 242 96 0 85 115 222 173 0 0 0 0 0 0 0 0 0 0 0 0 0 0 0 0 0 1 63 96 1 85 0
 addr 0x3000000000000000000000000000000000000001
  acc_nonce 0
  balance 0
  code 62 96 0 96 0 96 0 96 0 115 222 173 0 0 0 0 0 0 0 0 0 0 0 0 0 0 0 0 0 1 97 97 168 244 96 0 85 115 222 173 0 0 0 0 0 0 0 0 0 0 0 0 0 0 0 0 0 1 63 96 1 85 0
 addr 0x4000000000000000000000000000000000000001
  acc_nonce 0
  balance 0
  code 62 96 0 96 0 96 0 96 0 115 222 173 0 0 0 0 0 0 0 0 0 0 0 0 0 0 0 0 0 1 97 97 168 250 96 0 85 115 222 173 0 0 0 0 0 0 0 0 0 0 0 0 0 0 0 0 0 1 63 96 1 85 0
 addr 0xa94f5374fce5edbc8e2a8697c15331677e6ebf0b
  acc_nonce 0
  balance 1000000000000000000
  code 0
post
 addr 0x1000000000000000000000000000000000000000
  acc_nonce 0
  balance 1
  code 16 96 64 96 0 96 64 96 0 96 0 96 0 53 90 242 0
   kv 0x0000000000000000000000000000000000000000000000000000000000000000 0x0000000000000000000000000000000000000000000000000000000000000001
 addr 0x1000000000000000000000000000000000000001
  acc_nonce 0
  balance 0
  code 64 96 0 96 0 96 0 96 0 96 0 115 222 173 0 0 0 0 0 0 0 0 0 0 0 0 0 0 0 0 0 1 97 97 168 241 96 0 85 115 222 173 0 0 0 0 0 0 0 0 0 0 0 0 0 0 0 0 0 1 63 96 1 85 0
 addr 0x2000000000000000000000000000000000000001
  acc_nonce 0
  balance 0
  code 64 96 0 96 0 96 0 96 0 96 0 115 222 173 0 0 0 0 0 0 0 0 0 0 0 0 0 0 0 0 0 1 97 97 168 242 96 0 85 115 222 173 0 0 0 0 0 0 0 0 0 0 0 0 0 0 0 0 0 1 63 96 1 85 0
 addr 0x2adc25665018aa1fe0e6bc666dac8fc2697ff9ba
  acc_nonce 0
  balance 2000000000000033308
  code 0
 addr 0x3000000000000000000000000000000000000001
  acc_nonce 0
  balance 0
  code 62 96 0 96 0 96 0 96 0 115 222 173 0 0 0 0 0 0 0 0 0 0 0 0 0 0 0 0 0 1 97 97 168 244 96 0 85 115 222 173 0 0 0 0 0 0 0 0 0 0 0 0 0 0 0 0 0 1 63 96 1 85 0
 addr 0x4000000000000000000000000000000000000001
  acc_nonce 0
  balance 0
  code 62 96 0 96 0 96 0 96 0 115 222 173 0 0 0 0 0 0 0 0 0 0 0 0 0 0 0 0 0 1 97 97 168 250 96 0 85 115 222 173 0 0 0 0 0 0 0 0 0 0 0 0 0 0 0 0 0 1 63 96 1 85 0
 addr 0xa94f5374fce5edbc8e2a8697c15331677e6ebf0b
  acc_nonce 1
  balance 999999999999966691
  code 0
blocks
 block 0
  coinbase 0x2adc25665018aa1fe0e6bc666dac8fc2697ff9ba
  height 1
  difficulty 131072
  gaslimit 3002929686
  timestamp 1000
  tx 0
   from 0xa94f5374fce5edbc8e2a8697c15331677e6ebf0b
   nonce 0
   to 0x1000000000000000000000000000000000000000
   value 1
   gasprice 1
   gas 100000
   data 32 0 0 0 0 0 0 0 0 0 0 0 0 48 0 0 0 0 0 0 0 0 0 0 0 0 0 0 0 0 0 0 1
test callToNonExistent_d3g0v0_Istanbul
pre
 addr 0x1000000000000000000000000000000000000000
  acc_nonce 0
  balance 0
  code 16 96 64 96 0 96 64 96 0 96 0 96 0 53 90 242 0
   kv 0x0000000000000000000000000000000000000000000000000000000000000001 0x0000000000000000000000000000000000000000000000000000000000001122
 addr 0x1000000000000000000000000000000000000001
  acc_nonce 0
  balance 0
  code 64 96 0 96 0 96 0 96 0 96 0 115 222 173 0 0 0 0 0 0 0 0 0 0 0 0 0 0 0 0 0 1 97 97 168 241 96 0 85 115 222 173 0 0 0 0 0 0 0 0 0 0 0 0 0 0 0 0 0 1 63 96 1 85 0
 addr 0x2000000000000000000000000000000000000001
  acc_nonce 0
  balance 0
  code 64 96 0 96 0 96 0 96 0 96 0 115 222 173 0 0 0 0 0 0 0 0 0 0 0 0 0 0 0 0 0 1 97 97 168 242 96 0 85 115 222 173 0 0 0 0 0 0 0 0 0 0 0 0 0 0 0 0 0 1 63 96 1 85 0
 addr 0x3000000000000000000000000000000000000001
  acc_nonce 0
  balance 0
  code 62 96 0 96 0 96 0 96 0 115 222 173 0 0 0 0 0 0 0 0 0 0 0 0 0 0 0 0 0 1 97 97 168 244 96 0 85 115 222 173 0 0 0 0 0 0 0 0 0 0 0 0 0 0 0 0 0 1 63 96 1 85 0
 addr 0x4000000000000000000000000000000000000001
  acc_nonce 0
  balance 0
  code 62 96 0 96 0 96 0 96 0 115 222 173 0 0 0 0 0 0 0 0 0 0 0 0 0 0 0 0 0 1 97 97 168 250 96 0 85 115 222 173 0 0 0 0 0 0 0 0 0 0 0 0 0 0 0 0 0 1 63 96 1 85 0
 addr 0xa94f5374fce5edbc8e2a8697c15331677e6ebf0b
  acc_nonce 0
  balance 1000000000000000000
  code 0
post
 addr 0x1000000000000000000000000000000000000000
  acc_nonce 0
  balance 1
  code 16 96 64 96 0 96 64 96 0 96 0 96 0 53 90 242 0
   kv 0x0000000000000000000000000000000000000000000000000000000000000000 0x0000000000000000000000000000000000000000000000000000000000000001
 addr 0x1000000000000000000000000000000000000001
  acc_nonce 0
  balance 0
  code 64 96 0 96 0 96 0 96 0 96 0 115 222 173 0 0 0 0 0 0 0 0 0 0 0 0 0 0 0 0 0 1 97 97 168 241 96 0 85 115 222 173 0 0 0 0 0 0 0 0 0 0 0 0 0 0 0 0 0 1 63 96 1 85 0
 addr 0x2000000000000000000000000000000000000001
  acc_nonce 0
  balance 0
  code 64 96 0 96 0 96 0 96 0 96 0 115 222 173 0 0 0 0 0 0 0 0 0 0 0 0 0 0 0 0 0 1 97 97 168 242 96 0 85 115 222 173 0 0 0 0 0 0 0 0 0 0 0 0 0 0 0 0 0 1 63 96 1 85 0
 addr 0x2adc25665018aa1fe0e6bc666dac8fc2697ff9ba
  acc_nonce 0
  balance 2000000000000033308
  code 0
 addr 0x3000000000000000000000000000000000000001
  acc_nonce 0
  balance 0
  code 62 96 0 96 0 96 0 96 0 115 222 173 0 0 0 0 0 0 0 0 0 0 0 0 0 0 0 0 0 1 97 97 168 244 96 0 85 115 222 173 0 0 0 0 0 0 0 0 0 0 0 0 0 0 0 0 0 1 63 96 1 85 0
 addr 0x4000000000000000000000000000000000000001
  acc_nonce 0
  balance 0
  code 62 96 0 96 0 96 0 96 0 115 222 173 0 0 0 0 0 0 0 0 0 0 0 0 0 0 0 0 0 1 97 97 168 250 96 0 85 115 222 173 0 0 0 0 0 0 0 0 0 0 0 0 0 0 0 0 0 1 63 96 1 85 0
 addr 0xa94f5374fce5edbc8e2a8697c15331677e6ebf0b
  acc_nonce 1
  balance 999999999999966691
  code 0
blocks
 block 0
  coinbase 0x2adc25665018aa1fe0e6bc666dac8fc2697ff9ba
  height 1
  difficulty 131072
  gaslimit 3002929686
  timestamp 1000
  tx 0
   from 0xa94f5374fce5edbc8e2a8697c15331677e6ebf0b
   nonce 0
   to 0x1000000000000000000000000000000000000000
   value 1
   gasprice 1
   gas 100000
   data 32 0 0 0 0 0 0 0 0 0 0 0 0 64 0 0 0 0 0 0 0 0 0 0 0 0 0 0 0 0 0 0 1
