test codeCopyZero_d0g0v0_Istanbul
pre
 addr 0xa000000000000000000000000000000000000000
  acc_nonce 0
  balance 1000000000000000000
  code 410 96 32 96 0 96 0 115 162 34 0 0 0 0 0 0 0 0 0 0 0 0 0 0 0 0 0 0 60 96 0 81 96 16 85 115 162 34 0 0 0 0 0 0 0 0 0 0 0 0 0 0 0 0 0 0 59 96 17 85 115 162 34 0 0 0 0 0 0 0 0 0 0 0 0 0 0 0 0 0 0 63 96 18 85 96 0 96 0 96 0 96 0 96 0 115 162 34 0 0 0 0 0 0 0 0 0 0 0 0 0 0 0 0 0 0 97 195 80 242 96 19 85 96 32 96 0 96 0 115 162 0 0 0 0 0 0 0 0 0 0 0 0 0 0 0 0 0 0 0 60 96 0 81 96 32 85 115 162 0 0 0 0 0 0 0 0 0 0 0 0 0 0 0 0 0 0 0 59 96 33 85 115 162 0 0 0 0 0 0 0 0 0 0 0 0 0 0 0 0 0 0 0 63 96 34 85 96 0 96 0 96 0 96 0 96 0 115 162 0 0 0 0 0 0 0 0 0 0 0 0 0 0 0 0 0 0 0 97 195 80 242 96 35 85 96 32 96 0 96 0 115 163 0 0 0 0 0 0 0 0 0 0 0 0 0 0 0 0 0 0 0 60 96 0 81 96 48 85 115 163 0 0 0 0 0 0 0 0 0 0 0 0 0 0 0 0 0 0 0 59 96 49 85 115 163 0 0 0 0 0 0 0 0 0 0 0 0 0 0 0 0 0 0 0 63 96 50 85 96 0 96 0 96 0 96 0 96 0 115 163 0 0 0 0 0 0 0 0 0 0 0 0 0 0 0 0 0 0 0 97 195 80 242 96 51 85 96 32 96 0 96 0 96 0 96 0 115 161 0 0 0 0 0 0 0 0 0 0 0 0 0 0 0 0 0 0 0 98 8 100 112 241 80 96 0 81 96 64 85 0
 addr 0xa100000000000000000000000000000000000000
  acc_nonce 0
  balance 1000000000000000000
  code 83 96 0 96 57 128 96 26 96 0 57 96 0 96 0 245 96 0 82 96 32 96 0 243 0 0 254 96 32 96 0 96 0 57 96 0 81 96 80 85 48 59 96 81 85 48 63 96 82 85 96 0 96 0 96 0 96 0 96 0 48 97 195 80 242 59 96 83 85 96 32 96 0 96 0 48 60 96 0 81 96 84 85 0
 addr 0xa200000000000000000000000000000000000000
  acc_nonce 0
  balance 1000000000000000000
  code 0
 addr 0xa300000000000000000000000000000000000000
  acc_nonce 0
  balance 0
  code 0
 addr 0xa94f5374fce5edbc8e2a8697c15331677e6ebf0b
  acc_nonce 0
  balance 1000000000000000000
  code 1 0
post
 addr 0x2adc25665018aa1fe0e6bc666dac8fc2697ff9ba
  acc_nonce 0
  balance 2000000000000214758
  code 0
 addr 0x64bc50092fd622c9cc47d658b99c1af75aaa3d68
  acc_nonce 1
  balance 0
  code 0
   kv 0x0000000000000000000000000000000000000000000000000000000000000050 0x60206000600039600051605055303b605155303f605255600060006000600060
   kv 0x0000000000000000000000000000000000000000000000000000000000000052 0xc5d2460186f7233c927e7db2dcc703c0e500b653ca82273b7bfad8045d85a470
 addr 0xa000000000000000000000000000000000000000
  acc_nonce 0
  balance 1000000000000000001
  code 410 96 32 96 0 96 0 115 162 34 0 0 0 0 0 0 0 0 0 0 0 0 0 0 0 0 0 0 60 96 0 81 96 16 85 115 162 34 0 0 0 0 0 0 0 0 0 0 0 0 0 0 0 0 0 0 59 96 17 85 115 162 34 0 0 0 0 0 0 0 0 0 0 0 0 0 0 0 0 0 0 63 96 18 85 96 0 96 0 96 0 96 0 96 0 115 162 34 0 0 0 0 0 0 0 0 0 0 0 0 0 0 0 0 0 0 97 195 80 242 96 19 85 96 32 96 0 96 0 115 162 0 0 0 0 0 0 0 0 0 0 0 0 0 0 0 0 0 0 0 60 96 0 81 96 32 85 115 162 0 0 0 0 0 0 0 0 0 0 0 0 0 0 0 0 0 0 0 59 96 33 85 115 162 0 0 0 0 0 0 0 0 0 0 0 0 0 0 0 0 0 0 0 63 96 34 85 96 0 96 0 96 0 96 0 96 0 115 162 0 0 0 0 0 0 0 0 0 0 0 0 0 0 0 0 0 0 0 97 195 80 242 96 35 85 96 32 96 0 96 0 115 163 0 0 0 0 0 0 0 0 0 0 0 0 0 0 0 0 0 0 0 60 96 0 81 96 48 85 115 163 0 0 0 0 0 0 0 0 0 0 0 0 0 0 0 0 0 0 0 59 96 49 85 115 163 0 0 0 0 0 0 0 0 0 0 0 0 0 0 0 0 0 0 0 63 96 50 85 96 0 96 0 96 0 96 0 96 0 115 163 0 0 0 0 0 0 0 0 0 0 0 0 0 0 0 0 0 0 0 97 195 80 242 96 51 85 96 32 96 0 96 0 96 0 96 0 115 161 0 0 0 0 0 0 0 0 0 0 0 0 0 0 0 0 0 0 0 98 8 100 112 241 80 96 0 81 96 64 85 0
   kv 0x0000000000000000000000000000000000000000000000000000000000000013 0x0000000000000000000000000000000000000000000000000000000000000001
   kv 0x0000000000000000000000000000000000000000000000000000000000000022 0xc5d2460186f7233c927e7db2dcc703c0e500b653ca82273b7bfad8045d85a470
   kv 0x0000000000000000000000000000000000000000000000000000000000000023 0x0000000000000000000000000000000000000000000000000000000000000001
   kv 0x0000000000000000000000000000000000000000000000000000000000000033 0x0000000000000000000000000000000000000000000000000000000000000001
   kv 0x0000000000000000000000000000000000000000000000000000000000000040 0x00000000000000000000000064bc50092fd622c9cc47d658b99c1af75aaa3d68
 addr 0xa100000000000000000000000000000000000000
  acc_nonce 1
  balance 1000000000000000000
  code 83 96 0 96 57 128 96 26 96 0 57 96 0 96 0 245 96 0 82 96 32 96 0 243 0 0 254 96 32 96 0 96 0 57 96 0 81 96 80 85 48 59 96 81 85 48 63 96 82 85 96 0 96 0 96 0 96 0 96 0 48 97 195 80 242 59 96 83 85 96 32 96 0 96 0 48 60 96 0 81 96 84 85 0
 addr 0xa200000000000000000000000000000000000000
  acc_nonce 0
  balance 1000000000000000000
  code 0
 addr 0xa300000000000000000000000000000000000000
  acc_nonce 0
  balance 0
  code 0
 addr 0xa94f5374fce5edbc8e2a8697c15331677e6ebf0b
  acc_nonce 1
  balance 999999999999785241
  code 1 0
blocks
 block 0
  coinbase 0x2adc25665018aa1fe0e6bc666dac8fc2697ff9ba
  height 1
  difficulty 131072
  gaslimit 10009764
  timestamp 1000
  tx 0
   from 0xa94f5374fce5edbc8e2a8697c15331677e6ebf0b
   nonce 0
   to 0xa000000000000000000000000000000000000000
   value 1
   gasprice 1
   gas 1400000
   data 0
