test createEmptyThenExtcodehash_d0g0v0_Istanbul
pre
 addr 0x1000000000000000000000000000000000000000
  acc_nonce 0
  balance 0
  code 104 96 0 96 9 128 96 86 96 0 57 96 0 96 0 245 96 0 85 115 8 38 86 42 201 55 56 24 247 160 85 22 111 123 12 200 116 133 240 93 63 96 1 85 96 9 128 96 95 96 0 57 96 0 96 0 240 96 2 85 115 124 90 44 145 178 45 122 146 38 82 61 75 167 23 219 106 251 116 30 189 63 96 3 85 0 254 98 17 34 51 96 0 85 0 0 98 17 34 51 96 0 85 0 0
   kv 0x0000000000000000000000000000000000000000000000000000000000000000 0x0000000000000000000000000000000000000000000000000000000000000001
   kv 0x0000000000000000000000000000000000000000000000000000000000000001 0x0000000000000000000000000000000000000000000000000000000000000001
   kv 0x0000000000000000000000000000000000000000000000000000000000000002 0x0000000000000000000000000000000000000000000000000000000000000001
   kv 0x0000000000000000000000000000000000000000000000000000000000000003 0x0000000000000000000000000000000000000000000000000000000000000001
 addr 0xa94f5374fce5edbc8e2a8697c15331677e6ebf0b
  acc_nonce 0
  balance 429496729600
  code 0
post
 addr 0x0826562ac9373818f7a055166f7b0cc87485f05d
  acc_nonce 1
  balance 0
  code 0
   kv 0x0000000000000000000000000000000000000000000000000000000000000000 0x0000000000000000000000000000000000000000000000000000000000112233
 addr 0x1000000000000000000000000000000000000000
  acc_nonce 2
  balance 0
  code 104 96 0 96 9 128 96 86 96 0 57 96 0 96 0 245 96 0 85 115 8 38 86 42 201 55 56 24 247 160 85 22 111 123 12 200 116 133 240 93 63 96 1 85 96 9 128 96 95 96 0 57 96 0 96 0 240 96 2 85 115 124 90 44 145 178 45 122 146 38 82 61 75 167 23 219 106 251 116 30 189 63 96 3 85 0 254 98 17 34 51 96 0 85 0 0 98 17 34 51 96 0 85 0 0
   kv 0x0000000000000000000000000000000000000000000000000000000000000000 0x0000000000000000000000000826562ac9373818f7a055166f7b0cc87485f05d
   kv 0x0000000000000000000000000000000000000000000000000000000000000001 0xc5d2460186f7233c927e7db2dcc703c0e500b653ca82273b7bfad8045d85a470
   kv 0x0000000000000000000000000000000000000000000000000000000000000002 0x0000000000000000000000007c5a2c91b22d7a9226523d4ba717db6afb741ebd
   kv 0x0000000000000000000000000000000000000000000000000000000000000003 0xc5d2460186f7233c927e7db2dcc703c0e500b653ca82273b7bfad8045d85a470
 addr 0x2adc25665018aa1fe0e6bc666dac8fc2697ff9ba
  acc_nonce 0
  balance 2000000000000146490
  code 0
 addr 0x7c5a2c91b22d7a9226523d4ba717db6afb741ebd
  acc_nonce 1
  balance 0
  code 0
   kv 0x0000000000000000000000000000000000000000000000000000000000000000 0x0000000000000000000000000000000000000000000000000000000000112233
 addr 0xa94f5374fce5edbc8e2a8697c15331677e6ebf0b
  acc_nonce 1
  balance 429496583110
  code 0
blocks
 block 0
  coinbase 0x2adc25665018aa1fe0e6bc666dac8fc2697ff9ba
  height 1
  difficulty 131072
  gaslimit 47290777599
  timestamp 1000
  tx 0
   from 0xa94f5374fce5edbc8e2a8697c15331677e6ebf0b
   nonce 0
   to 0x1000000000000000000000000000000000000000
   value 0
   gasprice 1
   gas 300000
   data 0
