test dynamicAccountOverwriteEmpty_d0g0v0_Istanbul
pre
 addr 0x095e7baea6a6c7c4c2dfeb977efac326af552d87
  acc_nonce 0
  balance 1000000000000000000
  code 325 115 231 19 68 156 33 45 137 19 87 204 41 102 129 107 29 82 140 251 89 224 63 96 0 85 115 231 19 68 156 33 45 137 19 87 204 41 102 129 107 29 82 140 251 89 224 59 96 1 85 96 32 96 0 96 0 115 231 19 68 156 33 45 137 19 87 204 41 102 129 107 29 82 140 251 89 224 60 96 0 81 96 2 85 96 0 96 0 96 0 96 0 96 0 115 231 19 68 156 33 45 137 19 87 204 41 102 129 107 29 82 140 251 89 224 97 195 80 242 96 3 85 96 0 96 61 128 97 1 8 96 0 57 96 0 96 0 245 80 115 231 19 68 156 33 45 137 19 87 204 41 102 129 107 29 82 140 251 89 224 63 96 4 85 115 231 19 68 156 33 45 137 19 87 204 41 102 129 107 29 82 140 251 89 224 59 96 5 85 96 32 96 0 96 0 115 231 19 68 156 33 45 137 19 87 204 41 102 129 107 29 82 140 251 89 224 60 96 0 81 96 6 85 96 0 96 0 96 0 96 0 96 0 115 231 19 68 156 33 45 137 19 87 204 41 102 129 107 29 82 140 251 89 224 97 195 80 242 96 7 85 0 0 254 115 221 221 221 221 0 0 0 0 0 0 0 0 0 0 0 0 0 0 0 0 59 96 0 82 96 0 81 96 0 96 32 115 221 221 221 221 0 0 0 0 0 0 0 0 0 0 0 0 0 0 0 0 60 96 0 81 96 32 243 0
 addr 0xa94f5374fce5edbc8e2a8697c15331677e6ebf0b
  acc_nonce 0
  balance 1000000000000000000
  code 1 0
 addr 0xdddddddd00000000000000000000000000000000
  acc_nonce 0
  balance 1000000000000000000
  code 6 96 11 96 80 85 0
 addr 0xe713449c212d891357cc2966816b1d528cfb59e0
  acc_nonce 0
  balance 0
  code 0
   kv 0x0000000000000000000000000000000000000000000000000000000000000001 0x0000000000000000000000000000000000000000000000000000000000000001
post
 addr 0x095e7baea6a6c7c4c2dfeb977efac326af552d87
  acc_nonce 1
  balance 1000000000000000001
  code 325 115 231 19 68 156 33 45 137 19 87 204 41 102 129 107 29 82 140 251 89 224 63 96 0 85 115 231 19 68 156 33 45 137 19 87 204 41 102 129 107 29 82 140 251 89 224 59 96 1 85 96 32 96 0 96 0 115 231 19 68 156 33 45 137 19 87 204 41 102 129 107 29 82 140 251 89 224 60 96 0 81 96 2 85 96 0 96 0 96 0 96 0 96 0 115 231 19 68 156 33 45 137 19 87 204 41 102 129 107 29 82 140 251 89 224 97 195 80 242 96 3 85 96 0 96 61 128 97 1 8 96 0 57 96 0 96 0 245 80 115 231 19 68 156 33 45 137 19 87 204 41 102 129 107 29 82 140 251 89 224 63 96 4 85 115 231 19 68 156 33 45 137 19 87 204 41 102 129 107 29 82 140 251 89 224 59 96 5 85 96 32 96 0 96 0 115 231 19 68 156 33 45 137 19 87 204 41 102 129 107 29 82 140 251 89 224 60 96 0 81 96 6 85 96 0 96 0 96 0 96 0 96 0 115 231 19 68 156 33 45 137 19 87 204 41 102 129 107 29 82 140 251 89 224 97 195 80 242 96 7 85 0 0 254 115 221 221 221 221 0 0 0 0 0 0 0 0 0 0 0 0 0 0 0 0 59 96 0 82 96 0 81 96 0 96 32 115 221 221 221 221 0 0 0 0 0 0 0 0 0 0 0 0 0 0 0 0 60 96 0 81 96 32 243 0
   kv 0x0000000000000000000000000000000000000000000000000000000000000003 0x0000000000000000000000000000000000000000000000000000000000000001
   kv 0x0000000000000000000000000000000000000000000000000000000000000007 0x0000000000000000000000000000000000000000000000000000000000000001
 addr 0x2adc25665018aa1fe0e6bc666dac8fc2697ff9ba
  acc_nonce 0
  balance 2000000000000106212
  code 0
 addr 0xa94f5374fce5edbc8e2a8697c15331677e6ebf0b
  acc_nonce 1
  balance 999999999999893787
  code 1 0
 addr 0xc5691dc90d9fd2a2e9a5fa5bd28bf77ffd60aa78
  acc_nonce 1
  balance 0
  code 6 96 11 96 80 85 0
 addr 0xdddddddd00000000000000000000000000000000
  acc_nonce 0
  balance 1000000000000000000
  code 6 96 11 96 80 85 0
 addr 0xe713449c212d891357cc2966816b1d528cfb59e0
  acc_nonce 0
  balance 0
  code 0
   kv 0x0000000000000000000000000000000000000000000000000000000000000001 0x0000000000000000000000000000000000000000000000000000000000000001
blocks
 block 0
  coinbase 0x2adc25665018aa1fe0e6bc666dac8fc2697ff9ba
  height 1
  difficulty 131072
  gaslimit 1000975
  timestamp 1000
  tx 0
   from 0xa94f5374fce5edbc8e2a8697c15331677e6ebf0b
   nonce 0
   to 0x095e7baea6a6c7c4c2dfeb977efac326af552d87
   value 1
   gasprice 1
   gas 400000
   data 0
