test extCodeHashDeletedAccount1_d0g0v0_Istanbul
pre
 addr 0x095e7baea6a6c7c4c2dfeb977efac326af552d87
  acc_nonce 0
  balance 1000000000000000000
  code 37 96 32 96 0 96 0 96 0 96 0 115 187 187 187 187 0 0 0 0 0 0 0 0 0 0 0 0 0 0 0 0 98 2 113 0 241 0
 addr 0xa94f5374fce5edbc8e2a8697c15331677e6ebf0b
  acc_nonce 0
  balance 1000000000000000000
  code 1 0
 addr 0xaaaaaaaa00000000000000000000000000000000
  acc_nonce 0
  balance 1000000000000000000
  code 24 115 222 173 190 239 0 0 0 0 0 0 0 0 0 0 0 0 0 0 0 0 49 255 0
 addr 0xbbbbbbbb00000000000000000000000000000000
  acc_nonce 0
  balance 1000000000000000000
  code 208 115 170 170 170 170 0 0 0 0 0 0 0 0 0 0 0 0 0 0 0 0 63 96 1 85 115 170 170 170 170 0 0 0 0 0 0 0 0 0 0 0 0 0 0 0 0 59 96 2 85 96 2 84 96 0 96 0 115 170 170 170 170 0 0 0 0 0 0 0 0 0 0 0 0 0 0 0 0 60 96 0 81 96 3 85 96 32 96 0 96 0 96 0 96 0 115 170 170 170 170 0 0 0 0 0 0 0 0 0 0 0 0 0 0 0 0 98 2 73 240 241 80 115 170 170 170 170 0 0 0 0 0 0 0 0 0 0 0 0 0 0 0 0 63 96 4 85 115 170 170 170 170 0 0 0 0 0 0 0 0 0 0 0 0 0 0 0 0 59 96 5 85 96 5 84 96 0 96 32 115 170 170 170 170 0 0 0 0 0 0 0 0 0 0 0 0 0 0 0 0 60 96 32 81 96 6 85 0
post
 addr 0x0000000000000000000000000000000000000000
  acc_nonce 0
  balance 1000000000000000000
  code 0
 addr 0x095e7baea6a6c7c4c2dfeb977efac326af552d87
  acc_nonce 0
  balance 1000000000000000001
  code 37 96 32 96 0 96 0 96 0 96 0 115 187 187 187 187 0 0 0 0 0 0 0 0 0 0 0 0 0 0 0 0 98 2 113 0 241 0
 addr 0x2adc25665018aa1fe0e6bc666dac8fc2697ff9ba
  acc_nonce 0
  balance 2000000000000155028
  code 0
 addr 0xa94f5374fce5edbc8e2a8697c15331677e6ebf0b
  acc_nonce 1
  balance 999999999999844971
  code 1 0
 addr 0xbbbbbbbb00000000000000000000000000000000
  acc_nonce 0
  balance 1000000000000000000
  code 208 115 170 170 170 170 0 0 0 0 0 0 0 0 0 0 0 0 0 0 0 0 63 96 1 85 115 170 170 170 170 0 0 0 0 0 0 0 0 0 0 0 0 0 0 0 0 59 96 2 85 96 2 84 96 0 96 0 115 170 170 170 170 0 0 0 0 0 0 0 0 0 0 0 0 0 0 0 0 60 96 0 81 96 3 85 96 32 96 0 96 0 96 0 96 0 115 170 170 170 170 0 0 0 0 0 0 0 0 0 0 0 0 0 0 0 0 98 2 73 240 241 80 115 170 170 170 170 0 0 0 0 0 0 0 0 0 0 0 0 0 0 0 0 63 96 4 85 115 170 170 170 170 0 0 0 0 0 0 0 0 0 0 0 0 0 0 0 0 59 96 5 85 96 5 84 96 0 96 32 115 170 170 170 170 0 0 0 0 0 0 0 0 0 0 0 0 0 0 0 0 60 96 32 81 96 6 85 0
   kv 0x0000000000000000000000000000000000000000000000000000000000000001 0x94e08c34847a4e52a3e523b70a5d9b2151155bd0bc10f7b7c550bda63229c756
   kv 0x0000000000000000000000000000000000000000000000000000000000000002 0x0000000000000000000000000000000000000000000000000000000000000018
   kv 0x0000000000000000000000000000000000000000000000000000000000000003 0x73deadbeef0000000000000000000000000000000031ff000000000000000000
   kv 0x0000000000000000000000000000000000000000000000000000000000000004 0x94e08c34847a4e52a3e523b70a5d9b2151155bd0bc10f7b7c550bda63229c756
   kv 0x0000000000000000000000000000000000000000000000000000000000000005 0x0000000000000000000000000000000000000000000000000000000000000018
   kv 0x0000000000000000000000000000000000000000000000000000000000000006 0x73deadbeef0000000000000000000000000000000031ff000000000000000000
blocks
 block 0
  coinbase 0x2adc25665018aa1fe0e6bc666dac8fc2697ff9ba
  height 1
  difficulty 131072
  gaslimit 1000975
  timestamp 1000
  tx 0
   from 0xa94f5374fce5edbc8e2a8697c15331677e6ebf0b
   nonce 0
   to 0x095e7baea6a6c7c4c2dfeb977efac326af552d87
   value 1
   gasprice 1
   gas 400000
   data 0
