test extCodeHashCreatedAndDeletedAccountCall_d0g0v0_Istanbul
pre
 addr 0xa94f5374fce5edbc8e2a8697c15331677e6ebf0b
  acc_nonce 0
  balance 1000000000000000000
  code 0
 addr 0xdeadbeef00000000000000000000000000000000
  acc_nonce 0
  balance 1000000000000000000
  code 85 96 16 96 17 128 96 68 96 128 57 96 128 96 0 245 96 0 82 96 0 81 63 96 0 85 96 0 81 59 96 1 85 96 0 96 0 96 0 96 0 96 0 96 0 81 98 1 0 0 241 80 96 0 81 63 96 2 85 96 0 81 59 96 3 85 0 0 254 96 4 128 96 13 96 0 57 96 0 243 0 254 96 0 255 0
post
 addr 0x2adc25665018aa1fe0e6bc666dac8fc2697ff9ba
  acc_nonce 0
  balance 2000000000000118443
  code 0
 addr 0xa94f5374fce5edbc8e2a8697c15331677e6ebf0b
  acc_nonce 1
  balance 999999999999881556
  code 0
 addr 0xdeadbeef00000000000000000000000000000000
  acc_nonce 1
  balance 1000000000000000001
  code 85 96 16 96 17 128 96 68 96 128 57 96 128 96 0 245 96 0 82 96 0 81 63 96 0 85 96 0 81 59 96 1 85 96 0 96 0 96 0 96 0 96 0 96 0 81 98 1 0 0 241 80 96 0 81 63 96 2 85 96 0 81 59 96 3 85 0 0 254 96 4 128 96 13 96 0 57 96 0 243 0 254 96 0 255 0
   kv 0x0000000000000000000000000000000000000000000000000000000000000000 0x73c5f15b1290fd9e66722596c2fa1e1c9341f7acb185530dce0bf0e0fec7dfc6
   kv 0x0000000000000000000000000000000000000000000000000000000000000001 0x0000000000000000000000000000000000000000000000000000000000000004
   kv 0x0000000000000000000000000000000000000000000000000000000000000002 0x73c5f15b1290fd9e66722596c2fa1e1c9341f7acb185530dce0bf0e0fec7dfc6
   kv 0x0000000000000000000000000000000000000000000000000000000000000003 0x0000000000000000000000000000000000000000000000000000000000000004
blocks
 block 0
  coinbase 0x2adc25665018aa1fe0e6bc666dac8fc2697ff9ba
  height 1
  difficulty 131072
  gaslimit 1000975
  timestamp 1000
  tx 0
   from 0xa94f5374fce5edbc8e2a8697c15331677e6ebf0b
   nonce 0
   to 0xdeadbeef00000000000000000000000000000000
   value 1
   gasprice 1
   gas 400000
   data 0
