test extCodeHashNewAccount_d0g0v0_Istanbul
pre
 addr 0xa94f5374fce5edbc8e2a8697c15331677e6ebf0b
  acc_nonce 0
  balance 1000000000000000000
  code 0
 addr 0xdeadbeef00000000000000000000000000000000
  acc_nonce 0
  balance 1000000000000000000
  code 47 96 16 96 12 128 96 35 96 0 57 96 0 96 0 245 96 0 82 96 0 81 63 96 0 85 96 0 81 59 96 1 85 0 0 254 97 18 52 96 0 82 96 32 96 0 243 0
post
 addr 0x2adc25665018aa1fe0e6bc666dac8fc2697ff9ba
  acc_nonce 0
  balance 2000000000000100878
  code 0
 addr 0x75e23f851ce92ee62896c1fb1127d4be2c53f59d
  acc_nonce 1
  balance 0
  code 32 0 0 0 0 0 0 0 0 0 0 0 0 0 0 0 0 0 0 0 0 0 0 0 0 0 0 0 0 0 0 18 52
 addr 0xa94f5374fce5edbc8e2a8697c15331677e6ebf0b
  acc_nonce 1
  balance 999999999999899121
  code 0
 addr 0xdeadbeef00000000000000000000000000000000
  acc_nonce 1
  balance 1000000000000000001
  code 47 96 16 96 12 128 96 35 96 0 57 96 0 96 0 245 96 0 82 96 0 81 63 96 0 85 96 0 81 59 96 1 85 0 0 254 97 18 52 96 0 82 96 32 96 0 243 0
   kv 0x0000000000000000000000000000000000000000000000000000000000000000 0xe321d900f3fd366734e2d071e30949ded20c27fd638f1a059390091c643b62c5
   kv 0x0000000000000000000000000000000000000000000000000000000000000001 0x0000000000000000000000000000000000000000000000000000000000000020
blocks
 block 0
  coinbase 0x2adc25665018aa1fe0e6bc666dac8fc2697ff9ba
  height 1
  difficulty 131072
  gaslimit 1000975
  timestamp 1000
  tx 0
   from 0xa94f5374fce5edbc8e2a8697c15331677e6ebf0b
   nonce 0
   to 0xdeadbeef00000000000000000000000000000000
   value 1
   gasprice 1
   gas 400000
   data 0
