test extCodeHashSubcallSuicide_d0g0v0_Istanbul
pre
 addr 0xa000000000000000000000000000000000000000
  acc_nonce 0
  balance 1000000000000000000
  code 37 96 32 96 0 96 0 96 0 96 0 115 192 0 0 0 0 0 0 0 0 0 0 0 0 0 0 0 0 0 0 0 98 5 87 48 242 0
 addr 0xa94f5374fce5edbc8e2a8697c15331677e6ebf0b
  acc_nonce 0
  balance 1000000000000000000
  code 1 0
 addr 0xb000000000000000000000000000000000000000
  acc_nonce 0
  balance 1000000000000000000
  code 245 115 160 0 0 0 0 0 0 0 0 0 0 0 0 0 0 0 0 0 0 0 63 96 1 85 115 160 0 0 0 0 0 0 0 0 0 0 0 0 0 0 0 0 0 0 0 59 96 2 85 96 32 96 0 96 0 115 160 0 0 0 0 0 0 0 0 0 0 0 0 0 0 0 0 0 0 0 60 96 0 81 96 3 85 96 32 96 0 96 0 96 0 96 0 115 160 0 0 0 0 0 0 0 0 0 0 0 0 0 0 0 0 0 0 0 98 5 87 48 241 80 115 160 0 0 0 0 0 0 0 0 0 0 0 0 0 0 0 0 0 0 0 63 96 4 85 115 160 0 0 0 0 0 0 0 0 0 0 0 0 0 0 0 0 0 0 0 59 96 5 85 96 32 96 0 96 0 115 160 0 0 0 0 0 0 0 0 0 0 0 0 0 0 0 0 0 0 0 60 96 0 81 96 6 85 96 32 96 0 96 0 96 0 96 0 115 160 0 0 0 0 0 0 0 0 0 0 0 0 0 0 0 0 0 0 0 98 5 87 48 241 96 7 85 0
 addr 0xc000000000000000000000000000000000000000
  acc_nonce 0
  balance 1000000000000000000
  code 23 115 169 79 83 116 252 229 237 188 142 42 134 151 193 83 49 103 126 110 191 11 255 0
post
 addr 0x2adc25665018aa1fe0e6bc666dac8fc2697ff9ba
  acc_nonce 0
  balance 2000000000000154176
  code 0
 addr 0xa94f5374fce5edbc8e2a8697c15331677e6ebf0b
  acc_nonce 1
  balance 1999999999999845823
  code 1 0
 addr 0xb000000000000000000000000000000000000000
  acc_nonce 0
  balance 1000000000000000001
  code 245 115 160 0 0 0 0 0 0 0 0 0 0 0 0 0 0 0 0 0 0 0 63 96 1 85 115 160 0 0 0 0 0 0 0 0 0 0 0 0 0 0 0 0 0 0 0 59 96 2 85 96 32 96 0 96 0 115 160 0 0 0 0 0 0 0 0 0 0 0 0 0 0 0 0 0 0 0 60 96 0 81 96 3 85 96 32 96 0 96 0 96 0 96 0 115 160 0 0 0 0 0 0 0 0 0 0 0 0 0 0 0 0 0 0 0 98 5 87 48 241 80 115 160 0 0 0 0 0 0 0 0 0 0 0 0 0 0 0 0 0 0 0 63 96 4 85 115 160 0 0 0 0 0 0 0 0 0 0 0 0 0 0 0 0 0 0 0 59 96 5 85 96 32 96 0 96 0 115 160 0 0 0 0 0 0 0 0 0 0 0 0 0 0 0 0 0 0 0 60 96 0 81 96 6 85 96 32 96 0 96 0 96 0 96 0 115 160 0 0 0 0 0 0 0 0 0 0 0 0 0 0 0 0 0 0 0 98 5 87 48 241 96 7 85 0
   kv 0x0000000000000000000000000000000000000000000000000000000000000001 0x367d3c0e810bbdebc72c25e80dcb9a337c7c87e3a36e6fae87d1d51b3c745d24
   kv 0x0000000000000000000000000000000000000000000000000000000000000002 0x0000000000000000000000000000000000000000000000000000000000000025
   kv 0x0000000000000000000000000000000000000000000000000000000000000003 0x6020600060006000600073c00000000000000000000000000000000000000062
   kv 0x0000000000000000000000000000000000000000000000000000000000000004 0x367d3c0e810bbdebc72c25e80dcb9a337c7c87e3a36e6fae87d1d51b3c745d24
   kv 0x0000000000000000000000000000000000000000000000000000000000000005 0x0000000000000000000000000000000000000000000000000000000000000025
   kv 0x0000000000000000000000000000000000000000000000000000000000000006 0x6020600060006000600073c00000000000000000000000000000000000000062
   kv 0x0000000000000000000000000000000000000000000000000000000000000007 0x0000000000000000000000000000000000000000000000000000000000000001
 addr 0xc000000000000000000000000000000000000000
  acc_nonce 0
  balance 1000000000000000000
  code 23 115 169 79 83 116 252 229 237 188 142 42 134 151 193 83 49 103 126 110 191 11 255 0
blocks
 block 0
  coinbase 0x2adc25665018aa1fe0e6bc666dac8fc2697ff9ba
  height 1
  difficulty 131072
  gaslimit 10009764
  timestamp 1000
  tx 0
   from 0xa94f5374fce5edbc8e2a8697c15331677e6ebf0b
   nonce 0
   to 0xb000000000000000000000000000000000000000
   value 1
   gasprice 1
   gas 500000
   data 0
