test extCodeHashChangedAccount_d0g0v0_Istanbul
pre
 addr 0xa94f5374fce5edbc8e2a8697c15331677e6ebf0b
  acc_nonce 0
  balance 1000000000000000000
  code 0
 addr 0xdeadbeef00000000000000000000000000000000
  acc_nonce 0
  balance 1000000000000000000
  code 140 115 222 173 190 239 0 0 0 0 0 0 0 0 0 0 0 0 0 0 0 1 63 96 0 85 115 222 173 190 239 0 0 0 0 0 0 0 0 0 0 0 0 0 0 0 1 59 96 1 85 96 0 96 0 96 0 96 0 97 3 232 115 222 173 190 239 0 0 0 0 0 0 0 0 0 0 0 0 0 0 0 1 98 1 0 0 241 80 115 222 173 190 239 0 0 0 0 0 0 0 0 0 0 0 0 0 0 0 1 63 96 2 85 115 222 173 190 239 0 0 0 0 0 0 0 0 0 0 0 0 0 0 0 1 59 96 3 85 0 0
 addr 0xdeadbeef00000000000000000000000000000001
  acc_nonce 0
  balance 1000000000000000000
  code 15 96 0 96 0 96 0 240 80 97 18 52 96 0 85 0
 addr 0xdeadbeef00000000000000000000000000000002
  acc_nonce 0
  balance 1000000000000000000
  code 0
post
 addr 0x2adc25665018aa1fe0e6bc666dac8fc2697ff9ba
  acc_nonce 0
  balance 2000000000000163264
  code 0
 addr 0xa94f5374fce5edbc8e2a8697c15331677e6ebf0b
  acc_nonce 1
  balance 999999999999836735
  code 0
 addr 0xc6b3171c252a2bd26e2e5cc252551d8c87ac6028
  acc_nonce 1
  balance 0
  code 0
 addr 0xdeadbeef00000000000000000000000000000000
  acc_nonce 0
  balance 999999999999999001
  code 140 115 222 173 190 239 0 0 0 0 0 0 0 0 0 0 0 0 0 0 0 1 63 96 0 85 115 222 173 190 239 0 0 0 0 0 0 0 0 0 0 0 0 0 0 0 1 59 96 1 85 96 0 96 0 96 0 96 0 97 3 232 115 222 173 190 239 0 0 0 0 0 0 0 0 0 0 0 0 0 0 0 1 98 1 0 0 241 80 115 222 173 190 239 0 0 0 0 0 0 0 0 0 0 0 0 0 0 0 1 63 96 2 85 115 222 173 190 239 0 0 0 0 0 0 0 0 0 0 0 0 0 0 0 1 59 96 3 85 0 0
   kv 0x0000000000000000000000000000000000000000000000000000000000000000 0xe632e0df9dba0723da1642ec61b48d5d69f8bb794bb1e0875fc2171f7627c47b
   kv 0x0000000000000000000000000000000000000000000000000000000000000001 0x000000000000000000000000000000000000000000000000000000000000000f
   kv 0x0000000000000000000000000000000000000000000000000000000000000002 0xe632e0df9dba0723da1642ec61b48d5d69f8bb794bb1e0875fc2171f7627c47b
   kv 0x0000000000000000000000000000000000000000000000000000000000000003 0x000000000000000000000000000000000000000000000000000000000000000f
 addr 0xdeadbeef00000000000000000000000000000001
  acc_nonce 1
  balance 1000000000000001000
  code 15 96 0 96 0 96 0 240 80 97 18 52 96 0 85 0
   kv 0x0000000000000000000000000000000000000000000000000000000000000000 0x0000000000000000000000000000000000000000000000000000000000001234
 addr 0xdeadbeef00000000000000000000000000000002
  acc_nonce 0
  balance 1000000000000000000
  code 0
blocks
 block 0
  coinbase 0x2adc25665018aa1fe0e6bc666dac8fc2697ff9ba
  height 1
  difficulty 131072
  gaslimit 1000975
  timestamp 1000
  tx 0
   from 0xa94f5374fce5edbc8e2a8697c15331677e6ebf0b
   nonce 0
   to 0xdeadbeef00000000000000000000000000000000
   value 1
   gasprice 1
   gas 400000
   data 0
