test extCodeHashCALLCODE_d0g0v0_Istanbul
pre
 addr 0x095e7baea6a6c7c4c2dfeb977efac326af552d87
  acc_nonce 0
  balance 1000000000000000000
  code 101 96 32 96 0 96 0 96 0 96 0 115 222 173 190 239 0 0 0 0 0 0 0 0 0 0 0 0 0 0 0 0 98 2 73 240 242 80 96 32 96 0 96 0 62 96 0 81 96 0 85 96 32 96 0 96 0 96 0 96 0 115 174 173 190 239 0 0 0 0 0 0 0 0 0 0 0 0 0 0 0 0 98 2 73 240 242 80 96 32 96 0 96 0 62 96 0 81 96 1 85 0
   kv 0x0000000000000000000000000000000000000000000000000000000000000000 0x00000000000000000000000000000000000000000000000000000000deadbeef
 addr 0xa94f5374fce5edbc8e2a8697c15331677e6ebf0b
  acc_nonce 0
  balance 1000000000000000000
  code 0
 addr 0xaeadbeef00000000000000000000000000000000
  acc_nonce 0
  balance 1000000000000000000
  code 31 115 222 173 190 239 0 0 0 0 0 0 0 0 0 0 0 0 0 0 0 1 59 96 0 82 96 32 96 0 243 0
   kv 0x0000000000000000000000000000000000000000000000000000000000000000 0x00000000000000000000000000000000000000000000000000000000deadbeef
 addr 0xdeadbeef00000000000000000000000000000000
  acc_nonce 0
  balance 1000000000000000000
  code 31 115 222 173 190 239 0 0 0 0 0 0 0 0 0 0 0 0 0 0 0 1 63 96 0 82 96 32 96 0 243 0
   kv 0x0000000000000000000000000000000000000000000000000000000000000000 0x00000000000000000000000000000000000000000000000000000000deadbeef
 addr 0xdeadbeef00000000000000000000000000000001
  acc_nonce 0
  balance 1000000000000000000
  code 2 18 52
post
 addr 0x095e7baea6a6c7c4c2dfeb977efac326af552d87
  acc_nonce 0
  balance 1000000000000000001
  code 101 96 32 96 0 96 0 96 0 96 0 115 222 173 190 239 0 0 0 0 0 0 0 0 0 0 0 0 0 0 0 0 98 2 73 240 242 80 96 32 96 0 96 0 62 96 0 81 96 0 85 96 32 96 0 96 0 96 0 96 0 115 174 173 190 239 0 0 0 0 0 0 0 0 0 0 0 0 0 0 0 0 98 2 73 240 242 80 96 32 96 0 96 0 62 96 0 81 96 1 85 0
   kv 0x0000000000000000000000000000000000000000000000000000000000000000 0x56570de287d73cd1cb6092bb8fdee6173974955fdef345ae579ee9f475ea7432
   kv 0x0000000000000000000000000000000000000000000000000000000000000001 0x0000000000000000000000000000000000000000000000000000000000000002
 addr 0x2adc25665018aa1fe0e6bc666dac8fc2697ff9ba
  acc_nonce 0
  balance 2000000000000048933
  code 0
 addr 0xa94f5374fce5edbc8e2a8697c15331677e6ebf0b
  acc_nonce 1
  balance 999999999999951066
  code 0
 addr 0xaeadbeef00000000000000000000000000000000
  acc_nonce 0
  balance 1000000000000000000
  code 31 115 222 173 190 239 0 0 0 0 0 0 0 0 0 0 0 0 0 0 0 1 59 96 0 82 96 32 96 0 243 0
   kv 0x0000000000000000000000000000000000000000000000000000000000000000 0x00000000000000000000000000000000000000000000000000000000deadbeef
 addr 0xdeadbeef00000000000000000000000000000000
  acc_nonce 0
  balance 1000000000000000000
  code 31 115 222 173 190 239 0 0 0 0 0 0 0 0 0 0 0 0 0 0 0 1 63 96 0 82 96 32 96 0 243 0
   kv 0x0000000000000000000000000000000000000000000000000000000000000000 0x00000000000000000000000000000000000000000000000000000000deadbeef
 addr 0xdeadbeef00000000000000000000000000000001
  acc_nonce 0
  balance 1000000000000000000
  code 2 18 52
blocks
 block 0
  coinbase 0x2adc25665018aa1fe0e6bc666dac8fc2697ff9ba
  height 1
  difficulty 131072
  gaslimit 1000975
  timestamp 1000
  tx 0
   from 0xa94f5374fce5edbc8e2a8697c15331677e6ebf0b
   nonce 0
   to 0x095e7baea6a6c7c4c2dfeb977efac326af552d87
   value 1
   gasprice 1
   gas 400000
   data 0
