test extCodeHashDeletedAccount4_d0g0v0_Istanbul
pre
 addr 0x095e7baea6a6c7c4c2dfeb977efac326af552d87
  acc_nonce 0
  balance 1000000000000000000
  code 209 96 0 96 61 128 96 148 96 0 57 96 0 96 0 245 96 0 82 96 0 81 96 0 85 96 1 96 32 82 96 32 96 0 96 32 96 32 96 0 115 187 187 187 187 0 0 0 0 0 0 0 0 0 0 0 0 0 0 0 0 98 2 73 240 241 80 96 32 96 0 96 0 96 0 96 0 115 204 204 204 204 0 0 0 0 0 0 0 0 0 0 0 0 0 0 0 0 98 2 73 240 241 80 96 4 96 64 82 96 32 96 0 96 32 96 64 96 0 115 187 187 187 187 0 0 0 0 0 0 0 0 0 0 0 0 0 0 0 0 98 2 73 240 241 80 0 0 254 115 221 221 221 221 0 0 0 0 0 0 0 0 0 0 0 0 0 0 0 0 59 96 0 82 96 0 81 96 0 96 32 115 221 221 221 221 0 0 0 0 0 0 0 0 0 0 0 0 0 0 0 0 60 96 0 81 96 32 243 0
 addr 0xa94f5374fce5edbc8e2a8697c15331677e6ebf0b
  acc_nonce 0
  balance 1000000000000000000
  code 0
 addr 0xbbbbbbbb00000000000000000000000000000000
  acc_nonce 0
  balance 1000000000000000000
  code 115 96 32 96 0 96 0 55 115 197 105 29 201 13 159 210 162 233 165 250 91 210 139 247 127 253 96 170 120 63 96 0 81 85 96 1 96 0 81 1 96 0 82 115 197 105 29 201 13 159 210 162 233 165 250 91 210 139 247 127 253 96 170 120 59 96 0 81 85 96 0 81 84 96 0 96 32 115 197 105 29 201 13 159 210 162 233 165 250 91 210 139 247 127 253 96 170 120 60 96 1 96 0 81 1 96 0 82 96 32 81 96 0 81 85 0
 addr 0xcccccccc00000000000000000000000000000000
  acc_nonce 0
  balance 0
  code 37 96 32 96 0 96 0 96 0 96 0 115 197 105 29 201 13 159 210 162 233 165 250 91 210 139 247 127 253 96 170 120 98 2 73 240 241 0
 addr 0xdddddddd00000000000000000000000000000000
  acc_nonce 0
  balance 0
  code 23 115 187 187 187 187 0 0 0 0 0 0 0 0 0 0 0 0 0 0 0 0 255 0
post
 addr 0x095e7baea6a6c7c4c2dfeb977efac326af552d87
  acc_nonce 1
  balance 1000000000000000001
  code 209 96 0 96 61 128 96 148 96 0 57 96 0 96 0 245 96 0 82 96 0 81 96 0 85 96 1 96 32 82 96 32 96 0 96 32 96 32 96 0 115 187 187 187 187 0 0 0 0 0 0 0 0 0 0 0 0 0 0 0 0 98 2 73 240 241 80 96 32 96 0 96 0 96 0 96 0 115 204 204 204 204 0 0 0 0 0 0 0 0 0 0 0 0 0 0 0 0 98 2 73 240 241 80 96 4 96 64 82 96 32 96 0 96 32 96 64 96 0 115 187 187 187 187 0 0 0 0 0 0 0 0 0 0 0 0 0 0 0 0 98 2 73 240 241 80 0 0 254 115 221 221 221 221 0 0 0 0 0 0 0 0 0 0 0 0 0 0 0 0 59 96 0 82 96 0 81 96 0 96 32 115 221 221 221 221 0 0 0 0 0 0 0 0 0 0 0 0 0 0 0 0 60 96 0 81 96 32 243 0
   kv 0x0000000000000000000000000000000000000000000000000000000000000000 0x000000000000000000000000c5691dc90d9fd2a2e9a5fa5bd28bf77ffd60aa78
 addr 0x2adc25665018aa1fe0e6bc666dac8fc2697ff9ba
  acc_nonce 0
  balance 2000000000000189032
  code 0
 addr 0xa94f5374fce5edbc8e2a8697c15331677e6ebf0b
  acc_nonce 1
  balance 999999999999810967
  code 0
 addr 0xbbbbbbbb00000000000000000000000000000000
  acc_nonce 0
  balance 1000000000000000000
  code 115 96 32 96 0 96 0 55 115 197 105 29 201 13 159 210 162 233 165 250 91 210 139 247 127 253 96 170 120 63 96 0 81 85 96 1 96 0 81 1 96 0 82 115 197 105 29 201 13 159 210 162 233 165 250 91 210 139 247 127 253 96 170 120 59 96 0 81 85 96 0 81 84 96 0 96 32 115 197 105 29 201 13 159 210 162 233 165 250 91 210 139 247 127 253 96 170 120 60 96 1 96 0 81 1 96 0 82 96 32 81 96 0 81 85 0
   kv 0x0000000000000000000000000000000000000000000000000000000000000001 0xbc0e1b58b60bffd44555bf2c703da0fc6e1e3971797e9c5554512d69f45e7a52
   kv 0x0000000000000000000000000000000000000000000000000000000000000002 0x0000000000000000000000000000000000000000000000000000000000000017
   kv 0x0000000000000000000000000000000000000000000000000000000000000003 0x73bbbbbbbb00000000000000000000000000000000ff00000000000000000000
   kv 0x0000000000000000000000000000000000000000000000000000000000000004 0xbc0e1b58b60bffd44555bf2c703da0fc6e1e3971797e9c5554512d69f45e7a52
   kv 0x0000000000000000000000000000000000000000000000000000000000000005 0x0000000000000000000000000000000000000000000000000000000000000017
   kv 0x0000000000000000000000000000000000000000000000000000000000000006 0x73bbbbbbbb00000000000000000000000000000000ff00000000000000000000
 addr 0xcccccccc00000000000000000000000000000000
  acc_nonce 0
  balance 0
  code 37 96 32 96 0 96 0 96 0 96 0 115 197 105 29 201 13 159 210 162 233 165 250 91 210 139 247 127 253 96 170 120 98 2 73 240 241 0
 addr 0xdddddddd00000000000000000000000000000000
  acc_nonce 0
  balance 0
  code 23 115 187 187 187 187 0 0 0 0 0 0 0 0 0 0 0 0 0 0 0 0 255 0
blocks
 block 0
  coinbase 0x2adc25665018aa1fe0e6bc666dac8fc2697ff9ba
  height 1
  difficulty 131072
  gaslimit 1000975
  timestamp 1000
  tx 0
   from 0xa94f5374fce5edbc8e2a8697c15331677e6ebf0b
   nonce 0
   to 0x095e7baea6a6c7c4c2dfeb977efac326af552d87
   value 1
   gasprice 1
   gas 400000
   data 0
