test extCodeHashSubcallOOG_d0g0v0_Istanbul
pre
 addr 0x1000000000000000000000000000000000000000
  acc_nonce 0
  balance 1000000000000000000
  code 70 96 32 96 0 96 0 96 0 96 0 96 0 53 98 5 87 48 242 80 96 0 81 63 96 1 85 96 0 81 59 96 2 85 96 32 96 0 96 0 96 0 81 60 96 0 81 96 3 85 96 0 96 0 96 0 96 0 96 0 96 0 81 97 195 80 242 96 4 85 0
 addr 0x2000000000000000000000000000000000000000
  acc_nonce 0
  balance 1000000000000000000
  code 43 96 32 96 0 96 0 96 0 96 0 115 160 0 0 0 0 0 0 0 0 0 0 0 0 0 0 0 0 0 0 0 98 2 73 240 241 80 96 32 96 0 243 0
 addr 0x2100000000000000000000000000000000000000
  acc_nonce 0
  balance 1000000000000000000
  code 43 96 32 96 0 96 0 96 0 96 0 115 160 0 0 0 0 0 0 0 0 0 0 0 0 0 0 0 0 0 0 0 98 2 73 240 242 80 96 32 96 0 243 0
 addr 0x2200000000000000000000000000000000000000
  acc_nonce 0
  balance 1000000000000000000
  code 41 96 32 96 0 96 0 96 0 115 160 0 0 0 0 0 0 0 0 0 0 0 0 0 0 0 0 0 0 0 98 2 73 240 244 80 96 32 96 0 243 0
 addr 0x3000000000000000000000000000000000000000
  acc_nonce 0
  balance 1000000000000000000
  code 43 96 32 96 0 96 0 96 0 96 0 115 161 0 0 0 0 0 0 0 0 0 0 0 0 0 0 0 0 0 0 0 98 2 73 240 241 80 96 32 96 0 243 0
 addr 0x3100000000000000000000000000000000000000
  acc_nonce 0
  balance 1000000000000000000
  code 43 96 32 96 0 96 0 96 0 96 0 115 161 0 0 0 0 0 0 0 0 0 0 0 0 0 0 0 0 0 0 0 98 3 208 144 242 80 96 32 96 0 243 0
 addr 0x3200000000000000000000000000000000000000
  acc_nonce 0
  balance 1000000000000000000
  code 41 96 32 96 0 96 0 96 0 115 161 0 0 0 0 0 0 0 0 0 0 0 0 0 0 0 0 0 0 0 98 2 73 240 244 80 96 32 96 0 243 0
 addr 0xa000000000000000000000000000000000000000
  acc_nonce 0
  balance 1000000000000000000
  code 41 96 0 96 15 128 96 26 96 0 57 96 0 96 0 245 96 0 82 96 32 96 0 243 0 0 254 100 96 32 96 32 85 96 0 82 96 5 96 27 243 0
 addr 0xa100000000000000000000000000000000000000
  acc_nonce 0
  balance 1000000000000000000
  code 111 96 0 96 15 128 96 96 96 0 57 96 0 96 0 245 96 0 82 96 1 96 1 85 96 1 96 2 85 96 1 96 3 85 96 1 96 4 85 96 1 96 5 85 96 1 96 6 85 96 1 96 7 85 96 1 96 8 85 96 1 96 9 85 96 1 96 10 85 96 1 96 11 85 96 1 96 12 85 96 1 96 13 85 96 1 96 14 85 96 32 96 0 243 0 0 254 100 96 32 96 32 85 96 0 82 96 5 96 27 243 0
 addr 0xa94f5374fce5edbc8e2a8697c15331677e6ebf0b
  acc_nonce 0
  balance 1000000000000000000
  code 1 0
post
 addr 0x1000000000000000000000000000000000000000
  acc_nonce 0
  balance 1000000000000000001
  code 70 96 32 96 0 96 0 96 0 96 0 96 0 53 98 5 87 48 242 80 96 0 81 63 96 1 85 96 0 81 59 96 2 85 96 32 96 0 96 0 96 0 81 60 96 0 81 96 3 85 96 0 96 0 96 0 96 0 96 0 96 0 81 97 195 80 242 96 4 85 0
   kv 0x0000000000000000000000000000000000000000000000000000000000000001 0x9ff1f274b33e3b56edd7734520cbcdf2699fc1dc78b51644cdc56ca65bebeeae
   kv 0x0000000000000000000000000000000000000000000000000000000000000002 0x0000000000000000000000000000000000000000000000000000000000000005
   kv 0x0000000000000000000000000000000000000000000000000000000000000003 0x6020602055000000000000000000000000000000000000000000000000000000
   kv 0x0000000000000000000000000000000000000000000000000000000000000004 0x0000000000000000000000000000000000000000000000000000000000000001
 addr 0x2000000000000000000000000000000000000000
  acc_nonce 0
  balance 1000000000000000000
  code 43 96 32 96 0 96 0 96 0 96 0 115 160 0 0 0 0 0 0 0 0 0 0 0 0 0 0 0 0 0 0 0 98 2 73 240 241 80 96 32 96 0 243 0
 addr 0x2100000000000000000000000000000000000000
  acc_nonce 0
  balance 1000000000000000000
  code 43 96 32 96 0 96 0 96 0 96 0 115 160 0 0 0 0 0 0 0 0 0 0 0 0 0 0 0 0 0 0 0 98 2 73 240 242 80 96 32 96 0 243 0
 addr 0x2200000000000000000000000000000000000000
  acc_nonce 0
  balance 1000000000000000000
  code 41 96 32 96 0 96 0 96 0 115 160 0 0 0 0 0 0 0 0 0 0 0 0 0 0 0 0 0 0 0 98 2 73 240 244 80 96 32 96 0 243 0
 addr 0x2adc25665018aa1fe0e6bc666dac8fc2697ff9ba
  acc_nonce 0
  balance 2000000000000138539
  code 0
 addr 0x3000000000000000000000000000000000000000
  acc_nonce 0
  balance 1000000000000000000
  code 43 96 32 96 0 96 0 96 0 96 0 115 161 0 0 0 0 0 0 0 0 0 0 0 0 0 0 0 0 0 0 0 98 2 73 240 241 80 96 32 96 0 243 0
 addr 0x3100000000000000000000000000000000000000
  acc_nonce 0
  balance 1000000000000000000
  code 43 96 32 96 0 96 0 96 0 96 0 115 161 0 0 0 0 0 0 0 0 0 0 0 0 0 0 0 0 0 0 0 98 3 208 144 242 80 96 32 96 0 243 0
 addr 0x3200000000000000000000000000000000000000
  acc_nonce 0
  balance 1000000000000000000
  code 41 96 32 96 0 96 0 96 0 115 161 0 0 0 0 0 0 0 0 0 0 0 0 0 0 0 0 0 0 0 98 2 73 240 244 80 96 32 96 0 243 0
 addr 0xa000000000000000000000000000000000000000
  acc_nonce 1
  balance 1000000000000000000
  code 41 96 0 96 15 128 96 26 96 0 57 96 0 96 0 245 96 0 82 96 32 96 0 243 0 0 254 100 96 32 96 32 85 96 0 82 96 5 96 27 243 0
 addr 0xa100000000000000000000000000000000000000
  acc_nonce 0
  balance 1000000000000000000
  code 111 96 0 96 15 128 96 96 96 0 57 96 0 96 0 245 96 0 82 96 1 96 1 85 96 1 96 2 85 96 1 96 3 85 96 1 96 4 85 96 1 96 5 85 96 1 96 6 85 96 1 96 7 85 96 1 96 8 85 96 1 96 9 85 96 1 96 10 85 96 1 96 11 85 96 1 96 12 85 96 1 96 13 85 96 1 96 14 85 96 32 96 0 243 0 0 254 100 96 32 96 32 85 96 0 82 96 5 96 27 243 0
 addr 0xa94f5374fce5edbc8e2a8697c15331677e6ebf0b
  acc_nonce 1
  balance 999999999999861460
  code 1 0
 addr 0xefd05436d647298d0c6a6cc2f41f5b3461688690
  acc_nonce 1
  balance 0
  code 5 96 32 96 32 85
blocks
 block 0
  coinbase 0x2adc25665018aa1fe0e6bc666dac8fc2697ff9ba
  height 1
  difficulty 131072
  gaslimit 10009764
  timestamp 1000
  tx 0
   from 0xa94f5374fce5edbc8e2a8697c15331677e6ebf0b
   nonce 0
   to 0x1000000000000000000000000000000000000000
   value 1
   gasprice 1
   gas 400000
   data 32 0 0 0 0 0 0 0 0 0 0 0 0 32 0 0 0 0 0 0 0 0 0 0 0 0 0 0 0 0 0 0 0
test extCodeHashSubcallOOG_d1g0v0_Istanbul
pre
 addr 0x1000000000000000000000000000000000000000
  acc_nonce 0
  balance 1000000000000000000
  code 70 96 32 96 0 96 0 96 0 96 0 96 0 53 98 5 87 48 242 80 96 0 81 63 96 1 85 96 0 81 59 96 2 85 96 32 96 0 96 0 96 0 81 60 96 0 81 96 3 85 96 0 96 0 96 0 96 0 96 0 96 0 81 97 195 80 242 96 4 85 0
 addr 0x2000000000000000000000000000000000000000
  acc_nonce 0
  balance 1000000000000000000
  code 43 96 32 96 0 96 0 96 0 96 0 115 160 0 0 0 0 0 0 0 0 0 0 0 0 0 0 0 0 0 0 0 98 2 73 240 241 80 96 32 96 0 243 0
 addr 0x2100000000000000000000000000000000000000
  acc_nonce 0
  balance 1000000000000000000
  code 43 96 32 96 0 96 0 96 0 96 0 115 160 0 0 0 0 0 0 0 0 0 0 0 0 0 0 0 0 0 0 0 98 2 73 240 242 80 96 32 96 0 243 0
 addr 0x2200000000000000000000000000000000000000
  acc_nonce 0
  balance 1000000000000000000
  code 41 96 32 96 0 96 0 96 0 115 160 0 0 0 0 0 0 0 0 0 0 0 0 0 0 0 0 0 0 0 98 2 73 240 244 80 96 32 96 0 243 0
 addr 0x3000000000000000000000000000000000000000
  acc_nonce 0
  balance 1000000000000000000
  code 43 96 32 96 0 96 0 96 0 96 0 115 161 0 0 0 0 0 0 0 0 0 0 0 0 0 0 0 0 0 0 0 98 2 73 240 241 80 96 32 96 0 243 0
 addr 0x3100000000000000000000000000000000000000
  acc_nonce 0
  balance 1000000000000000000
  code 43 96 32 96 0 96 0 96 0 96 0 115 161 0 0 0 0 0 0 0 0 0 0 0 0 0 0 0 0 0 0 0 98 3 208 144 242 80 96 32 96 0 243 0
 addr 0x3200000000000000000000000000000000000000
  acc_nonce 0
  balance 1000000000000000000
  code 41 96 32 96 0 96 0 96 0 115 161 0 0 0 0 0 0 0 0 0 0 0 0 0 0 0 0 0 0 0 98 2 73 240 244 80 96 32 96 0 243 0
 addr 0xa000000000000000000000000000000000000000
  acc_nonce 0
  balance 1000000000000000000
  code 41 96 0 96 15 128 96 26 96 0 57 96 0 96 0 245 96 0 82 96 32 96 0 243 0 0 254 100 96 32 96 32 85 96 0 82 96 5 96 27 243 0
 addr 0xa100000000000000000000000000000000000000
  acc_nonce 0
  balance 1000000000000000000
  code 111 96 0 96 15 128 96 96 96 0 57 96 0 96 0 245 96 0 82 96 1 96 1 85 96 1 96 2 85 96 1 96 3 85 96 1 96 4 85 96 1 96 5 85 96 1 96 6 85 96 1 96 7 85 96 1 96 8 85 96 1 96 9 85 96 1 96 10 85 96 1 96 11 85 96 1 96 12 85 96 1 96 13 85 96 1 96 14 85 96 32 96 0 243 0 0 254 100 96 32 96 32 85 96 0 82 96 5 96 27 243 0
 addr 0xa94f5374fce5edbc8e2a8697c15331677e6ebf0b
  acc_nonce 0
  balance 1000000000000000000
  code 1 0
post
 addr 0x1000000000000000000000000000000000000000
  acc_nonce 1
  balance 1000000000000000001
  code 70 96 32 96 0 96 0 96 0 96 0 96 0 53 98 5 87 48 242 80 96 0 81 63 96 1 85 96 0 81 59 96 2 85 96 32 96 0 96 0 96 0 81 60 96 0 81 96 3 85 96 0 96 0 96 0 96 0 96 0 96 0 81 97 195 80 242 96 4 85 0
   kv 0x0000000000000000000000000000000000000000000000000000000000000001 0x9ff1f274b33e3b56edd7734520cbcdf2699fc1dc78b51644cdc56ca65bebeeae
   kv 0x0000000000000000000000000000000000000000000000000000000000000002 0x0000000000000000000000000000000000000000000000000000000000000005
   kv 0x0000000000000000000000000000000000000000000000000000000000000003 0x6020602055000000000000000000000000000000000000000000000000000000
   kv 0x0000000000000000000000000000000000000000000000000000000000000004 0x0000000000000000000000000000000000000000000000000000000000000001
 addr 0x2000000000000000000000000000000000000000
  acc_nonce 0
  balance 1000000000000000000
  code 43 96 32 96 0 96 0 96 0 96 0 115 160 0 0 0 0 0 0 0 0 0 0 0 0 0 0 0 0 0 0 0 98 2 73 240 241 80 96 32 96 0 243 0
 addr 0x2100000000000000000000000000000000000000
  acc_nonce 0
  balance 1000000000000000000
  code 43 96 32 96 0 96 0 96 0 96 0 115 160 0 0 0 0 0 0 0 0 0 0 0 0 0 0 0 0 0 0 0 98 2 73 240 242 80 96 32 96 0 243 0
 addr 0x2200000000000000000000000000000000000000
  acc_nonce 0
  balance 1000000000000000000
  code 41 96 32 96 0 96 0 96 0 115 160 0 0 0 0 0 0 0 0 0 0 0 0 0 0 0 0 0 0 0 98 2 73 240 244 80 96 32 96 0 243 0
 addr 0x2adc25665018aa1fe0e6bc666dac8fc2697ff9ba
  acc_nonce 0
  balance 2000000000000138539
  code 0
 addr 0x3000000000000000000000000000000000000000
  acc_nonce 0
  balance 1000000000000000000
  code 43 96 32 96 0 96 0 96 0 96 0 115 161 0 0 0 0 0 0 0 0 0 0 0 0 0 0 0 0 0 0 0 98 2 73 240 241 80 96 32 96 0 243 0
 addr 0x3100000000000000000000000000000000000000
  acc_nonce 0
  balance 1000000000000000000
  code 43 96 32 96 0 96 0 96 0 96 0 115 161 0 0 0 0 0 0 0 0 0 0 0 0 0 0 0 0 0 0 0 98 3 208 144 242 80 96 32 96 0 243 0
 addr 0x3200000000000000000000000000000000000000
  acc_nonce 0
  balance 1000000000000000000
  code 41 96 32 96 0 96 0 96 0 115 161 0 0 0 0 0 0 0 0 0 0 0 0 0 0 0 0 0 0 0 98 2 73 240 244 80 96 32 96 0 243 0
 addr 0xa000000000000000000000000000000000000000
  acc_nonce 0
  balance 1000000000000000000
  code 41 96 0 96 15 128 96 26 96 0 57 96 0 96 0 245 96 0 82 96 32 96 0 243 0 0 254 100 96 32 96 32 85 96 0 82 96 5 96 27 243 0
 addr 0xa100000000000000000000000000000000000000
  acc_nonce 0
  balance 1000000000000000000
  code 111 96 0 96 15 128 96 96 96 0 57 96 0 96 0 245 96 0 82 96 1 96 1 85 96 1 96 2 85 96 1 96 3 85 96 1 96 4 85 96 1 96 5 85 96 1 96 6 85 96 1 96 7 85 96 1 96 8 85 96 1 96 9 85 96 1 96 10 85 96 1 96 11 85 96 1 96 12 85 96 1 96 13 85 96 1 96 14 85 96 32 96 0 243 0 0 254 100 96 32 96 32 85 96 0 82 96 5 96 27 243 0
 addr 0xa94f5374fce5edbc8e2a8697c15331677e6ebf0b
  acc_nonce 1
  balance 999999999999861460
  code 1 0
 addr 0xe6db4802a3e991d7322a740ef5de5949fadc4cd5
  acc_nonce 1
  balance 0
  code 5 96 32 96 32 85
blocks
 block 0
  coinbase 0x2adc25665018aa1fe0e6bc666dac8fc2697ff9ba
  height 1
  difficulty 131072
  gaslimit 10009764
  timestamp 1000
  tx 0
   from 0xa94f5374fce5edbc8e2a8697c15331677e6ebf0b
   nonce 0
   to 0x1000000000000000000000000000000000000000
   value 1
   gasprice 1
   gas 400000
   data 32 0 0 0 0 0 0 0 0 0 0 0 0 33 0 0 0 0 0 0 0 0 0 0 0 0 0 0 0 0 0 0 0
test extCodeHashSubcallOOG_d2g0v0_Istanbul
pre
 addr 0x1000000000000000000000000000000000000000
  acc_nonce 0
  balance 1000000000000000000
  code 70 96 32 96 0 96 0 96 0 96 0 96 0 53 98 5 87 48 242 80 96 0 81 63 96 1 85 96 0 81 59 96 2 85 96 32 96 0 96 0 96 0 81 60 96 0 81 96 3 85 96 0 96 0 96 0 96 0 96 0 96 0 81 97 195 80 242 96 4 85 0
 addr 0x2000000000000000000000000000000000000000
  acc_nonce 0
  balance 1000000000000000000
  code 43 96 32 96 0 96 0 96 0 96 0 115 160 0 0 0 0 0 0 0 0 0 0 0 0 0 0 0 0 0 0 0 98 2 73 240 241 80 96 32 96 0 243 0
 addr 0x2100000000000000000000000000000000000000
  acc_nonce 0
  balance 1000000000000000000
  code 43 96 32 96 0 96 0 96 0 96 0 115 160 0 0 0 0 0 0 0 0 0 0 0 0 0 0 0 0 0 0 0 98 2 73 240 242 80 96 32 96 0 243 0
 addr 0x2200000000000000000000000000000000000000
  acc_nonce 0
  balance 1000000000000000000
  code 41 96 32 96 0 96 0 96 0 115 160 0 0 0 0 0 0 0 0 0 0 0 0 0 0 0 0 0 0 0 98 2 73 240 244 80 96 32 96 0 243 0
 addr 0x3000000000000000000000000000000000000000
  acc_nonce 0
  balance 1000000000000000000
  code 43 96 32 96 0 96 0 96 0 96 0 115 161 0 0 0 0 0 0 0 0 0 0 0 0 0 0 0 0 0 0 0 98 2 73 240 241 80 96 32 96 0 243 0
 addr 0x3100000000000000000000000000000000000000
  acc_nonce 0
  balance 1000000000000000000
  code 43 96 32 96 0 96 0 96 0 96 0 115 161 0 0 0 0 0 0 0 0 0 0 0 0 0 0 0 0 0 0 0 98 3 208 144 242 80 96 32 96 0 243 0
 addr 0x3200000000000000000000000000000000000000
  acc_nonce 0
  balance 1000000000000000000
  code 41 96 32 96 0 96 0 96 0 115 161 0 0 0 0 0 0 0 0 0 0 0 0 0 0 0 0 0 0 0 98 2 73 240 244 80 96 32 96 0 243 0
 addr 0xa000000000000000000000000000000000000000
  acc_nonce 0
  balance 1000000000000000000
  code 41 96 0 96 15 128 96 26 96 0 57 96 0 96 0 245 96 0 82 96 32 96 0 243 0 0 254 100 96 32 96 32 85 96 0 82 96 5 96 27 243 0
 addr 0xa100000000000000000000000000000000000000
  acc_nonce 0
  balance 1000000000000000000
  code 111 96 0 96 15 128 96 96 96 0 57 96 0 96 0 245 96 0 82 96 1 96 1 85 96 1 96 2 85 96 1 96 3 85 96 1 96 4 85 96 1 96 5 85 96 1 96 6 85 96 1 96 7 85 96 1 96 8 85 96 1 96 9 85 96 1 96 10 85 96 1 96 11 85 96 1 96 12 85 96 1 96 13 85 96 1 96 14 85 96 32 96 0 243 0 0 254 100 96 32 96 32 85 96 0 82 96 5 96 27 243 0
 addr 0xa94f5374fce5edbc8e2a8697c15331677e6ebf0b
  acc_nonce 0
  balance 1000000000000000000
  code 1 0
post
 addr 0x1000000000000000000000000000000000000000
  acc_nonce 1
  balance 1000000000000000001
  code 70 96 32 96 0 96 0 96 0 96 0 96 0 53 98 5 87 48 242 80 96 0 81 63 96 1 85 96 0 81 59 96 2 85 96 32 96 0 96 0 96 0 81 60 96 0 81 96 3 85 96 0 96 0 96 0 96 0 96 0 96 0 81 97 195 80 242 96 4 85 0
   kv 0x0000000000000000000000000000000000000000000000000000000000000001 0x9ff1f274b33e3b56edd7734520cbcdf2699fc1dc78b51644cdc56ca65bebeeae
   kv 0x0000000000000000000000000000000000000000000000000000000000000002 0x0000000000000000000000000000000000000000000000000000000000000005
   kv 0x0000000000000000000000000000000000000000000000000000000000000003 0x6020602055000000000000000000000000000000000000000000000000000000
   kv 0x0000000000000000000000000000000000000000000000000000000000000004 0x0000000000000000000000000000000000000000000000000000000000000001
 addr 0x2000000000000000000000000000000000000000
  acc_nonce 0
  balance 1000000000000000000
  code 43 96 32 96 0 96 0 96 0 96 0 115 160 0 0 0 0 0 0 0 0 0 0 0 0 0 0 0 0 0 0 0 98 2 73 240 241 80 96 32 96 0 243 0
 addr 0x2100000000000000000000000000000000000000
  acc_nonce 0
  balance 1000000000000000000
  code 43 96 32 96 0 96 0 96 0 96 0 115 160 0 0 0 0 0 0 0 0 0 0 0 0 0 0 0 0 0 0 0 98 2 73 240 242 80 96 32 96 0 243 0
 addr 0x2200000000000000000000000000000000000000
  acc_nonce 0
  balance 1000000000000000000
  code 41 96 32 96 0 96 0 96 0 115 160 0 0 0 0 0 0 0 0 0 0 0 0 0 0 0 0 0 0 0 98 2 73 240 244 80 96 32 96 0 243 0
 addr 0x2adc25665018aa1fe0e6bc666dac8fc2697ff9ba
  acc_nonce 0
  balance 2000000000000138536
  code 0
 addr 0x3000000000000000000000000000000000000000
  acc_nonce 0
  balance 1000000000000000000
  code 43 96 32 96 0 96 0 96 0 96 0 115 161 0 0 0 0 0 0 0 0 0 0 0 0 0 0 0 0 0 0 0 98 2 73 240 241 80 96 32 96 0 243 0
 addr 0x3100000000000000000000000000000000000000
  acc_nonce 0
  balance 1000000000000000000
  code 43 96 32 96 0 96 0 96 0 96 0 115 161 0 0 0 0 0 0 0 0 0 0 0 0 0 0 0 0 0 0 0 98 3 208 144 242 80 96 32 96 0 243 0
 addr 0x3200000000000000000000000000000000000000
  acc_nonce 0
  balance 1000000000000000000
  code 41 96 32 96 0 96 0 96 0 115 161 0 0 0 0 0 0 0 0 0 0 0 0 0 0 0 0 0 0 0 98 2 73 240 244 80 96 32 96 0 243 0
 addr 0xa000000000000000000000000000000000000000
  acc_nonce 0
  balance 1000000000000000000
  code 41 96 0 96 15 128 96 26 96 0 57 96 0 96 0 245 96 0 82 96 32 96 0 243 0 0 254 100 96 32 96 32 85 96 0 82 96 5 96 27 243 0
 addr 0xa100000000000000000000000000000000000000
  acc_nonce 0
  balance 1000000000000000000
  code 111 96 0 96 15 128 96 96 96 0 57 96 0 96 0 245 96 0 82 96 1 96 1 85 96 1 96 2 85 96 1 96 3 85 96 1 96 4 85 96 1 96 5 85 96 1 96 6 85 96 1 96 7 85 96 1 96 8 85 96 1 96 9 85 96 1 96 10 85 96 1 96 11 85 96 1 96 12 85 96 1 96 13 85 96 1 96 14 85 96 32 96 0 243 0 0 254 100 96 32 96 32 85 96 0 82 96 5 96 27 243 0
 addr 0xa94f5374fce5edbc8e2a8697c15331677e6ebf0b
  acc_nonce 1
  balance 999999999999861463
  code 1 0
 addr 0xe6db4802a3e991d7322a740ef5de5949fadc4cd5
  acc_nonce 1
  balance 0
  code 5 96 32 96 32 85
blocks
 block 0
  coinbase 0x2adc25665018aa1fe0e6bc666dac8fc2697ff9ba
  height 1
  difficulty 131072
  gaslimit 10009764
  timestamp 1000
  tx 0
   from 0xa94f5374fce5edbc8e2a8697c15331677e6ebf0b
   nonce 0
   to 0x1000000000000000000000000000000000000000
   value 1
   gasprice 1
   gas 400000
   data 32 0 0 0 0 0 0 0 0 0 0 0 0 34 0 0 0 0 0 0 0 0 0 0 0 0 0 0 0 0 0 0 0
test extCodeHashSubcallOOG_d3g0v0_Istanbul
pre
 addr 0x1000000000000000000000000000000000000000
  acc_nonce 0
  balance 1000000000000000000
  code 70 96 32 96 0 96 0 96 0 96 0 96 0 53 98 5 87 48 242 80 96 0 81 63 96 1 85 96 0 81 59 96 2 85 96 32 96 0 96 0 96 0 81 60 96 0 81 96 3 85 96 0 96 0 96 0 96 0 96 0 96 0 81 97 195 80 242 96 4 85 0
 addr 0x2000000000000000000000000000000000000000
  acc_nonce 0
  balance 1000000000000000000
  code 43 96 32 96 0 96 0 96 0 96 0 115 160 0 0 0 0 0 0 0 0 0 0 0 0 0 0 0 0 0 0 0 98 2 73 240 241 80 96 32 96 0 243 0
 addr 0x2100000000000000000000000000000000000000
  acc_nonce 0
  balance 1000000000000000000
  code 43 96 32 96 0 96 0 96 0 96 0 115 160 0 0 0 0 0 0 0 0 0 0 0 0 0 0 0 0 0 0 0 98 2 73 240 242 80 96 32 96 0 243 0
 addr 0x2200000000000000000000000000000000000000
  acc_nonce 0
  balance 1000000000000000000
  code 41 96 32 96 0 96 0 96 0 115 160 0 0 0 0 0 0 0 0 0 0 0 0 0 0 0 0 0 0 0 98 2 73 240 244 80 96 32 96 0 243 0
 addr 0x3000000000000000000000000000000000000000
  acc_nonce 0
  balance 1000000000000000000
  code 43 96 32 96 0 96 0 96 0 96 0 115 161 0 0 0 0 0 0 0 0 0 0 0 0 0 0 0 0 0 0 0 98 2 73 240 241 80 96 32 96 0 243 0
 addr 0x3100000000000000000000000000000000000000
  acc_nonce 0
  balance 1000000000000000000
  code 43 96 32 96 0 96 0 96 0 96 0 115 161 0 0 0 0 0 0 0 0 0 0 0 0 0 0 0 0 0 0 0 98 3 208 144 242 80 96 32 96 0 243 0
 addr 0x3200000000000000000000000000000000000000
  acc_nonce 0
  balance 1000000000000000000
  code 41 96 32 96 0 96 0 96 0 115 161 0 0 0 0 0 0 0 0 0 0 0 0 0 0 0 0 0 0 0 98 2 73 240 244 80 96 32 96 0 243 0
 addr 0xa000000000000000000000000000000000000000
  acc_nonce 0
  balance 1000000000000000000
  code 41 96 0 96 15 128 96 26 96 0 57 96 0 96 0 245 96 0 82 96 32 96 0 243 0 0 254 100 96 32 96 32 85 96 0 82 96 5 96 27 243 0
 addr 0xa100000000000000000000000000000000000000
  acc_nonce 0
  balance 1000000000000000000
  code 111 96 0 96 15 128 96 96 96 0 57 96 0 96 0 245 96 0 82 96 1 96 1 85 96 1 96 2 85 96 1 96 3 85 96 1 96 4 85 96 1 96 5 85 96 1 96 6 85 96 1 96 7 85 96 1 96 8 85 96 1 96 9 85 96 1 96 10 85 96 1 96 11 85 96 1 96 12 85 96 1 96 13 85 96 1 96 14 85 96 32 96 0 243 0 0 254 100 96 32 96 32 85 96 0 82 96 5 96 27 243 0
 addr 0xa94f5374fce5edbc8e2a8697c15331677e6ebf0b
  acc_nonce 0
  balance 1000000000000000000
  code 1 0
post
 addr 0x1000000000000000000000000000000000000000
  acc_nonce 0
  balance 1000000000000000001
  code 70 96 32 96 0 96 0 96 0 96 0 96 0 53 98 5 87 48 242 80 96 0 81 63 96 1 85 96 0 81 59 96 2 85 96 32 96 0 96 0 96 0 81 60 96 0 81 96 3 85 96 0 96 0 96 0 96 0 96 0 96 0 81 97 195 80 242 96 4 85 0
   kv 0x0000000000000000000000000000000000000000000000000000000000000004 0x0000000000000000000000000000000000000000000000000000000000000001
 addr 0x2000000000000000000000000000000000000000
  acc_nonce 0
  balance 1000000000000000000
  code 43 96 32 96 0 96 0 96 0 96 0 115 160 0 0 0 0 0 0 0 0 0 0 0 0 0 0 0 0 0 0 0 98 2 73 240 241 80 96 32 96 0 243 0
 addr 0x2100000000000000000000000000000000000000
  acc_nonce 0
  balance 1000000000000000000
  code 43 96 32 96 0 96 0 96 0 96 0 115 160 0 0 0 0 0 0 0 0 0 0 0 0 0 0 0 0 0 0 0 98 2 73 240 242 80 96 32 96 0 243 0
 addr 0x2200000000000000000000000000000000000000
  acc_nonce 0
  balance 1000000000000000000
  code 41 96 32 96 0 96 0 96 0 115 160 0 0 0 0 0 0 0 0 0 0 0 0 0 0 0 0 0 0 0 98 2 73 240 244 80 96 32 96 0 243 0
 addr 0x2adc25665018aa1fe0e6bc666dac8fc2697ff9ba
  acc_nonce 0
  balance 2000000000000197873
  code 0
 addr 0x3000000000000000000000000000000000000000
  acc_nonce 0
  balance 1000000000000000000
  code 43 96 32 96 0 96 0 96 0 96 0 115 161 0 0 0 0 0 0 0 0 0 0 0 0 0 0 0 0 0 0 0 98 2 73 240 241 80 96 32 96 0 243 0
 addr 0x3100000000000000000000000000000000000000
  acc_nonce 0
  balance 1000000000000000000
  code 43 96 32 96 0 96 0 96 0 96 0 115 161 0 0 0 0 0 0 0 0 0 0 0 0 0 0 0 0 0 0 0 98 3 208 144 242 80 96 32 96 0 243 0
 addr 0x3200000000000000000000000000000000000000
  acc_nonce 0
  balance 1000000000000000000
  code 41 96 32 96 0 96 0 96 0 115 161 0 0 0 0 0 0 0 0 0 0 0 0 0 0 0 0 0 0 0 98 2 73 240 244 80 96 32 96 0 243 0
 addr 0xa000000000000000000000000000000000000000
  acc_nonce 0
  balance 1000000000000000000
  code 41 96 0 96 15 128 96 26 96 0 57 96 0 96 0 245 96 0 82 96 32 96 0 243 0 0 254 100 96 32 96 32 85 96 0 82 96 5 96 27 243 0
 addr 0xa100000000000000000000000000000000000000
  acc_nonce 0
  balance 1000000000000000000
  code 111 96 0 96 15 128 96 96 96 0 57 96 0 96 0 245 96 0 82 96 1 96 1 85 96 1 96 2 85 96 1 96 3 85 96 1 96 4 85 96 1 96 5 85 96 1 96 6 85 96 1 96 7 85 96 1 96 8 85 96 1 96 9 85 96 1 96 10 85 96 1 96 11 85 96 1 96 12 85 96 1 96 13 85 96 1 96 14 85 96 32 96 0 243 0 0 254 100 96 32 96 32 85 96 0 82 96 5 96 27 243 0
 addr 0xa94f5374fce5edbc8e2a8697c15331677e6ebf0b
  acc_nonce 1
  balance 999999999999802126
  code 1 0
blocks
 block 0
  coinbase 0x2adc25665018aa1fe0e6bc666dac8fc2697ff9ba
  height 1
  difficulty 131072
  gaslimit 10009764
  timestamp 1000
  tx 0
   from 0xa94f5374fce5edbc8e2a8697c15331677e6ebf0b
   nonce 0
   to 0x1000000000000000000000000000000000000000
   value 1
   gasprice 1
   gas 400000
   data 32 0 0 0 0 0 0 0 0 0 0 0 0 48 0 0 0 0 0 0 0 0 0 0 0 0 0 0 0 0 0 0 0
test extCodeHashSubcallOOG_d4g0v0_Istanbul
pre
 addr 0x1000000000000000000000000000000000000000
  acc_nonce 0
  balance 1000000000000000000
  code 70 96 32 96 0 96 0 96 0 96 0 96 0 53 98 5 87 48 242 80 96 0 81 63 96 1 85 96 0 81 59 96 2 85 96 32 96 0 96 0 96 0 81 60 96 0 81 96 3 85 96 0 96 0 96 0 96 0 96 0 96 0 81 97 195 80 242 96 4 85 0
 addr 0x2000000000000000000000000000000000000000
  acc_nonce 0
  balance 1000000000000000000
  code 43 96 32 96 0 96 0 96 0 96 0 115 160 0 0 0 0 0 0 0 0 0 0 0 0 0 0 0 0 0 0 0 98 2 73 240 241 80 96 32 96 0 243 0
 addr 0x2100000000000000000000000000000000000000
  acc_nonce 0
  balance 1000000000000000000
  code 43 96 32 96 0 96 0 96 0 96 0 115 160 0 0 0 0 0 0 0 0 0 0 0 0 0 0 0 0 0 0 0 98 2 73 240 242 80 96 32 96 0 243 0
 addr 0x2200000000000000000000000000000000000000
  acc_nonce 0
  balance 1000000000000000000
  code 41 96 32 96 0 96 0 96 0 115 160 0 0 0 0 0 0 0 0 0 0 0 0 0 0 0 0 0 0 0 98 2 73 240 244 80 96 32 96 0 243 0
 addr 0x3000000000000000000000000000000000000000
  acc_nonce 0
  balance 1000000000000000000
  code 43 96 32 96 0 96 0 96 0 96 0 115 161 0 0 0 0 0 0 0 0 0 0 0 0 0 0 0 0 0 0 0 98 2 73 240 241 80 96 32 96 0 243 0
 addr 0x3100000000000000000000000000000000000000
  acc_nonce 0
  balance 1000000000000000000
  code 43 96 32 96 0 96 0 96 0 96 0 115 161 0 0 0 0 0 0 0 0 0 0 0 0 0 0 0 0 0 0 0 98 3 208 144 242 80 96 32 96 0 243 0
 addr 0x3200000000000000000000000000000000000000
  acc_nonce 0
  balance 1000000000000000000
  code 41 96 32 96 0 96 0 96 0 115 161 0 0 0 0 0 0 0 0 0 0 0 0 0 0 0 0 0 0 0 98 2 73 240 244 80 96 32 96 0 243 0
 addr 0xa000000000000000000000000000000000000000
  acc_nonce 0
  balance 1000000000000000000
  code 41 96 0 96 15 128 96 26 96 0 57 96 0 96 0 245 96 0 82 96 32 96 0 243 0 0 254 100 96 32 96 32 85 96 0 82 96 5 96 27 243 0
 addr 0xa100000000000000000000000000000000000000
  acc_nonce 0
  balance 1000000000000000000
  code 111 96 0 96 15 128 96 96 96 0 57 96 0 96 0 245 96 0 82 96 1 96 1 85 96 1 96 2 85 96 1 96 3 85 96 1 96 4 85 96 1 96 5 85 96 1 96 6 85 96 1 96 7 85 96 1 96 8 85 96 1 96 9 85 96 1 96 10 85 96 1 96 11 85 96 1 96 12 85 96 1 96 13 85 96 1 96 14 85 96 32 96 0 243 0 0 254 100 96 32 96 32 85 96 0 82 96 5 96 27 243 0
 addr 0xa94f5374fce5edbc8e2a8697c15331677e6ebf0b
  acc_nonce 0
  balance 1000000000000000000
  code 1 0
post
 addr 0x1000000000000000000000000000000000000000
  acc_nonce 0
  balance 1000000000000000001
  code 70 96 32 96 0 96 0 96 0 96 0 96 0 53 98 5 87 48 242 80 96 0 81 63 96 1 85 96 0 81 59 96 2 85 96 32 96 0 96 0 96 0 81 60 96 0 81 96 3 85 96 0 96 0 96 0 96 0 96 0 96 0 81 97 195 80 242 96 4 85 0
   kv 0x0000000000000000000000000000000000000000000000000000000000000004 0x0000000000000000000000000000000000000000000000000000000000000001
 addr 0x2000000000000000000000000000000000000000
  acc_nonce 0
  balance 1000000000000000000
  code 43 96 32 96 0 96 0 96 0 96 0 115 160 0 0 0 0 0 0 0 0 0 0 0 0 0 0 0 0 0 0 0 98 2 73 240 241 80 96 32 96 0 243 0
 addr 0x2100000000000000000000000000000000000000
  acc_nonce 0
  balance 1000000000000000000
  code 43 96 32 96 0 96 0 96 0 96 0 115 160 0 0 0 0 0 0 0 0 0 0 0 0 0 0 0 0 0 0 0 98 2 73 240 242 80 96 32 96 0 243 0
 addr 0x2200000000000000000000000000000000000000
  acc_nonce 0
  balance 1000000000000000000
  code 41 96 32 96 0 96 0 96 0 115 160 0 0 0 0 0 0 0 0 0 0 0 0 0 0 0 0 0 0 0 98 2 73 240 244 80 96 32 96 0 243 0
 addr 0x2adc25665018aa1fe0e6bc666dac8fc2697ff9ba
  acc_nonce 0
  balance 2000000000000297873
  code 0
 addr 0x3000000000000000000000000000000000000000
  acc_nonce 0
  balance 1000000000000000000
  code 43 96 32 96 0 96 0 96 0 96 0 115 161 0 0 0 0 0 0 0 0 0 0 0 0 0 0 0 0 0 0 0 98 2 73 240 241 80 96 32 96 0 243 0
 addr 0x3100000000000000000000000000000000000000
  acc_nonce 0
  balance 1000000000000000000
  code 43 96 32 96 0 96 0 96 0 96 0 115 161 0 0 0 0 0 0 0 0 0 0 0 0 0 0 0 0 0 0 0 98 3 208 144 242 80 96 32 96 0 243 0
 addr 0x3200000000000000000000000000000000000000
  acc_nonce 0
  balance 1000000000000000000
  code 41 96 32 96 0 96 0 96 0 115 161 0 0 0 0 0 0 0 0 0 0 0 0 0 0 0 0 0 0 0 98 2 73 240 244 80 96 32 96 0 243 0
 addr 0xa000000000000000000000000000000000000000
  acc_nonce 0
  balance 1000000000000000000
  code 41 96 0 96 15 128 96 26 96 0 57 96 0 96 0 245 96 0 82 96 32 96 0 243 0 0 254 100 96 32 96 32 85 96 0 82 96 5 96 27 243 0
 addr 0xa100000000000000000000000000000000000000
  acc_nonce 0
  balance 1000000000000000000
  code 111 96 0 96 15 128 96 96 96 0 57 96 0 96 0 245 96 0 82 96 1 96 1 85 96 1 96 2 85 96 1 96 3 85 96 1 96 4 85 96 1 96 5 85 96 1 96 6 85 96 1 96 7 85 96 1 96 8 85 96 1 96 9 85 96 1 96 10 85 96 1 96 11 85 96 1 96 12 85 96 1 96 13 85 96 1 96 14 85 96 32 96 0 243 0 0 254 100 96 32 96 32 85 96 0 82 96 5 96 27 243 0
 addr 0xa94f5374fce5edbc8e2a8697c15331677e6ebf0b
  acc_nonce 1
  balance 999999999999702126
  code 1 0
blocks
 block 0
  coinbase 0x2adc25665018aa1fe0e6bc666dac8fc2697ff9ba
  height 1
  difficulty 131072
  gaslimit 10009764
  timestamp 1000
  tx 0
   from 0xa94f5374fce5edbc8e2a8697c15331677e6ebf0b
   nonce 0
   to 0x1000000000000000000000000000000000000000
   value 1
   gasprice 1
   gas 400000
   data 32 0 0 0 0 0 0 0 0 0 0 0 0 49 0 0 0 0 0 0 0 0 0 0 0 0 0 0 0 0 0 0 0
test extCodeHashSubcallOOG_d5g0v0_Istanbul
pre
 addr 0x1000000000000000000000000000000000000000
  acc_nonce 0
  balance 1000000000000000000
  code 70 96 32 96 0 96 0 96 0 96 0 96 0 53 98 5 87 48 242 80 96 0 81 63 96 1 85 96 0 81 59 96 2 85 96 32 96 0 96 0 96 0 81 60 96 0 81 96 3 85 96 0 96 0 96 0 96 0 96 0 96 0 81 97 195 80 242 96 4 85 0
 addr 0x2000000000000000000000000000000000000000
  acc_nonce 0
  balance 1000000000000000000
  code 43 96 32 96 0 96 0 96 0 96 0 115 160 0 0 0 0 0 0 0 0 0 0 0 0 0 0 0 0 0 0 0 98 2 73 240 241 80 96 32 96 0 243 0
 addr 0x2100000000000000000000000000000000000000
  acc_nonce 0
  balance 1000000000000000000
  code 43 96 32 96 0 96 0 96 0 96 0 115 160 0 0 0 0 0 0 0 0 0 0 0 0 0 0 0 0 0 0 0 98 2 73 240 242 80 96 32 96 0 243 0
 addr 0x2200000000000000000000000000000000000000
  acc_nonce 0
  balance 1000000000000000000
  code 41 96 32 96 0 96 0 96 0 115 160 0 0 0 0 0 0 0 0 0 0 0 0 0 0 0 0 0 0 0 98 2 73 240 244 80 96 32 96 0 243 0
 addr 0x3000000000000000000000000000000000000000
  acc_nonce 0
  balance 1000000000000000000
  code 43 96 32 96 0 96 0 96 0 96 0 115 161 0 0 0 0 0 0 0 0 0 0 0 0 0 0 0 0 0 0 0 98 2 73 240 241 80 96 32 96 0 243 0
 addr 0x3100000000000000000000000000000000000000
  acc_nonce 0
  balance 1000000000000000000
  code 43 96 32 96 0 96 0 96 0 96 0 115 161 0 0 0 0 0 0 0 0 0 0 0 0 0 0 0 0 0 0 0 98 3 208 144 242 80 96 32 96 0 243 0
 addr 0x3200000000000000000000000000000000000000
  acc_nonce 0
  balance 1000000000000000000
  code 41 96 32 96 0 96 0 96 0 115 161 0 0 0 0 0 0 0 0 0 0 0 0 0 0 0 0 0 0 0 98 2 73 240 244 80 96 32 96 0 243 0
 addr 0xa000000000000000000000000000000000000000
  acc_nonce 0
  balance 1000000000000000000
  code 41 96 0 96 15 128 96 26 96 0 57 96 0 96 0 245 96 0 82 96 32 96 0 243 0 0 254 100 96 32 96 32 85 96 0 82 96 5 96 27 243 0
 addr 0xa100000000000000000000000000000000000000
  acc_nonce 0
  balance 1000000000000000000
  code 111 96 0 96 15 128 96 96 96 0 57 96 0 96 0 245 96 0 82 96 1 96 1 85 96 1 96 2 85 96 1 96 3 85 96 1 96 4 85 96 1 96 5 85 96 1 96 6 85 96 1 96 7 85 96 1 96 8 85 96 1 96 9 85 96 1 96 10 85 96 1 96 11 85 96 1 96 12 85 96 1 96 13 85 96 1 96 14 85 96 32 96 0 243 0 0 254 100 96 32 96 32 85 96 0 82 96 5 96 27 243 0
 addr 0xa94f5374fce5edbc8e2a8697c15331677e6ebf0b
  acc_nonce 0
  balance 1000000000000000000
  code 1 0
post
 addr 0x1000000000000000000000000000000000000000
  acc_nonce 0
  balance 1000000000000000001
  code 70 96 32 96 0 96 0 96 0 96 0 96 0 53 98 5 87 48 242 80 96 0 81 63 96 1 85 96 0 81 59 96 2 85 96 32 96 0 96 0 96 0 81 60 96 0 81 96 3 85 96 0 96 0 96 0 96 0 96 0 96 0 81 97 195 80 242 96 4 85 0
   kv 0x0000000000000000000000000000000000000000000000000000000000000004 0x0000000000000000000000000000000000000000000000000000000000000001
 addr 0x2000000000000000000000000000000000000000
  acc_nonce 0
  balance 1000000000000000000
  code 43 96 32 96 0 96 0 96 0 96 0 115 160 0 0 0 0 0 0 0 0 0 0 0 0 0 0 0 0 0 0 0 98 2 73 240 241 80 96 32 96 0 243 0
 addr 0x2100000000000000000000000000000000000000
  acc_nonce 0
  balance 1000000000000000000
  code 43 96 32 96 0 96 0 96 0 96 0 115 160 0 0 0 0 0 0 0 0 0 0 0 0 0 0 0 0 0 0 0 98 2 73 240 242 80 96 32 96 0 243 0
 addr 0x2200000000000000000000000000000000000000
  acc_nonce 0
  balance 1000000000000000000
  code 41 96 32 96 0 96 0 96 0 115 160 0 0 0 0 0 0 0 0 0 0 0 0 0 0 0 0 0 0 0 98 2 73 240 244 80 96 32 96 0 243 0
 addr 0x2adc25665018aa1fe0e6bc666dac8fc2697ff9ba
  acc_nonce 0
  balance 2000000000000197870
  code 0
 addr 0x3000000000000000000000000000000000000000
  acc_nonce 0
  balance 1000000000000000000
  code 43 96 32 96 0 96 0 96 0 96 0 115 161 0 0 0 0 0 0 0 0 0 0 0 0 0 0 0 0 0 0 0 98 2 73 240 241 80 96 32 96 0 243 0
 addr 0x3100000000000000000000000000000000000000
  acc_nonce 0
  balance 1000000000000000000
  code 43 96 32 96 0 96 0 96 0 96 0 115 161 0 0 0 0 0 0 0 0 0 0 0 0 0 0 0 0 0 0 0 98 3 208 144 242 80 96 32 96 0 243 0
 addr 0x3200000000000000000000000000000000000000
  acc_nonce 0
  balance 1000000000000000000
  code 41 96 32 96 0 96 0 96 0 115 161 0 0 0 0 0 0 0 0 0 0 0 0 0 0 0 0 0 0 0 98 2 73 240 244 80 96 32 96 0 243 0
 addr 0xa000000000000000000000000000000000000000
  acc_nonce 0
  balance 1000000000000000000
  code 41 96 0 96 15 128 96 26 96 0 57 96 0 96 0 245 96 0 82 96 32 96 0 243 0 0 254 100 96 32 96 32 85 96 0 82 96 5 96 27 243 0
 addr 0xa100000000000000000000000000000000000000
  acc_nonce 0
  balance 1000000000000000000
  code 111 96 0 96 15 128 96 96 96 0 57 96 0 96 0 245 96 0 82 96 1 96 1 85 96 1 96 2 85 96 1 96 3 85 96 1 96 4 85 96 1 96 5 85 96 1 96 6 85 96 1 96 7 85 96 1 96 8 85 96 1 96 9 85 96 1 96 10 85 96 1 96 11 85 96 1 96 12 85 96 1 96 13 85 96 1 96 14 85 96 32 96 0 243 0 0 254 100 96 32 96 32 85 96 0 82 96 5 96 27 243 0
 addr 0xa94f5374fce5edbc8e2a8697c15331677e6ebf0b
  acc_nonce 1
  balance 999999999999802129
  code 1 0
blocks
 block 0
  coinbase 0x2adc25665018aa1fe0e6bc666dac8fc2697ff9ba
  height 1
  difficulty 131072
  gaslimit 10009764
  timestamp 1000
  tx 0
   from 0xa94f5374fce5edbc8e2a8697c15331677e6ebf0b
   nonce 0
   to 0x1000000000000000000000000000000000000000
   value 1
   gasprice 1
   gas 400000
   data 32 0 0 0 0 0 0 0 0 0 0 0 0 50 0 0 0 0 0 0 0 0 0 0 0 0 0 0 0 0 0 0 0
