test extCodeHashDeletedAccount3_d0g0v0_Istanbul
pre
 addr 0x095e7baea6a6c7c4c2dfeb977efac326af552d87
  acc_nonce 0
  balance 1000000000000000000
  code 125 96 0 96 61 128 96 64 96 0 57 96 0 96 0 245 96 0 82 96 0 81 96 0 85 96 32 96 0 96 0 96 0 96 0 115 187 187 187 187 0 0 0 0 0 0 0 0 0 0 0 0 0 0 0 0 98 2 73 240 241 80 0 0 254 115 204 204 204 204 0 0 0 0 0 0 0 0 0 0 0 0 0 0 0 0 59 96 0 82 96 0 81 96 0 96 32 115 204 204 204 204 0 0 0 0 0 0 0 0 0 0 0 0 0 0 0 0 60 96 0 81 96 32 243 0
 addr 0xa94f5374fce5edbc8e2a8697c15331677e6ebf0b
  acc_nonce 0
  balance 1000000000000000000
  code 1 0
 addr 0xbbbbbbbb00000000000000000000000000000000
  acc_nonce 0
  balance 1000000000000000000
  code 208 115 85 78 54 38 44 14 10 177 86 57 124 50 68 78 74 1 143 233 59 24 63 96 1 85 115 85 78 54 38 44 14 10 177 86 57 124 50 68 78 74 1 143 233 59 24 59 96 2 85 96 2 84 96 0 96 0 115 85 78 54 38 44 14 10 177 86 57 124 50 68 78 74 1 143 233 59 24 60 96 0 81 96 3 85 96 32 96 0 96 0 96 0 96 0 115 85 78 54 38 44 14 10 177 86 57 124 50 68 78 74 1 143 233 59 24 98 2 73 240 241 80 115 85 78 54 38 44 14 10 177 86 57 124 50 68 78 74 1 143 233 59 24 63 96 4 85 115 85 78 54 38 44 14 10 177 86 57 124 50 68 78 74 1 143 233 59 24 59 96 5 85 96 5 84 96 0 96 32 115 85 78 54 38 44 14 10 177 86 57 124 50 68 78 74 1 143 233 59 24 60 96 32 81 96 6 85 0
 addr 0xcccccccc00000000000000000000000000000000
  acc_nonce 0
  balance 0
  code 23 115 187 187 187 187 0 0 0 0 0 0 0 0 0 0 0 0 0 0 0 0 255 0
post
 addr 0x095e7baea6a6c7c4c2dfeb977efac326af552d87
  acc_nonce 1
  balance 1000000000000000001
  code 125 96 0 96 61 128 96 64 96 0 57 96 0 96 0 245 96 0 82 96 0 81 96 0 85 96 32 96 0 96 0 96 0 96 0 115 187 187 187 187 0 0 0 0 0 0 0 0 0 0 0 0 0 0 0 0 98 2 73 240 241 80 0 0 254 115 204 204 204 204 0 0 0 0 0 0 0 0 0 0 0 0 0 0 0 0 59 96 0 82 96 0 81 96 0 96 32 115 204 204 204 204 0 0 0 0 0 0 0 0 0 0 0 0 0 0 0 0 60 96 0 81 96 32 243 0
   kv 0x0000000000000000000000000000000000000000000000000000000000000000 0x000000000000000000000000554e36262c0e0ab156397c32444e4a018fe93b18
 addr 0x2adc25665018aa1fe0e6bc666dac8fc2697ff9ba
  acc_nonce 0
  balance 2000000000000187432
  code 0
 addr 0xa94f5374fce5edbc8e2a8697c15331677e6ebf0b
  acc_nonce 1
  balance 999999999999812567
  code 1 0
 addr 0xbbbbbbbb00000000000000000000000000000000
  acc_nonce 0
  balance 1000000000000000000
  code 208 115 85 78 54 38 44 14 10 177 86 57 124 50 68 78 74 1 143 233 59 24 63 96 1 85 115 85 78 54 38 44 14 10 177 86 57 124 50 68 78 74 1 143 233 59 24 59 96 2 85 96 2 84 96 0 96 0 115 85 78 54 38 44 14 10 177 86 57 124 50 68 78 74 1 143 233 59 24 60 96 0 81 96 3 85 96 32 96 0 96 0 96 0 96 0 115 85 78 54 38 44 14 10 177 86 57 124 50 68 78 74 1 143 233 59 24 98 2 73 240 241 80 115 85 78 54 38 44 14 10 177 86 57 124 50 68 78 74 1 143 233 59 24 63 96 4 85 115 85 78 54 38 44 14 10 177 86 57 124 50 68 78 74 1 143 233 59 24 59 96 5 85 96 5 84 96 0 96 32 115 85 78 54 38 44 14 10 177 86 57 124 50 68 78 74 1 143 233 59 24 60 96 32 81 96 6 85 0
   kv 0x0000000000000000000000000000000000000000000000000000000000000001 0xbc0e1b58b60bffd44555bf2c703da0fc6e1e3971797e9c5554512d69f45e7a52
   kv 0x0000000000000000000000000000000000000000000000000000000000000002 0x0000000000000000000000000000000000000000000000000000000000000017
   kv 0x0000000000000000000000000000000000000000000000000000000000000003 0x73bbbbbbbb00000000000000000000000000000000ff00000000000000000000
   kv 0x0000000000000000000000000000000000000000000000000000000000000004 0xbc0e1b58b60bffd44555bf2c703da0fc6e1e3971797e9c5554512d69f45e7a52
   kv 0x0000000000000000000000000000000000000000000000000000000000000005 0x0000000000000000000000000000000000000000000000000000000000000017
   kv 0x0000000000000000000000000000000000000000000000000000000000000006 0x73bbbbbbbb00000000000000000000000000000000ff00000000000000000000
 addr 0xcccccccc00000000000000000000000000000000
  acc_nonce 0
  balance 0
  code 23 115 187 187 187 187 0 0 0 0 0 0 0 0 0 0 0 0 0 0 0 0 255 0
blocks
 block 0
  coinbase 0x2adc25665018aa1fe0e6bc666dac8fc2697ff9ba
  height 1
  difficulty 131072
  gaslimit 1000975
  timestamp 1000
  tx 0
   from 0xa94f5374fce5edbc8e2a8697c15331677e6ebf0b
   nonce 0
   to 0x095e7baea6a6c7c4c2dfeb977efac326af552d87
   value 1
   gasprice 1
   gas 400000
   data 0
