test contractCreationOOGdontLeaveEmptyContract_d0g0v0_Istanbul
pre
 addr 0x1000000000000000000000000000000000000001
  acc_nonce 0
  balance 0
  code 49 96 16 96 1 85 127 96 1 96 1 85 96 16 128 96 12 96 0 57 96 0 243 0 96 0 53 84 21 96 9 87 0 91 96 32 53 96 0 96 0 82 96 32 96 0 96 0 240 0
 addr 0xa94f5374fce5edbc8e2a8697c15331677e6ebf0b
  acc_nonce 0
  balance 100000
  code 0
post
 addr 0x1000000000000000000000000000000000000001
  acc_nonce 1
  balance 0
  code 49 96 16 96 1 85 127 96 1 96 1 85 96 16 128 96 12 96 0 57 96 0 243 0 96 0 53 84 21 96 9 87 0 91 96 32 53 96 0 96 0 82 96 32 96 0 96 0 240 0
   kv 0x0000000000000000000000000000000000000000000000000000000000000001 0x0000000000000000000000000000000000000000000000000000000000000010
 addr 0x2adc25665018aa1fe0e6bc666dac8fc2697ff9ba
  acc_nonce 0
  balance 2000000000000092744
  code 0
 addr 0xa94f5374fce5edbc8e2a8697c15331677e6ebf0b
  acc_nonce 1
  balance 7256
  code 0
blocks
 block 0
  coinbase 0x2adc25665018aa1fe0e6bc666dac8fc2697ff9ba
  height 1
  difficulty 131072
  gaslimit 1000975
  timestamp 1000
  tx 0
   from 0xa94f5374fce5edbc8e2a8697c15331677e6ebf0b
   nonce 0
   to 0x1000000000000000000000000000000000000001
   value 0
   gasprice 1
   gas 93056
   data 0
