test CALLBlake2f_MaxRounds_d0g0v0_Istanbul
pre
 addr 0x1000000000000000000000000000000000000000
  acc_nonce 0
  balance 0
  code 38 54 96 0 96 0 55 96 64 97 3 232 54 96 0 96 0 96 9 90 241 96 1 85 97 3 232 81 96 2 85 97 4 8 81 96 3 85 0
 addr 0xa94f5374fce5edbc8e2a8697c15331677e6ebf0b
  acc_nonce 0
  balance 1000000000000000000000
  code 0
post
 addr 0x1000000000000000000000000000000000000000
  acc_nonce 0
  balance 0
  code 38 54 96 0 96 0 55 96 64 97 3 232 54 96 0 96 0 96 9 90 241 96 1 85 97 3 232 81 96 2 85 97 4 8 81 96 3 85 0
   kv 0x0000000000000000000000000000000000000000000000000000000000000001 0x0000000000000000000000000000000000000000000000000000000000000001
   kv 0x0000000000000000000000000000000000000000000000000000000000000002 0xfc59093aafa9ab43daae0e914c57635c5402d8e3d2130eb9b3cc181de7f0ecf9
   kv 0x0000000000000000000000000000000000000000000000000000000000000003 0xb22bf99a7815ce16419e200e01846e6b5df8cc7703041bbceb571de6631d2615
 addr 0x2adc25665018aa1fe0e6bc666dac8fc2697ff9ba
  acc_nonce 0
  balance 2000000004295050899
  code 0
 addr 0xa94f5374fce5edbc8e2a8697c15331677e6ebf0b
  acc_nonce 1
  balance 999999999995704949101
  code 0
blocks
 block 0
  coinbase 0x2adc25665018aa1fe0e6bc666dac8fc2697ff9ba
  height 1
  difficulty 131072
  gaslimit 10000000000
  timestamp 1000
  tx 0
   from 0xa94f5374fce5edbc8e2a8697c15331677e6ebf0b
   nonce 0
   to 0x1000000000000000000000000000000000000000
   value 0
   gasprice 1
   gas 10000000000
   data 213 255 255 255 255 72 201 189 242 103 230 9 106 59 167 202 132 133 174 103 187 43 248 148 254 114 243 110 60 241 54 29 95 58 245 79 165 209 130 230 173 127 82 14 81 31 108 62 43 140 104 5 155 107 189 65 251 171 217 131 31 121 33 126 19 25 205 224 91 97 98 99 0 0 0 0 0 0 0 0 0 0 0 0 0 0 0 0 0 0 0 0 0 0 0 0 0 0 0 0 0 0 0 0 0 0 0 0 0 0 0 0 0 0 0 0 0 0 0 0 0 0 0 0 0 0 0 0 0 0 0 0 0 0 0 0 0 0 0 0 0 0 0 0 0 0 0 0 0 0 0 0 0 0 0 0 0 0 0 0 0 0 0 0 0 0 0 0 0 0 0 0 0 0 0 0 0 0 0 0 0 0 0 0 0 0 0 0 0 0 0 0 0 0 0 0 0 3 0 0 0 0 0 0 0 0 0 0 0 0 0 0 0 1
