test static_Call50000_sha256_d0g0v0_Istanbul
pre
 addr 0x1000000000000000000000000000000000000000
  acc_nonce 0
  balance 0
  code 22 96 0 96 0 96 0 96 0 52 96 0 53 90 241 96 0 85 90 96 1 85 0
 addr 0xa94f5374fce5edbc8e2a8697c15331677e6ebf0b
  acc_nonce 0
  balance 340282366920938463463374607431768211455
  code 0
 addr 0xbbbf5374fce5edbc8e2a8697c15331677e6ebf0b
  acc_nonce 0
  balance 4503599627370495
  code 51 91 97 195 80 96 128 81 16 21 96 43 87 96 0 96 0 97 195 80 96 0 96 2 98 1 49 120 250 96 0 85 96 1 96 128 81 1 96 128 82 96 0 86 91 96 128 81 96 1 85 0
 addr 0xcccf5374fce5edbc8e2a8697c15331677e6ebf0b
  acc_nonce 0
  balance 4503599627370495
  code 51 91 97 195 80 96 128 81 16 21 96 43 87 96 0 96 0 97 195 80 96 0 96 2 98 1 49 120 250 96 0 82 96 1 96 128 81 1 96 128 82 96 0 86 91 96 128 81 96 32 82 0
post
 addr 0x1000000000000000000000000000000000000000
  acc_nonce 0
  balance 0
  code 22 96 0 96 0 96 0 96 0 52 96 0 53 90 241 96 0 85 90 96 1 85 0
   kv 0x0000000000000000000000000000000000000000000000000000000000000000 0x0000000000000000000000000000000000000000000000000000000000000001
   kv 0x0000000000000000000000000000000000000000000000000000000000000001 0x00000000000000000000000000000000000000000000000000000000ad291bfa
 addr 0xa94f5374fce5edbc8e2a8697c15331677e6ebf0b
  acc_nonce 1
  balance 340282366920938463463374607430748343948
  code 0
 addr 0xb94f5374fce5edbc8e2a8697c15331677e6ebf0b
  acc_nonce 0
  balance 2000000001019867497
  code 0
 addr 0xbbbf5374fce5edbc8e2a8697c15331677e6ebf0b
  acc_nonce 0
  balance 4503599627370505
  code 51 91 97 195 80 96 128 81 16 21 96 43 87 96 0 96 0 97 195 80 96 0 96 2 98 1 49 120 250 96 0 85 96 1 96 128 81 1 96 128 82 96 0 86 91 96 128 81 96 1 85 0
   kv 0x0000000000000000000000000000000000000000000000000000000000000000 0x0000000000000000000000000000000000000000000000000000000000000001
   kv 0x0000000000000000000000000000000000000000000000000000000000000001 0x000000000000000000000000000000000000000000000000000000000000c350
 addr 0xcccf5374fce5edbc8e2a8697c15331677e6ebf0b
  acc_nonce 0
  balance 4503599627370495
  code 51 91 97 195 80 96 128 81 16 21 96 43 87 96 0 96 0 97 195 80 96 0 96 2 98 1 49 120 250 96 0 82 96 1 96 128 81 1 96 128 82 96 0 86 91 96 128 81 96 32 82 0
blocks
 block 0
  coinbase 0xb94f5374fce5edbc8e2a8697c15331677e6ebf0b
  height 1
  difficulty 131072
  gaslimit 39288330077
  timestamp 1000
  tx 0
   from 0xa94f5374fce5edbc8e2a8697c15331677e6ebf0b
   nonce 0
   to 0x1000000000000000000000000000000000000000
   value 10
   gasprice 1
   gas 3925000000
   data 32 0 0 0 0 0 0 0 0 0 0 0 0 187 191 83 116 252 229 237 188 142 42 134 151 193 83 49 103 126 110 191 11
test static_Call50000_sha256_d1g0v0_Istanbul
pre
 addr 0x1000000000000000000000000000000000000000
  acc_nonce 0
  balance 0
  code 22 96 0 96 0 96 0 96 0 52 96 0 53 90 241 96 0 85 90 96 1 85 0
 addr 0xa94f5374fce5edbc8e2a8697c15331677e6ebf0b
  acc_nonce 0
  balance 340282366920938463463374607431768211455
  code 0
 addr 0xbbbf5374fce5edbc8e2a8697c15331677e6ebf0b
  acc_nonce 0
  balance 4503599627370495
  code 51 91 97 195 80 96 128 81 16 21 96 43 87 96 0 96 0 97 195 80 96 0 96 2 98 1 49 120 250 96 0 85 96 1 96 128 81 1 96 128 82 96 0 86 91 96 128 81 96 1 85 0
 addr 0xcccf5374fce5edbc8e2a8697c15331677e6ebf0b
  acc_nonce 0
  balance 4503599627370495
  code 51 91 97 195 80 96 128 81 16 21 96 43 87 96 0 96 0 97 195 80 96 0 96 2 98 1 49 120 250 96 0 82 96 1 96 128 81 1 96 128 82 96 0 86 91 96 128 81 96 32 82 0
post
 addr 0x1000000000000000000000000000000000000000
  acc_nonce 0
  balance 0
  code 22 96 0 96 0 96 0 96 0 52 96 0 53 90 241 96 0 85 90 96 1 85 0
   kv 0x0000000000000000000000000000000000000000000000000000000000000000 0x0000000000000000000000000000000000000000000000000000000000000001
   kv 0x0000000000000000000000000000000000000000000000000000000000000001 0x00000000000000000000000000000000000000000000000000000000af89c527
 addr 0xa94f5374fce5edbc8e2a8697c15331677e6ebf0b
  acc_nonce 1
  balance 340282366920938463463374607430788233145
  code 0
 addr 0xb94f5374fce5edbc8e2a8697c15331677e6ebf0b
  acc_nonce 0
  balance 2000000000979978300
  code 0
 addr 0xbbbf5374fce5edbc8e2a8697c15331677e6ebf0b
  acc_nonce 0
  balance 4503599627370495
  code 51 91 97 195 80 96 128 81 16 21 96 43 87 96 0 96 0 97 195 80 96 0 96 2 98 1 49 120 250 96 0 85 96 1 96 128 81 1 96 128 82 96 0 86 91 96 128 81 96 1 85 0
 addr 0xcccf5374fce5edbc8e2a8697c15331677e6ebf0b
  acc_nonce 0
  balance 4503599627370505
  code 51 91 97 195 80 96 128 81 16 21 96 43 87 96 0 96 0 97 195 80 96 0 96 2 98 1 49 120 250 96 0 82 96 1 96 128 81 1 96 128 82 96 0 86 91 96 128 81 96 32 82 0
blocks
 block 0
  coinbase 0xb94f5374fce5edbc8e2a8697c15331677e6ebf0b
  height 1
  difficulty 131072
  gaslimit 39288330077
  timestamp 1000
  tx 0
   from 0xa94f5374fce5edbc8e2a8697c15331677e6ebf0b
   nonce 0
   to 0x1000000000000000000000000000000000000000
   value 10
   gasprice 1
   gas 3925000000
   data 32 0 0 0 0 0 0 0 0 0 0 0 0 204 207 83 116 252 229 237 188 142 42 134 151 193 83 49 103 126 110 191 11
