test RevertPrecompiledTouch_d0g0v0_Istanbul
pre
 addr 0x0000000000000000000000000000000000000001
  acc_nonce 0
  balance 0
  code 0
 addr 0x0000000000000000000000000000000000000002
  acc_nonce 0
  balance 0
  code 0
 addr 0x0000000000000000000000000000000000000003
  acc_nonce 0
  balance 0
  code 0
 addr 0x0000000000000000000000000000000000000004
  acc_nonce 0
  balance 0
  code 0
 addr 0x0000000000000000000000000000000000000005
  acc_nonce 0
  balance 0
  code 0
 addr 0x0000000000000000000000000000000000000006
  acc_nonce 0
  balance 0
  code 0
 addr 0x0000000000000000000000000000000000000007
  acc_nonce 0
  balance 0
  code 0
 addr 0x0000000000000000000000000000000000000008
  acc_nonce 0
  balance 0
  code 0
 addr 0x1000000000000000000000000000000000000000
  acc_nonce 0
  balance 0
  code 149 96 0 96 0 96 0 96 0 96 0 96 1 97 195 80 241 80 96 0 96 0 96 0 96 0 96 0 96 2 97 195 80 241 80 96 0 96 0 96 0 96 0 96 0 96 3 97 195 80 241 80 96 0 96 0 96 0 96 0 96 0 96 4 97 195 80 241 80 96 0 96 0 96 0 96 0 96 0 96 5 97 195 80 241 80 96 0 96 0 96 0 96 0 96 0 96 6 97 195 80 241 80 96 0 96 0 96 0 96 0 96 0 96 7 97 195 80 241 80 96 0 96 0 96 0 96 0 96 0 96 8 97 195 80 241 80 90 96 1 85 90 96 2 85 90 96 3 85 0
 addr 0x2000000000000000000000000000000000000000
  acc_nonce 0
  balance 0
  code 133 96 0 96 0 96 0 96 0 96 1 97 195 80 244 80 96 0 96 0 96 0 96 0 96 2 97 195 80 244 80 96 0 96 0 96 0 96 0 96 3 97 195 80 244 80 96 0 96 0 96 0 96 0 96 4 97 195 80 244 80 96 0 96 0 96 0 96 0 96 5 97 195 80 244 80 96 0 96 0 96 0 96 0 96 6 97 195 80 244 80 96 0 96 0 96 0 96 0 96 7 97 195 80 244 80 96 0 96 0 96 0 96 0 96 8 97 195 80 244 80 90 96 1 85 90 96 2 85 90 96 3 85 0
 addr 0x3000000000000000000000000000000000000000
  acc_nonce 0
  balance 0
  code 149 96 0 96 0 96 0 96 0 96 0 96 1 97 195 80 242 80 96 0 96 0 96 0 96 0 96 0 96 2 97 195 80 242 80 96 0 96 0 96 0 96 0 96 0 96 3 97 195 80 242 80 96 0 96 0 96 0 96 0 96 0 96 4 97 195 80 242 80 96 0 96 0 96 0 96 0 96 0 96 5 97 195 80 242 80 96 0 96 0 96 0 96 0 96 0 96 6 97 195 80 242 80 96 0 96 0 96 0 96 0 96 0 96 7 97 195 80 242 80 96 0 96 0 96 0 96 0 96 0 96 8 97 195 80 242 80 90 96 1 85 90 96 2 85 90 96 3 85 0
 addr 0x4000000000000000000000000000000000000000
  acc_nonce 0
  balance 0
  code 133 96 0 96 0 96 0 96 0 96 1 97 195 80 250 80 96 0 96 0 96 0 96 0 96 2 97 195 80 250 80 96 0 96 0 96 0 96 0 96 3 97 195 80 250 80 96 0 96 0 96 0 96 0 96 4 97 195 80 250 80 96 0 96 0 96 0 96 0 96 5 97 195 80 250 80 96 0 96 0 96 0 96 0 96 6 97 195 80 250 80 96 0 96 0 96 0 96 0 96 7 97 195 80 250 80 96 0 96 0 96 0 96 0 96 8 97 195 80 250 80 90 96 1 85 90 96 2 85 90 96 3 85 0
 addr 0xa94f5374fce5edbc8e2a8697c15331677e6ebf0b
  acc_nonce 1
  balance 1000000000000000000
  code 0
 addr 0xb94f5374fce5edbc8e2a8697c15331677e6ebf0b
  acc_nonce 0
  balance 0
  code 16 96 0 96 0 96 0 96 0 96 0 96 0 53 90 242 0
post
 addr 0x0000000000000000000000000000000000000001
  acc_nonce 0
  balance 0
  code 0
 addr 0x0000000000000000000000000000000000000002
  acc_nonce 0
  balance 0
  code 0
 addr 0x0000000000000000000000000000000000000004
  acc_nonce 0
  balance 0
  code 0
 addr 0x0000000000000000000000000000000000000005
  acc_nonce 0
  balance 0
  code 0
 addr 0x0000000000000000000000000000000000000006
  acc_nonce 0
  balance 0
  code 0
 addr 0x0000000000000000000000000000000000000007
  acc_nonce 0
  balance 0
  code 0
 addr 0x0000000000000000000000000000000000000008
  acc_nonce 0
  balance 0
  code 0
 addr 0x1000000000000000000000000000000000000000
  acc_nonce 0
  balance 0
  code 149 96 0 96 0 96 0 96 0 96 0 96 1 97 195 80 241 80 96 0 96 0 96 0 96 0 96 0 96 2 97 195 80 241 80 96 0 96 0 96 0 96 0 96 0 96 3 97 195 80 241 80 96 0 96 0 96 0 96 0 96 0 96 4 97 195 80 241 80 96 0 96 0 96 0 96 0 96 0 96 5 97 195 80 241 80 96 0 96 0 96 0 96 0 96 0 96 6 97 195 80 241 80 96 0 96 0 96 0 96 0 96 0 96 7 97 195 80 241 80 96 0 96 0 96 0 96 0 96 0 96 8 97 195 80 241 80 90 96 1 85 90 96 2 85 90 96 3 85 0
 addr 0x2000000000000000000000000000000000000000
  acc_nonce 0
  balance 0
  code 133 96 0 96 0 96 0 96 0 96 1 97 195 80 244 80 96 0 96 0 96 0 96 0 96 2 97 195 80 244 80 96 0 96 0 96 0 96 0 96 3 97 195 80 244 80 96 0 96 0 96 0 96 0 96 4 97 195 80 244 80 96 0 96 0 96 0 96 0 96 5 97 195 80 244 80 96 0 96 0 96 0 96 0 96 6 97 195 80 244 80 96 0 96 0 96 0 96 0 96 7 97 195 80 244 80 96 0 96 0 96 0 96 0 96 8 97 195 80 244 80 90 96 1 85 90 96 2 85 90 96 3 85 0
 addr 0x3000000000000000000000000000000000000000
  acc_nonce 0
  balance 0
  code 149 96 0 96 0 96 0 96 0 96 0 96 1 97 195 80 242 80 96 0 96 0 96 0 96 0 96 0 96 2 97 195 80 242 80 96 0 96 0 96 0 96 0 96 0 96 3 97 195 80 242 80 96 0 96 0 96 0 96 0 96 0 96 4 97 195 80 242 80 96 0 96 0 96 0 96 0 96 0 96 5 97 195 80 242 80 96 0 96 0 96 0 96 0 96 0 96 6 97 195 80 242 80 96 0 96 0 96 0 96 0 96 0 96 7 97 195 80 242 80 96 0 96 0 96 0 96 0 96 0 96 8 97 195 80 242 80 90 96 1 85 90 96 2 85 90 96 3 85 0
 addr 0x4000000000000000000000000000000000000000
  acc_nonce 0
  balance 0
  code 133 96 0 96 0 96 0 96 0 96 1 97 195 80 250 80 96 0 96 0 96 0 96 0 96 2 97 195 80 250 80 96 0 96 0 96 0 96 0 96 3 97 195 80 250 80 96 0 96 0 96 0 96 0 96 4 97 195 80 250 80 96 0 96 0 96 0 96 0 96 5 97 195 80 250 80 96 0 96 0 96 0 96 0 96 6 97 195 80 250 80 96 0 96 0 96 0 96 0 96 7 97 195 80 250 80 96 0 96 0 96 0 96 0 96 8 97 195 80 250 80 90 96 1 85 90 96 2 85 90 96 3 85 0
 addr 0x68795c4aa09d6f4ed3e5deddf8c2ad3049a601da
  acc_nonce 0
  balance 2000000000000098780
  code 0
 addr 0xa94f5374fce5edbc8e2a8697c15331677e6ebf0b
  acc_nonce 2
  balance 999999999999901220
  code 0
 addr 0xb94f5374fce5edbc8e2a8697c15331677e6ebf0b
  acc_nonce 0
  balance 0
  code 16 96 0 96 0 96 0 96 0 96 0 96 0 53 90 242 0
blocks
 block 0
  coinbase 0x68795c4aa09d6f4ed3e5deddf8c2ad3049a601da
  height 1
  difficulty 131072
  gaslimit 4015931
  timestamp 1000
  tx 0
   from 0xa94f5374fce5edbc8e2a8697c15331677e6ebf0b
   nonce 1
   to 0xb94f5374fce5edbc8e2a8697c15331677e6ebf0b
   value 0
   gasprice 1
   gas 100000
   data 32 0 0 0 0 0 0 0 0 0 0 0 0 16 0 0 0 0 0 0 0 0 0 0 0 0 0 0 0 0 0 0 0
test RevertPrecompiledTouch_d1g0v0_Istanbul
pre
 addr 0x0000000000000000000000000000000000000001
  acc_nonce 0
  balance 0
  code 0
 addr 0x0000000000000000000000000000000000000002
  acc_nonce 0
  balance 0
  code 0
 addr 0x0000000000000000000000000000000000000003
  acc_nonce 0
  balance 0
  code 0
 addr 0x0000000000000000000000000000000000000004
  acc_nonce 0
  balance 0
  code 0
 addr 0x0000000000000000000000000000000000000005
  acc_nonce 0
  balance 0
  code 0
 addr 0x0000000000000000000000000000000000000006
  acc_nonce 0
  balance 0
  code 0
 addr 0x0000000000000000000000000000000000000007
  acc_nonce 0
  balance 0
  code 0
 addr 0x0000000000000000000000000000000000000008
  acc_nonce 0
  balance 0
  code 0
 addr 0x1000000000000000000000000000000000000000
  acc_nonce 0
  balance 0
  code 149 96 0 96 0 96 0 96 0 96 0 96 1 97 195 80 241 80 96 0 96 0 96 0 96 0 96 0 96 2 97 195 80 241 80 96 0 96 0 96 0 96 0 96 0 96 3 97 195 80 241 80 96 0 96 0 96 0 96 0 96 0 96 4 97 195 80 241 80 96 0 96 0 96 0 96 0 96 0 96 5 97 195 80 241 80 96 0 96 0 96 0 96 0 96 0 96 6 97 195 80 241 80 96 0 96 0 96 0 96 0 96 0 96 7 97 195 80 241 80 96 0 96 0 96 0 96 0 96 0 96 8 97 195 80 241 80 90 96 1 85 90 96 2 85 90 96 3 85 0
 addr 0x2000000000000000000000000000000000000000
  acc_nonce 0
  balance 0
  code 133 96 0 96 0 96 0 96 0 96 1 97 195 80 244 80 96 0 96 0 96 0 96 0 96 2 97 195 80 244 80 96 0 96 0 96 0 96 0 96 3 97 195 80 244 80 96 0 96 0 96 0 96 0 96 4 97 195 80 244 80 96 0 96 0 96 0 96 0 96 5 97 195 80 244 80 96 0 96 0 96 0 96 0 96 6 97 195 80 244 80 96 0 96 0 96 0 96 0 96 7 97 195 80 244 80 96 0 96 0 96 0 96 0 96 8 97 195 80 244 80 90 96 1 85 90 96 2 85 90 96 3 85 0
 addr 0x3000000000000000000000000000000000000000
  acc_nonce 0
  balance 0
  code 149 96 0 96 0 96 0 96 0 96 0 96 1 97 195 80 242 80 96 0 96 0 96 0 96 0 96 0 96 2 97 195 80 242 80 96 0 96 0 96 0 96 0 96 0 96 3 97 195 80 242 80 96 0 96 0 96 0 96 0 96 0 96 4 97 195 80 242 80 96 0 96 0 96 0 96 0 96 0 96 5 97 195 80 242 80 96 0 96 0 96 0 96 0 96 0 96 6 97 195 80 242 80 96 0 96 0 96 0 96 0 96 0 96 7 97 195 80 242 80 96 0 96 0 96 0 96 0 96 0 96 8 97 195 80 242 80 90 96 1 85 90 96 2 85 90 96 3 85 0
 addr 0x4000000000000000000000000000000000000000
  acc_nonce 0
  balance 0
  code 133 96 0 96 0 96 0 96 0 96 1 97 195 80 250 80 96 0 96 0 96 0 96 0 96 2 97 195 80 250 80 96 0 96 0 96 0 96 0 96 3 97 195 80 250 80 96 0 96 0 96 0 96 0 96 4 97 195 80 250 80 96 0 96 0 96 0 96 0 96 5 97 195 80 250 80 96 0 96 0 96 0 96 0 96 6 97 195 80 250 80 96 0 96 0 96 0 96 0 96 7 97 195 80 250 80 96 0 96 0 96 0 96 0 96 8 97 195 80 250 80 90 96 1 85 90 96 2 85 90 96 3 85 0
 addr 0xa94f5374fce5edbc8e2a8697c15331677e6ebf0b
  acc_nonce 1
  balance 1000000000000000000
  code 0
 addr 0xb94f5374fce5edbc8e2a8697c15331677e6ebf0b
  acc_nonce 0
  balance 0
  code 16 96 0 96 0 96 0 96 0 96 0 96 0 53 90 242 0
post
 addr 0x0000000000000000000000000000000000000001
  acc_nonce 0
  balance 0
  code 0
 addr 0x0000000000000000000000000000000000000002
  acc_nonce 0
  balance 0
  code 0
 addr 0x0000000000000000000000000000000000000003
  acc_nonce 0
  balance 0
  code 0
 addr 0x0000000000000000000000000000000000000004
  acc_nonce 0
  balance 0
  code 0
 addr 0x0000000000000000000000000000000000000005
  acc_nonce 0
  balance 0
  code 0
 addr 0x0000000000000000000000000000000000000006
  acc_nonce 0
  balance 0
  code 0
 addr 0x0000000000000000000000000000000000000007
  acc_nonce 0
  balance 0
  code 0
 addr 0x0000000000000000000000000000000000000008
  acc_nonce 0
  balance 0
  code 0
 addr 0x1000000000000000000000000000000000000000
  acc_nonce 0
  balance 0
  code 149 96 0 96 0 96 0 96 0 96 0 96 1 97 195 80 241 80 96 0 96 0 96 0 96 0 96 0 96 2 97 195 80 241 80 96 0 96 0 96 0 96 0 96 0 96 3 97 195 80 241 80 96 0 96 0 96 0 96 0 96 0 96 4 97 195 80 241 80 96 0 96 0 96 0 96 0 96 0 96 5 97 195 80 241 80 96 0 96 0 96 0 96 0 96 0 96 6 97 195 80 241 80 96 0 96 0 96 0 96 0 96 0 96 7 97 195 80 241 80 96 0 96 0 96 0 96 0 96 0 96 8 97 195 80 241 80 90 96 1 85 90 96 2 85 90 96 3 85 0
 addr 0x2000000000000000000000000000000000000000
  acc_nonce 0
  balance 0
  code 133 96 0 96 0 96 0 96 0 96 1 97 195 80 244 80 96 0 96 0 96 0 96 0 96 2 97 195 80 244 80 96 0 96 0 96 0 96 0 96 3 97 195 80 244 80 96 0 96 0 96 0 96 0 96 4 97 195 80 244 80 96 0 96 0 96 0 96 0 96 5 97 195 80 244 80 96 0 96 0 96 0 96 0 96 6 97 195 80 244 80 96 0 96 0 96 0 96 0 96 7 97 195 80 244 80 96 0 96 0 96 0 96 0 96 8 97 195 80 244 80 90 96 1 85 90 96 2 85 90 96 3 85 0
 addr 0x3000000000000000000000000000000000000000
  acc_nonce 0
  balance 0
  code 149 96 0 96 0 96 0 96 0 96 0 96 1 97 195 80 242 80 96 0 96 0 96 0 96 0 96 0 96 2 97 195 80 242 80 96 0 96 0 96 0 96 0 96 0 96 3 97 195 80 242 80 96 0 96 0 96 0 96 0 96 0 96 4 97 195 80 242 80 96 0 96 0 96 0 96 0 96 0 96 5 97 195 80 242 80 96 0 96 0 96 0 96 0 96 0 96 6 97 195 80 242 80 96 0 96 0 96 0 96 0 96 0 96 7 97 195 80 242 80 96 0 96 0 96 0 96 0 96 0 96 8 97 195 80 242 80 90 96 1 85 90 96 2 85 90 96 3 85 0
 addr 0x4000000000000000000000000000000000000000
  acc_nonce 0
  balance 0
  code 133 96 0 96 0 96 0 96 0 96 1 97 195 80 250 80 96 0 96 0 96 0 96 0 96 2 97 195 80 250 80 96 0 96 0 96 0 96 0 96 3 97 195 80 250 80 96 0 96 0 96 0 96 0 96 4 97 195 80 250 80 96 0 96 0 96 0 96 0 96 5 97 195 80 250 80 96 0 96 0 96 0 96 0 96 6 97 195 80 250 80 96 0 96 0 96 0 96 0 96 7 97 195 80 250 80 96 0 96 0 96 0 96 0 96 8 97 195 80 250 80 90 96 1 85 90 96 2 85 90 96 3 85 0
 addr 0x68795c4aa09d6f4ed3e5deddf8c2ad3049a601da
  acc_nonce 0
  balance 2000000000000098780
  code 0
 addr 0xa94f5374fce5edbc8e2a8697c15331677e6ebf0b
  acc_nonce 2
  balance 999999999999901220
  code 0
 addr 0xb94f5374fce5edbc8e2a8697c15331677e6ebf0b
  acc_nonce 0
  balance 0
  code 16 96 0 96 0 96 0 96 0 96 0 96 0 53 90 242 0
blocks
 block 0
  coinbase 0x68795c4aa09d6f4ed3e5deddf8c2ad3049a601da
  height 1
  difficulty 131072
  gaslimit 4015931
  timestamp 1000
  tx 0
   from 0xa94f5374fce5edbc8e2a8697c15331677e6ebf0b
   nonce 1
   to 0xb94f5374fce5edbc8e2a8697c15331677e6ebf0b
   value 0
   gasprice 1
   gas 100000
   data 32 0 0 0 0 0 0 0 0 0 0 0 0 32 0 0 0 0 0 0 0 0 0 0 0 0 0 0 0 0 0 0 0
test RevertPrecompiledTouch_d2g0v0_Istanbul
pre
 addr 0x0000000000000000000000000000000000000001
  acc_nonce 0
  balance 0
  code 0
 addr 0x0000000000000000000000000000000000000002
  acc_nonce 0
  balance 0
  code 0
 addr 0x0000000000000000000000000000000000000003
  acc_nonce 0
  balance 0
  code 0
 addr 0x0000000000000000000000000000000000000004
  acc_nonce 0
  balance 0
  code 0
 addr 0x0000000000000000000000000000000000000005
  acc_nonce 0
  balance 0
  code 0
 addr 0x0000000000000000000000000000000000000006
  acc_nonce 0
  balance 0
  code 0
 addr 0x0000000000000000000000000000000000000007
  acc_nonce 0
  balance 0
  code 0
 addr 0x0000000000000000000000000000000000000008
  acc_nonce 0
  balance 0
  code 0
 addr 0x1000000000000000000000000000000000000000
  acc_nonce 0
  balance 0
  code 149 96 0 96 0 96 0 96 0 96 0 96 1 97 195 80 241 80 96 0 96 0 96 0 96 0 96 0 96 2 97 195 80 241 80 96 0 96 0 96 0 96 0 96 0 96 3 97 195 80 241 80 96 0 96 0 96 0 96 0 96 0 96 4 97 195 80 241 80 96 0 96 0 96 0 96 0 96 0 96 5 97 195 80 241 80 96 0 96 0 96 0 96 0 96 0 96 6 97 195 80 241 80 96 0 96 0 96 0 96 0 96 0 96 7 97 195 80 241 80 96 0 96 0 96 0 96 0 96 0 96 8 97 195 80 241 80 90 96 1 85 90 96 2 85 90 96 3 85 0
 addr 0x2000000000000000000000000000000000000000
  acc_nonce 0
  balance 0
  code 133 96 0 96 0 96 0 96 0 96 1 97 195 80 244 80 96 0 96 0 96 0 96 0 96 2 97 195 80 244 80 96 0 96 0 96 0 96 0 96 3 97 195 80 244 80 96 0 96 0 96 0 96 0 96 4 97 195 80 244 80 96 0 96 0 96 0 96 0 96 5 97 195 80 244 80 96 0 96 0 96 0 96 0 96 6 97 195 80 244 80 96 0 96 0 96 0 96 0 96 7 97 195 80 244 80 96 0 96 0 96 0 96 0 96 8 97 195 80 244 80 90 96 1 85 90 96 2 85 90 96 3 85 0
 addr 0x3000000000000000000000000000000000000000
  acc_nonce 0
  balance 0
  code 149 96 0 96 0 96 0 96 0 96 0 96 1 97 195 80 242 80 96 0 96 0 96 0 96 0 96 0 96 2 97 195 80 242 80 96 0 96 0 96 0 96 0 96 0 96 3 97 195 80 242 80 96 0 96 0 96 0 96 0 96 0 96 4 97 195 80 242 80 96 0 96 0 96 0 96 0 96 0 96 5 97 195 80 242 80 96 0 96 0 96 0 96 0 96 0 96 6 97 195 80 242 80 96 0 96 0 96 0 96 0 96 0 96 7 97 195 80 242 80 96 0 96 0 96 0 96 0 96 0 96 8 97 195 80 242 80 90 96 1 85 90 96 2 85 90 96 3 85 0
 addr 0x4000000000000000000000000000000000000000
  acc_nonce 0
  balance 0
  code 133 96 0 96 0 96 0 96 0 96 1 97 195 80 250 80 96 0 96 0 96 0 96 0 96 2 97 195 80 250 80 96 0 96 0 96 0 96 0 96 3 97 195 80 250 80 96 0 96 0 96 0 96 0 96 4 97 195 80 250 80 96 0 96 0 96 0 96 0 96 5 97 195 80 250 80 96 0 96 0 96 0 96 0 96 6 97 195 80 250 80 96 0 96 0 96 0 96 0 96 7 97 195 80 250 80 96 0 96 0 96 0 96 0 96 8 97 195 80 250 80 90 96 1 85 90 96 2 85 90 96 3 85 0
 addr 0xa94f5374fce5edbc8e2a8697c15331677e6ebf0b
  acc_nonce 1
  balance 1000000000000000000
  code 0
 addr 0xb94f5374fce5edbc8e2a8697c15331677e6ebf0b
  acc_nonce 0
  balance 0
  code 16 96 0 96 0 96 0 96 0 96 0 96 0 53 90 242 0
post
 addr 0x0000000000000000000000000000000000000001
  acc_nonce 0
  balance 0
  code 0
 addr 0x0000000000000000000000000000000000000002
  acc_nonce 0
  balance 0
  code 0
 addr 0x0000000000000000000000000000000000000003
  acc_nonce 0
  balance 0
  code 0
 addr 0x0000000000000000000000000000000000000004
  acc_nonce 0
  balance 0
  code 0
 addr 0x0000000000000000000000000000000000000005
  acc_nonce 0
  balance 0
  code 0
 addr 0x0000000000000000000000000000000000000006
  acc_nonce 0
  balance 0
  code 0
 addr 0x0000000000000000000000000000000000000007
  acc_nonce 0
  balance 0
  code 0
 addr 0x0000000000000000000000000000000000000008
  acc_nonce 0
  balance 0
  code 0
 addr 0x1000000000000000000000000000000000000000
  acc_nonce 0
  balance 0
  code 149 96 0 96 0 96 0 96 0 96 0 96 1 97 195 80 241 80 96 0 96 0 96 0 96 0 96 0 96 2 97 195 80 241 80 96 0 96 0 96 0 96 0 96 0 96 3 97 195 80 241 80 96 0 96 0 96 0 96 0 96 0 96 4 97 195 80 241 80 96 0 96 0 96 0 96 0 96 0 96 5 97 195 80 241 80 96 0 96 0 96 0 96 0 96 0 96 6 97 195 80 241 80 96 0 96 0 96 0 96 0 96 0 96 7 97 195 80 241 80 96 0 96 0 96 0 96 0 96 0 96 8 97 195 80 241 80 90 96 1 85 90 96 2 85 90 96 3 85 0
 addr 0x2000000000000000000000000000000000000000
  acc_nonce 0
  balance 0
  code 133 96 0 96 0 96 0 96 0 96 1 97 195 80 244 80 96 0 96 0 96 0 96 0 96 2 97 195 80 244 80 96 0 96 0 96 0 96 0 96 3 97 195 80 244 80 96 0 96 0 96 0 96 0 96 4 97 195 80 244 80 96 0 96 0 96 0 96 0 96 5 97 195 80 244 80 96 0 96 0 96 0 96 0 96 6 97 195 80 244 80 96 0 96 0 96 0 96 0 96 7 97 195 80 244 80 96 0 96 0 96 0 96 0 96 8 97 195 80 244 80 90 96 1 85 90 96 2 85 90 96 3 85 0
 addr 0x3000000000000000000000000000000000000000
  acc_nonce 0
  balance 0
  code 149 96 0 96 0 96 0 96 0 96 0 96 1 97 195 80 242 80 96 0 96 0 96 0 96 0 96 0 96 2 97 195 80 242 80 96 0 96 0 96 0 96 0 96 0 96 3 97 195 80 242 80 96 0 96 0 96 0 96 0 96 0 96 4 97 195 80 242 80 96 0 96 0 96 0 96 0 96 0 96 5 97 195 80 242 80 96 0 96 0 96 0 96 0 96 0 96 6 97 195 80 242 80 96 0 96 0 96 0 96 0 96 0 96 7 97 195 80 242 80 96 0 96 0 96 0 96 0 96 0 96 8 97 195 80 242 80 90 96 1 85 90 96 2 85 90 96 3 85 0
 addr 0x4000000000000000000000000000000000000000
  acc_nonce 0
  balance 0
  code 133 96 0 96 0 96 0 96 0 96 1 97 195 80 250 80 96 0 96 0 96 0 96 0 96 2 97 195 80 250 80 96 0 96 0 96 0 96 0 96 3 97 195 80 250 80 96 0 96 0 96 0 96 0 96 4 97 195 80 250 80 96 0 96 0 96 0 96 0 96 5 97 195 80 250 80 96 0 96 0 96 0 96 0 96 6 97 195 80 250 80 96 0 96 0 96 0 96 0 96 7 97 195 80 250 80 96 0 96 0 96 0 96 0 96 8 97 195 80 250 80 90 96 1 85 90 96 2 85 90 96 3 85 0
 addr 0x68795c4aa09d6f4ed3e5deddf8c2ad3049a601da
  acc_nonce 0
  balance 2000000000000098780
  code 0
 addr 0xa94f5374fce5edbc8e2a8697c15331677e6ebf0b
  acc_nonce 2
  balance 999999999999901220
  code 0
 addr 0xb94f5374fce5edbc8e2a8697c15331677e6ebf0b
  acc_nonce 0
  balance 0
  code 16 96 0 96 0 96 0 96 0 96 0 96 0 53 90 242 0
blocks
 block 0
  coinbase 0x68795c4aa09d6f4ed3e5deddf8c2ad3049a601da
  height 1
  difficulty 131072
  gaslimit 4015931
  timestamp 1000
  tx 0
   from 0xa94f5374fce5edbc8e2a8697c15331677e6ebf0b
   nonce 1
   to 0xb94f5374fce5edbc8e2a8697c15331677e6ebf0b
   value 0
   gasprice 1
   gas 100000
   data 32 0 0 0 0 0 0 0 0 0 0 0 0 48 0 0 0 0 0 0 0 0 0 0 0 0 0 0 0 0 0 0 0
test RevertPrecompiledTouch_d3g0v0_Istanbul
pre
 addr 0x0000000000000000000000000000000000000001
  acc_nonce 0
  balance 0
  code 0
 addr 0x0000000000000000000000000000000000000002
  acc_nonce 0
  balance 0
  code 0
 addr 0x0000000000000000000000000000000000000003
  acc_nonce 0
  balance 0
  code 0
 addr 0x0000000000000000000000000000000000000004
  acc_nonce 0
  balance 0
  code 0
 addr 0x0000000000000000000000000000000000000005
  acc_nonce 0
  balance 0
  code 0
 addr 0x0000000000000000000000000000000000000006
  acc_nonce 0
  balance 0
  code 0
 addr 0x0000000000000000000000000000000000000007
  acc_nonce 0
  balance 0
  code 0
 addr 0x0000000000000000000000000000000000000008
  acc_nonce 0
  balance 0
  code 0
 addr 0x1000000000000000000000000000000000000000
  acc_nonce 0
  balance 0
  code 149 96 0 96 0 96 0 96 0 96 0 96 1 97 195 80 241 80 96 0 96 0 96 0 96 0 96 0 96 2 97 195 80 241 80 96 0 96 0 96 0 96 0 96 0 96 3 97 195 80 241 80 96 0 96 0 96 0 96 0 96 0 96 4 97 195 80 241 80 96 0 96 0 96 0 96 0 96 0 96 5 97 195 80 241 80 96 0 96 0 96 0 96 0 96 0 96 6 97 195 80 241 80 96 0 96 0 96 0 96 0 96 0 96 7 97 195 80 241 80 96 0 96 0 96 0 96 0 96 0 96 8 97 195 80 241 80 90 96 1 85 90 96 2 85 90 96 3 85 0
 addr 0x2000000000000000000000000000000000000000
  acc_nonce 0
  balance 0
  code 133 96 0 96 0 96 0 96 0 96 1 97 195 80 244 80 96 0 96 0 96 0 96 0 96 2 97 195 80 244 80 96 0 96 0 96 0 96 0 96 3 97 195 80 244 80 96 0 96 0 96 0 96 0 96 4 97 195 80 244 80 96 0 96 0 96 0 96 0 96 5 97 195 80 244 80 96 0 96 0 96 0 96 0 96 6 97 195 80 244 80 96 0 96 0 96 0 96 0 96 7 97 195 80 244 80 96 0 96 0 96 0 96 0 96 8 97 195 80 244 80 90 96 1 85 90 96 2 85 90 96 3 85 0
 addr 0x3000000000000000000000000000000000000000
  acc_nonce 0
  balance 0
  code 149 96 0 96 0 96 0 96 0 96 0 96 1 97 195 80 242 80 96 0 96 0 96 0 96 0 96 0 96 2 97 195 80 242 80 96 0 96 0 96 0 96 0 96 0 96 3 97 195 80 242 80 96 0 96 0 96 0 96 0 96 0 96 4 97 195 80 242 80 96 0 96 0 96 0 96 0 96 0 96 5 97 195 80 242 80 96 0 96 0 96 0 96 0 96 0 96 6 97 195 80 242 80 96 0 96 0 96 0 96 0 96 0 96 7 97 195 80 242 80 96 0 96 0 96 0 96 0 96 0 96 8 97 195 80 242 80 90 96 1 85 90 96 2 85 90 96 3 85 0
 addr 0x4000000000000000000000000000000000000000
  acc_nonce 0
  balance 0
  code 133 96 0 96 0 96 0 96 0 96 1 97 195 80 250 80 96 0 96 0 96 0 96 0 96 2 97 195 80 250 80 96 0 96 0 96 0 96 0 96 3 97 195 80 250 80 96 0 96 0 96 0 96 0 96 4 97 195 80 250 80 96 0 96 0 96 0 96 0 96 5 97 195 80 250 80 96 0 96 0 96 0 96 0 96 6 97 195 80 250 80 96 0 96 0 96 0 96 0 96 7 97 195 80 250 80 96 0 96 0 96 0 96 0 96 8 97 195 80 250 80 90 96 1 85 90 96 2 85 90 96 3 85 0
 addr 0xa94f5374fce5edbc8e2a8697c15331677e6ebf0b
  acc_nonce 1
  balance 1000000000000000000
  code 0
 addr 0xb94f5374fce5edbc8e2a8697c15331677e6ebf0b
  acc_nonce 0
  balance 0
  code 16 96 0 96 0 96 0 96 0 96 0 96 0 53 90 242 0
post
 addr 0x0000000000000000000000000000000000000001
  acc_nonce 0
  balance 0
  code 0
 addr 0x0000000000000000000000000000000000000002
  acc_nonce 0
  balance 0
  code 0
 addr 0x0000000000000000000000000000000000000004
  acc_nonce 0
  balance 0
  code 0
 addr 0x0000000000000000000000000000000000000005
  acc_nonce 0
  balance 0
  code 0
 addr 0x0000000000000000000000000000000000000006
  acc_nonce 0
  balance 0
  code 0
 addr 0x0000000000000000000000000000000000000007
  acc_nonce 0
  balance 0
  code 0
 addr 0x0000000000000000000000000000000000000008
  acc_nonce 0
  balance 0
  code 0
 addr 0x1000000000000000000000000000000000000000
  acc_nonce 0
  balance 0
  code 149 96 0 96 0 96 0 96 0 96 0 96 1 97 195 80 241 80 96 0 96 0 96 0 96 0 96 0 96 2 97 195 80 241 80 96 0 96 0 96 0 96 0 96 0 96 3 97 195 80 241 80 96 0 96 0 96 0 96 0 96 0 96 4 97 195 80 241 80 96 0 96 0 96 0 96 0 96 0 96 5 97 195 80 241 80 96 0 96 0 96 0 96 0 96 0 96 6 97 195 80 241 80 96 0 96 0 96 0 96 0 96 0 96 7 97 195 80 241 80 96 0 96 0 96 0 96 0 96 0 96 8 97 195 80 241 80 90 96 1 85 90 96 2 85 90 96 3 85 0
 addr 0x2000000000000000000000000000000000000000
  acc_nonce 0
  balance 0
  code 133 96 0 96 0 96 0 96 0 96 1 97 195 80 244 80 96 0 96 0 96 0 96 0 96 2 97 195 80 244 80 96 0 96 0 96 0 96 0 96 3 97 195 80 244 80 96 0 96 0 96 0 96 0 96 4 97 195 80 244 80 96 0 96 0 96 0 96 0 96 5 97 195 80 244 80 96 0 96 0 96 0 96 0 96 6 97 195 80 244 80 96 0 96 0 96 0 96 0 96 7 97 195 80 244 80 96 0 96 0 96 0 96 0 96 8 97 195 80 244 80 90 96 1 85 90 96 2 85 90 96 3 85 0
 addr 0x3000000000000000000000000000000000000000
  acc_nonce 0
  balance 0
  code 149 96 0 96 0 96 0 96 0 96 0 96 1 97 195 80 242 80 96 0 96 0 96 0 96 0 96 0 96 2 97 195 80 242 80 96 0 96 0 96 0 96 0 96 0 96 3 97 195 80 242 80 96 0 96 0 96 0 96 0 96 0 96 4 97 195 80 242 80 96 0 96 0 96 0 96 0 96 0 96 5 97 195 80 242 80 96 0 96 0 96 0 96 0 96 0 96 6 97 195 80 242 80 96 0 96 0 96 0 96 0 96 0 96 7 97 195 80 242 80 96 0 96 0 96 0 96 0 96 0 96 8 97 195 80 242 80 90 96 1 85 90 96 2 85 90 96 3 85 0
 addr 0x4000000000000000000000000000000000000000
  acc_nonce 0
  balance 0
  code 133 96 0 96 0 96 0 96 0 96 1 97 195 80 250 80 96 0 96 0 96 0 96 0 96 2 97 195 80 250 80 96 0 96 0 96 0 96 0 96 3 97 195 80 250 80 96 0 96 0 96 0 96 0 96 4 97 195 80 250 80 96 0 96 0 96 0 96 0 96 5 97 195 80 250 80 96 0 96 0 96 0 96 0 96 6 97 195 80 250 80 96 0 96 0 96 0 96 0 96 7 97 195 80 250 80 96 0 96 0 96 0 96 0 96 8 97 195 80 250 80 90 96 1 85 90 96 2 85 90 96 3 85 0
 addr 0x68795c4aa09d6f4ed3e5deddf8c2ad3049a601da
  acc_nonce 0
  balance 2000000000000098780
  code 0
 addr 0xa94f5374fce5edbc8e2a8697c15331677e6ebf0b
  acc_nonce 2
  balance 999999999999901220
  code 0
 addr 0xb94f5374fce5edbc8e2a8697c15331677e6ebf0b
  acc_nonce 0
  balance 0
  code 16 96 0 96 0 96 0 96 0 96 0 96 0 53 90 242 0
blocks
 block 0
  coinbase 0x68795c4aa09d6f4ed3e5deddf8c2ad3049a601da
  height 1
  difficulty 131072
  gaslimit 4015931
  timestamp 1000
  tx 0
   from 0xa94f5374fce5edbc8e2a8697c15331677e6ebf0b
   nonce 1
   to 0xb94f5374fce5edbc8e2a8697c15331677e6ebf0b
   value 0
   gasprice 1
   gas 100000
   data 32 0 0 0 0 0 0 0 0 0 0 0 0 64 0 0 0 0 0 0 0 0 0 0 0 0 0 0 0 0 0 0 0
