test ecpairing_perturb_zeropoint_by_field_modulus_d0g0v0_Istanbul
pre
 addr 0x0000000000000000000000000000000000000001
  acc_nonce 0
  balance 1
  code 0
 addr 0x0000000000000000000000000000000000000002
  acc_nonce 0
  balance 1
  code 0
 addr 0x0000000000000000000000000000000000000003
  acc_nonce 0
  balance 1
  code 0
 addr 0x0000000000000000000000000000000000000004
  acc_nonce 0
  balance 1
  code 0
 addr 0x0000000000000000000000000000000000000005
  acc_nonce 0
  balance 1
  code 0
 addr 0x0000000000000000000000000000000000000006
  acc_nonce 0
  balance 1
  code 0
 addr 0x0000000000000000000000000000000000000007
  acc_nonce 0
  balance 1
  code 0
 addr 0x0000000000000000000000000000000000000008
  acc_nonce 0
  balance 1
  code 0
 addr 0x10a1c1cb95c92ec31d3f22c66eef1d9f3f258c6b
  acc_nonce 0
  balance 1000000000000000000
  code 0
 addr 0x13cbb8d99c6c4e0f2728c7d72606e78a29c4e224
  acc_nonce 0
  balance 1000000000000000000
  code 0
 addr 0x24143873e0e0815fdcbcffdbe09c979cbf9ad013
  acc_nonce 0
  balance 1000000000000000000
  code 0
 addr 0x3535353535353535353535353535353535353535
  acc_nonce 0
  balance 5898041
  code 0
 addr 0x598443f1880ef585b21f1d7585bd0577402861e5
  acc_nonce 0
  balance 1000000000000000000
  code 0
 addr 0x77db2bebba79db42a978f896968f4afce746ea1f
  acc_nonce 0
  balance 1000000000000000000
  code 0
 addr 0x7d577a597b2742b498cb5cf0c26cdcd726d39e6e
  acc_nonce 0
  balance 1000000000000000000
  code 0
 addr 0x82a978b3f5962a5b0957d9ee9eef472ee55b42f1
  acc_nonce 23
  balance 999999999994101959
  code 0
 addr 0x90f0b1ebbba1c1936aff7aaf20a7878ff9e04b6c
  acc_nonce 0
  balance 1000000000000000000
  code 0
 addr 0xc305c901078781c232a2a521c2af7980f8385ee9
  acc_nonce 1
  balance 0
  code 301 96 0 53 96 28 82 116 1 0 0 0 0 0 0 0 0 0 0 0 0 0 0 0 0 0 0 0 0 96 32 82 111 255 255 255 255 255 255 255 255 255 255 255 255 255 255 255 255 96 64 82 127 255 255 255 255 255 255 255 255 255 255 255 255 255 255 255 255 0 0 0 0 0 0 0 0 0 0 0 0 0 0 0 1 96 96 82 116 2 84 11 227 255 255 255 255 255 255 255 255 255 255 255 255 253 171 244 28 0 96 128 82 127 255 255 255 255 255 255 255 255 255 255 255 253 171 244 28 0 0 0 0 0 0 0 0 0 0 0 0 2 84 11 228 0 96 160 82 99 48 200 209 218 96 0 81 20 21 97 1 44 87 97 7 128 96 4 53 96 4 1 53 17 21 21 88 87 96 4 53 96 4 1 53 96 32 1 96 4 53 96 4 1 97 1 64 55 96 32 97 9 32 97 1 64 81 97 1 96 96 0 96 8 99 5 245 224 255 241 21 88 87 96 32 97 9 0 82 97 9 0 96 64 128 97 9 96 130 132 96 0 96 4 96 24 241 80 80 80 97 9 96 128 81 96 32 130 1 32 144 80 96 0 85 97 9 96 96 32 96 32 130 3 82 96 64 129 81 1 96 32 96 1 130 3 6 96 31 130 1 3 144 80 96 32 130 3 243 80 0 91
   kv 0x0000000000000000000000000000000000000000000000000000000000000000 0x290decd9548b62a8d60345a988386fc84ba6bc95484008f6362f93160ef3e563
 addr 0xdceceaf3fc5c0a63d195d69b1a90011b7b19650d
  acc_nonce 0
  balance 1000000000000000000
  code 0
 addr 0xe0fc04fa2d34a66b779fd5cee748268032a146c0
  acc_nonce 0
  balance 1000000000000000000
  code 0
post
 addr 0x0000000000000000000000000000000000000001
  acc_nonce 0
  balance 1
  code 0
 addr 0x0000000000000000000000000000000000000002
  acc_nonce 0
  balance 1
  code 0
 addr 0x0000000000000000000000000000000000000003
  acc_nonce 0
  balance 1
  code 0
 addr 0x0000000000000000000000000000000000000004
  acc_nonce 0
  balance 1
  code 0
 addr 0x0000000000000000000000000000000000000005
  acc_nonce 0
  balance 1
  code 0
 addr 0x0000000000000000000000000000000000000006
  acc_nonce 0
  balance 1
  code 0
 addr 0x0000000000000000000000000000000000000007
  acc_nonce 0
  balance 1
  code 0
 addr 0x0000000000000000000000000000000000000008
  acc_nonce 0
  balance 1
  code 0
 addr 0x10a1c1cb95c92ec31d3f22c66eef1d9f3f258c6b
  acc_nonce 0
  balance 1000000000000000000
  code 0
 addr 0x13cbb8d99c6c4e0f2728c7d72606e78a29c4e224
  acc_nonce 0
  balance 1000000000000000000
  code 0
 addr 0x24143873e0e0815fdcbcffdbe09c979cbf9ad013
  acc_nonce 0
  balance 1000000000000000000
  code 0
 addr 0x3535353535353535353535353535353535353535
  acc_nonce 0
  balance 2000000000006140577
  code 0
 addr 0x598443f1880ef585b21f1d7585bd0577402861e5
  acc_nonce 0
  balance 1000000000000000000
  code 0
 addr 0x77db2bebba79db42a978f896968f4afce746ea1f
  acc_nonce 0
  balance 1000000000000000000
  code 0
 addr 0x7d577a597b2742b498cb5cf0c26cdcd726d39e6e
  acc_nonce 0
  balance 1000000000000000000
  code 0
 addr 0x82a978b3f5962a5b0957d9ee9eef472ee55b42f1
  acc_nonce 24
  balance 999999999993859423
  code 0
 addr 0x90f0b1ebbba1c1936aff7aaf20a7878ff9e04b6c
  acc_nonce 0
  balance 1000000000000000000
  code 0
 addr 0xc305c901078781c232a2a521c2af7980f8385ee9
  acc_nonce 1
  balance 0
  code 301 96 0 53 96 28 82 116 1 0 0 0 0 0 0 0 0 0 0 0 0 0 0 0 0 0 0 0 0 96 32 82 111 255 255 255 255 255 255 255 255 255 255 255 255 255 255 255 255 96 64 82 127 255 255 255 255 255 255 255 255 255 255 255 255 255 255 255 255 0 0 0 0 0 0 0 0 0 0 0 0 0 0 0 1 96 96 82 116 2 84 11 227 255 255 255 255 255 255 255 255 255 255 255 255 253 171 244 28 0 96 128 82 127 255 255 255 255 255 255 255 255 255 255 255 253 171 244 28 0 0 0 0 0 0 0 0 0 0 0 0 2 84 11 228 0 96 160 82 99 48 200 209 218 96 0 81 20 21 97 1 44 87 97 7 128 96 4 53 96 4 1 53 17 21 21 88 87 96 4 53 96 4 1 53 96 32 1 96 4 53 96 4 1 97 1 64 55 96 32 97 9 32 97 1 64 81 97 1 96 96 0 96 8 99 5 245 224 255 241 21 88 87 96 32 97 9 0 82 97 9 0 96 64 128 97 9 96 130 132 96 0 96 4 96 24 241 80 80 80 97 9 96 128 81 96 32 130 1 32 144 80 96 0 85 97 9 96 96 32 96 32 130 3 82 96 64 129 81 1 96 32 96 1 130 3 6 96 31 130 1 3 144 80 96 32 130 3 243 80 0 91
   kv 0x0000000000000000000000000000000000000000000000000000000000000000 0x290decd9548b62a8d60345a988386fc84ba6bc95484008f6362f93160ef3e563
 addr 0xdceceaf3fc5c0a63d195d69b1a90011b7b19650d
  acc_nonce 0
  balance 1000000000000000000
  code 0
 addr 0xe0fc04fa2d34a66b779fd5cee748268032a146c0
  acc_nonce 0
  balance 1000000000000000000
  code 0
blocks
 block 0
  coinbase 0x3535353535353535353535353535353535353535
  height 1
  difficulty 131072
  gaslimit 100097655
  timestamp 1000
  tx 0
   from 0x82a978b3f5962a5b0957d9ee9eef472ee55b42f1
   nonce 23
   to 0xc305c901078781c232a2a521c2af7980f8385ee9
   value 0
   gasprice 1
   gas 242536
   data 260 48 200 209 218 0 0 0 0 0 0 0 0 0 0 0 0 0 0 0 0 0 0 0 0 0 0 0 0 0 0 0 0 0 0 0 32 0 0 0 0 0 0 0 0 0 0 0 0 0 0 0 0 0 0 0 0 0 0 0 0 0 0 0 0 0 0 0 192 48 100 78 114 225 49 160 41 184 80 69 182 129 129 88 93 151 129 106 145 104 113 202 141 60 32 140 22 216 124 253 71 0 0 0 0 0 0 0 0 0 0 0 0 0 0 0 0 0 0 0 0 0 0 0 0 0 0 0 0 0 0 0 0 25 142 147 147 146 13 72 58 114 96 191 183 49 251 93 37 241 170 73 51 53 169 231 18 151 228 133 183 174 243 18 194 24 0 222 239 18 31 30 118 66 106 0 102 94 92 68 121 103 67 34 212 247 94 218 221 70 222 189 92 217 146 246 237 9 6 137 208 88 95 240 117 236 158 153 173 105 12 51 149 188 75 49 51 112 179 142 243 85 172 218 220 209 34 151 91 18 200 94 165 219 140 109 235 74 171 113 128 141 203 64 143 227 209 231 105 12 67 211 123 76 230 204 1 102 250 125 170
test ecpairing_perturb_zeropoint_by_field_modulus_d0g1v0_Istanbul
pre
 addr 0x0000000000000000000000000000000000000001
  acc_nonce 0
  balance 1
  code 0
 addr 0x0000000000000000000000000000000000000002
  acc_nonce 0
  balance 1
  code 0
 addr 0x0000000000000000000000000000000000000003
  acc_nonce 0
  balance 1
  code 0
 addr 0x0000000000000000000000000000000000000004
  acc_nonce 0
  balance 1
  code 0
 addr 0x0000000000000000000000000000000000000005
  acc_nonce 0
  balance 1
  code 0
 addr 0x0000000000000000000000000000000000000006
  acc_nonce 0
  balance 1
  code 0
 addr 0x0000000000000000000000000000000000000007
  acc_nonce 0
  balance 1
  code 0
 addr 0x0000000000000000000000000000000000000008
  acc_nonce 0
  balance 1
  code 0
 addr 0x10a1c1cb95c92ec31d3f22c66eef1d9f3f258c6b
  acc_nonce 0
  balance 1000000000000000000
  code 0
 addr 0x13cbb8d99c6c4e0f2728c7d72606e78a29c4e224
  acc_nonce 0
  balance 1000000000000000000
  code 0
 addr 0x24143873e0e0815fdcbcffdbe09c979cbf9ad013
  acc_nonce 0
  balance 1000000000000000000
  code 0
 addr 0x3535353535353535353535353535353535353535
  acc_nonce 0
  balance 5898041
  code 0
 addr 0x598443f1880ef585b21f1d7585bd0577402861e5
  acc_nonce 0
  balance 1000000000000000000
  code 0
 addr 0x77db2bebba79db42a978f896968f4afce746ea1f
  acc_nonce 0
  balance 1000000000000000000
  code 0
 addr 0x7d577a597b2742b498cb5cf0c26cdcd726d39e6e
  acc_nonce 0
  balance 1000000000000000000
  code 0
 addr 0x82a978b3f5962a5b0957d9ee9eef472ee55b42f1
  acc_nonce 23
  balance 999999999994101959
  code 0
 addr 0x90f0b1ebbba1c1936aff7aaf20a7878ff9e04b6c
  acc_nonce 0
  balance 1000000000000000000
  code 0
 addr 0xc305c901078781c232a2a521c2af7980f8385ee9
  acc_nonce 1
  balance 0
  code 301 96 0 53 96 28 82 116 1 0 0 0 0 0 0 0 0 0 0 0 0 0 0 0 0 0 0 0 0 96 32 82 111 255 255 255 255 255 255 255 255 255 255 255 255 255 255 255 255 96 64 82 127 255 255 255 255 255 255 255 255 255 255 255 255 255 255 255 255 0 0 0 0 0 0 0 0 0 0 0 0 0 0 0 1 96 96 82 116 2 84 11 227 255 255 255 255 255 255 255 255 255 255 255 255 253 171 244 28 0 96 128 82 127 255 255 255 255 255 255 255 255 255 255 255 253 171 244 28 0 0 0 0 0 0 0 0 0 0 0 0 2 84 11 228 0 96 160 82 99 48 200 209 218 96 0 81 20 21 97 1 44 87 97 7 128 96 4 53 96 4 1 53 17 21 21 88 87 96 4 53 96 4 1 53 96 32 1 96 4 53 96 4 1 97 1 64 55 96 32 97 9 32 97 1 64 81 97 1 96 96 0 96 8 99 5 245 224 255 241 21 88 87 96 32 97 9 0 82 97 9 0 96 64 128 97 9 96 130 132 96 0 96 4 96 24 241 80 80 80 97 9 96 128 81 96 32 130 1 32 144 80 96 0 85 97 9 96 96 32 96 32 130 3 82 96 64 129 81 1 96 32 96 1 130 3 6 96 31 130 1 3 144 80 96 32 130 3 243 80 0 91
   kv 0x0000000000000000000000000000000000000000000000000000000000000000 0x290decd9548b62a8d60345a988386fc84ba6bc95484008f6362f93160ef3e563
 addr 0xdceceaf3fc5c0a63d195d69b1a90011b7b19650d
  acc_nonce 0
  balance 1000000000000000000
  code 0
 addr 0xe0fc04fa2d34a66b779fd5cee748268032a146c0
  acc_nonce 0
  balance 1000000000000000000
  code 0
post
 addr 0x0000000000000000000000000000000000000001
  acc_nonce 0
  balance 1
  code 0
 addr 0x0000000000000000000000000000000000000002
  acc_nonce 0
  balance 1
  code 0
 addr 0x0000000000000000000000000000000000000003
  acc_nonce 0
  balance 1
  code 0
 addr 0x0000000000000000000000000000000000000004
  acc_nonce 0
  balance 1
  code 0
 addr 0x0000000000000000000000000000000000000005
  acc_nonce 0
  balance 1
  code 0
 addr 0x0000000000000000000000000000000000000006
  acc_nonce 0
  balance 1
  code 0
 addr 0x0000000000000000000000000000000000000007
  acc_nonce 0
  balance 1
  code 0
 addr 0x0000000000000000000000000000000000000008
  acc_nonce 0
  balance 1
  code 0
 addr 0x10a1c1cb95c92ec31d3f22c66eef1d9f3f258c6b
  acc_nonce 0
  balance 1000000000000000000
  code 0
 addr 0x13cbb8d99c6c4e0f2728c7d72606e78a29c4e224
  acc_nonce 0
  balance 1000000000000000000
  code 0
 addr 0x24143873e0e0815fdcbcffdbe09c979cbf9ad013
  acc_nonce 0
  balance 1000000000000000000
  code 0
 addr 0x3535353535353535353535353535353535353535
  acc_nonce 0
  balance 2000000000005988041
  code 0
 addr 0x598443f1880ef585b21f1d7585bd0577402861e5
  acc_nonce 0
  balance 1000000000000000000
  code 0
 addr 0x77db2bebba79db42a978f896968f4afce746ea1f
  acc_nonce 0
  balance 1000000000000000000
  code 0
 addr 0x7d577a597b2742b498cb5cf0c26cdcd726d39e6e
  acc_nonce 0
  balance 1000000000000000000
  code 0
 addr 0x82a978b3f5962a5b0957d9ee9eef472ee55b42f1
  acc_nonce 24
  balance 999999999994011959
  code 0
 addr 0x90f0b1ebbba1c1936aff7aaf20a7878ff9e04b6c
  acc_nonce 0
  balance 1000000000000000000
  code 0
 addr 0xc305c901078781c232a2a521c2af7980f8385ee9
  acc_nonce 1
  balance 0
  code 301 96 0 53 96 28 82 116 1 0 0 0 0 0 0 0 0 0 0 0 0 0 0 0 0 0 0 0 0 96 32 82 111 255 255 255 255 255 255 255 255 255 255 255 255 255 255 255 255 96 64 82 127 255 255 255 255 255 255 255 255 255 255 255 255 255 255 255 255 0 0 0 0 0 0 0 0 0 0 0 0 0 0 0 1 96 96 82 116 2 84 11 227 255 255 255 255 255 255 255 255 255 255 255 255 253 171 244 28 0 96 128 82 127 255 255 255 255 255 255 255 255 255 255 255 253 171 244 28 0 0 0 0 0 0 0 0 0 0 0 0 2 84 11 228 0 96 160 82 99 48 200 209 218 96 0 81 20 21 97 1 44 87 97 7 128 96 4 53 96 4 1 53 17 21 21 88 87 96 4 53 96 4 1 53 96 32 1 96 4 53 96 4 1 97 1 64 55 96 32 97 9 32 97 1 64 81 97 1 96 96 0 96 8 99 5 245 224 255 241 21 88 87 96 32 97 9 0 82 97 9 0 96 64 128 97 9 96 130 132 96 0 96 4 96 24 241 80 80 80 97 9 96 128 81 96 32 130 1 32 144 80 96 0 85 97 9 96 96 32 96 32 130 3 82 96 64 129 81 1 96 32 96 1 130 3 6 96 31 130 1 3 144 80 96 32 130 3 243 80 0 91
   kv 0x0000000000000000000000000000000000000000000000000000000000000000 0x290decd9548b62a8d60345a988386fc84ba6bc95484008f6362f93160ef3e563
 addr 0xdceceaf3fc5c0a63d195d69b1a90011b7b19650d
  acc_nonce 0
  balance 1000000000000000000
  code 0
 addr 0xe0fc04fa2d34a66b779fd5cee748268032a146c0
  acc_nonce 0
  balance 1000000000000000000
  code 0
blocks
 block 0
  coinbase 0x3535353535353535353535353535353535353535
  height 1
  difficulty 131072
  gaslimit 100097655
  timestamp 1000
  tx 0
   from 0x82a978b3f5962a5b0957d9ee9eef472ee55b42f1
   nonce 23
   to 0xc305c901078781c232a2a521c2af7980f8385ee9
   value 0
   gasprice 1
   gas 90000
   data 260 48 200 209 218 0 0 0 0 0 0 0 0 0 0 0 0 0 0 0 0 0 0 0 0 0 0 0 0 0 0 0 0 0 0 0 32 0 0 0 0 0 0 0 0 0 0 0 0 0 0 0 0 0 0 0 0 0 0 0 0 0 0 0 0 0 0 0 192 48 100 78 114 225 49 160 41 184 80 69 182 129 129 88 93 151 129 106 145 104 113 202 141 60 32 140 22 216 124 253 71 0 0 0 0 0 0 0 0 0 0 0 0 0 0 0 0 0 0 0 0 0 0 0 0 0 0 0 0 0 0 0 0 25 142 147 147 146 13 72 58 114 96 191 183 49 251 93 37 241 170 73 51 53 169 231 18 151 228 133 183 174 243 18 194 24 0 222 239 18 31 30 118 66 106 0 102 94 92 68 121 103 67 34 212 247 94 218 221 70 222 189 92 217 146 246 237 9 6 137 208 88 95 240 117 236 158 153 173 105 12 51 149 188 75 49 51 112 179 142 243 85 172 218 220 209 34 151 91 18 200 94 165 219 140 109 235 74 171 113 128 141 203 64 143 227 209 231 105 12 67 211 123 76 230 204 1 102 250 125 170
test ecpairing_perturb_zeropoint_by_field_modulus_d0g2v0_Istanbul
pre
 addr 0x0000000000000000000000000000000000000001
  acc_nonce 0
  balance 1
  code 0
 addr 0x0000000000000000000000000000000000000002
  acc_nonce 0
  balance 1
  code 0
 addr 0x0000000000000000000000000000000000000003
  acc_nonce 0
  balance 1
  code 0
 addr 0x0000000000000000000000000000000000000004
  acc_nonce 0
  balance 1
  code 0
 addr 0x0000000000000000000000000000000000000005
  acc_nonce 0
  balance 1
  code 0
 addr 0x0000000000000000000000000000000000000006
  acc_nonce 0
  balance 1
  code 0
 addr 0x0000000000000000000000000000000000000007
  acc_nonce 0
  balance 1
  code 0
 addr 0x0000000000000000000000000000000000000008
  acc_nonce 0
  balance 1
  code 0
 addr 0x10a1c1cb95c92ec31d3f22c66eef1d9f3f258c6b
  acc_nonce 0
  balance 1000000000000000000
  code 0
 addr 0x13cbb8d99c6c4e0f2728c7d72606e78a29c4e224
  acc_nonce 0
  balance 1000000000000000000
  code 0
 addr 0x24143873e0e0815fdcbcffdbe09c979cbf9ad013
  acc_nonce 0
  balance 1000000000000000000
  code 0
 addr 0x3535353535353535353535353535353535353535
  acc_nonce 0
  balance 5898041
  code 0
 addr 0x598443f1880ef585b21f1d7585bd0577402861e5
  acc_nonce 0
  balance 1000000000000000000
  code 0
 addr 0x77db2bebba79db42a978f896968f4afce746ea1f
  acc_nonce 0
  balance 1000000000000000000
  code 0
 addr 0x7d577a597b2742b498cb5cf0c26cdcd726d39e6e
  acc_nonce 0
  balance 1000000000000000000
  code 0
 addr 0x82a978b3f5962a5b0957d9ee9eef472ee55b42f1
  acc_nonce 23
  balance 999999999994101959
  code 0
 addr 0x90f0b1ebbba1c1936aff7aaf20a7878ff9e04b6c
  acc_nonce 0
  balance 1000000000000000000
  code 0
 addr 0xc305c901078781c232a2a521c2af7980f8385ee9
  acc_nonce 1
  balance 0
  code 301 96 0 53 96 28 82 116 1 0 0 0 0 0 0 0 0 0 0 0 0 0 0 0 0 0 0 0 0 96 32 82 111 255 255 255 255 255 255 255 255 255 255 255 255 255 255 255 255 96 64 82 127 255 255 255 255 255 255 255 255 255 255 255 255 255 255 255 255 0 0 0 0 0 0 0 0 0 0 0 0 0 0 0 1 96 96 82 116 2 84 11 227 255 255 255 255 255 255 255 255 255 255 255 255 253 171 244 28 0 96 128 82 127 255 255 255 255 255 255 255 255 255 255 255 253 171 244 28 0 0 0 0 0 0 0 0 0 0 0 0 2 84 11 228 0 96 160 82 99 48 200 209 218 96 0 81 20 21 97 1 44 87 97 7 128 96 4 53 96 4 1 53 17 21 21 88 87 96 4 53 96 4 1 53 96 32 1 96 4 53 96 4 1 97 1 64 55 96 32 97 9 32 97 1 64 81 97 1 96 96 0 96 8 99 5 245 224 255 241 21 88 87 96 32 97 9 0 82 97 9 0 96 64 128 97 9 96 130 132 96 0 96 4 96 24 241 80 80 80 97 9 96 128 81 96 32 130 1 32 144 80 96 0 85 97 9 96 96 32 96 32 130 3 82 96 64 129 81 1 96 32 96 1 130 3 6 96 31 130 1 3 144 80 96 32 130 3 243 80 0 91
   kv 0x0000000000000000000000000000000000000000000000000000000000000000 0x290decd9548b62a8d60345a988386fc84ba6bc95484008f6362f93160ef3e563
 addr 0xdceceaf3fc5c0a63d195d69b1a90011b7b19650d
  acc_nonce 0
  balance 1000000000000000000
  code 0
 addr 0xe0fc04fa2d34a66b779fd5cee748268032a146c0
  acc_nonce 0
  balance 1000000000000000000
  code 0
post
 addr 0x0000000000000000000000000000000000000001
  acc_nonce 0
  balance 1
  code 0
 addr 0x0000000000000000000000000000000000000002
  acc_nonce 0
  balance 1
  code 0
 addr 0x0000000000000000000000000000000000000003
  acc_nonce 0
  balance 1
  code 0
 addr 0x0000000000000000000000000000000000000004
  acc_nonce 0
  balance 1
  code 0
 addr 0x0000000000000000000000000000000000000005
  acc_nonce 0
  balance 1
  code 0
 addr 0x0000000000000000000000000000000000000006
  acc_nonce 0
  balance 1
  code 0
 addr 0x0000000000000000000000000000000000000007
  acc_nonce 0
  balance 1
  code 0
 addr 0x0000000000000000000000000000000000000008
  acc_nonce 0
  balance 1
  code 0
 addr 0x10a1c1cb95c92ec31d3f22c66eef1d9f3f258c6b
  acc_nonce 0
  balance 1000000000000000000
  code 0
 addr 0x13cbb8d99c6c4e0f2728c7d72606e78a29c4e224
  acc_nonce 0
  balance 1000000000000000000
  code 0
 addr 0x24143873e0e0815fdcbcffdbe09c979cbf9ad013
  acc_nonce 0
  balance 1000000000000000000
  code 0
 addr 0x3535353535353535353535353535353535353535
  acc_nonce 0
  balance 2000000000006008041
  code 0
 addr 0x598443f1880ef585b21f1d7585bd0577402861e5
  acc_nonce 0
  balance 1000000000000000000
  code 0
 addr 0x77db2bebba79db42a978f896968f4afce746ea1f
  acc_nonce 0
  balance 1000000000000000000
  code 0
 addr 0x7d577a597b2742b498cb5cf0c26cdcd726d39e6e
  acc_nonce 0
  balance 1000000000000000000
  code 0
 addr 0x82a978b3f5962a5b0957d9ee9eef472ee55b42f1
  acc_nonce 24
  balance 999999999993991959
  code 0
 addr 0x90f0b1ebbba1c1936aff7aaf20a7878ff9e04b6c
  acc_nonce 0
  balance 1000000000000000000
  code 0
 addr 0xc305c901078781c232a2a521c2af7980f8385ee9
  acc_nonce 1
  balance 0
  code 301 96 0 53 96 28 82 116 1 0 0 0 0 0 0 0 0 0 0 0 0 0 0 0 0 0 0 0 0 96 32 82 111 255 255 255 255 255 255 255 255 255 255 255 255 255 255 255 255 96 64 82 127 255 255 255 255 255 255 255 255 255 255 255 255 255 255 255 255 0 0 0 0 0 0 0 0 0 0 0 0 0 0 0 1 96 96 82 116 2 84 11 227 255 255 255 255 255 255 255 255 255 255 255 255 253 171 244 28 0 96 128 82 127 255 255 255 255 255 255 255 255 255 255 255 253 171 244 28 0 0 0 0 0 0 0 0 0 0 0 0 2 84 11 228 0 96 160 82 99 48 200 209 218 96 0 81 20 21 97 1 44 87 97 7 128 96 4 53 96 4 1 53 17 21 21 88 87 96 4 53 96 4 1 53 96 32 1 96 4 53 96 4 1 97 1 64 55 96 32 97 9 32 97 1 64 81 97 1 96 96 0 96 8 99 5 245 224 255 241 21 88 87 96 32 97 9 0 82 97 9 0 96 64 128 97 9 96 130 132 96 0 96 4 96 24 241 80 80 80 97 9 96 128 81 96 32 130 1 32 144 80 96 0 85 97 9 96 96 32 96 32 130 3 82 96 64 129 81 1 96 32 96 1 130 3 6 96 31 130 1 3 144 80 96 32 130 3 243 80 0 91
   kv 0x0000000000000000000000000000000000000000000000000000000000000000 0x290decd9548b62a8d60345a988386fc84ba6bc95484008f6362f93160ef3e563
 addr 0xdceceaf3fc5c0a63d195d69b1a90011b7b19650d
  acc_nonce 0
  balance 1000000000000000000
  code 0
 addr 0xe0fc04fa2d34a66b779fd5cee748268032a146c0
  acc_nonce 0
  balance 1000000000000000000
  code 0
blocks
 block 0
  coinbase 0x3535353535353535353535353535353535353535
  height 1
  difficulty 131072
  gaslimit 100097655
  timestamp 1000
  tx 0
   from 0x82a978b3f5962a5b0957d9ee9eef472ee55b42f1
   nonce 23
   to 0xc305c901078781c232a2a521c2af7980f8385ee9
   value 0
   gasprice 1
   gas 110000
   data 260 48 200 209 218 0 0 0 0 0 0 0 0 0 0 0 0 0 0 0 0 0 0 0 0 0 0 0 0 0 0 0 0 0 0 0 32 0 0 0 0 0 0 0 0 0 0 0 0 0 0 0 0 0 0 0 0 0 0 0 0 0 0 0 0 0 0 0 192 48 100 78 114 225 49 160 41 184 80 69 182 129 129 88 93 151 129 106 145 104 113 202 141 60 32 140 22 216 124 253 71 0 0 0 0 0 0 0 0 0 0 0 0 0 0 0 0 0 0 0 0 0 0 0 0 0 0 0 0 0 0 0 0 25 142 147 147 146 13 72 58 114 96 191 183 49 251 93 37 241 170 73 51 53 169 231 18 151 228 133 183 174 243 18 194 24 0 222 239 18 31 30 118 66 106 0 102 94 92 68 121 103 67 34 212 247 94 218 221 70 222 189 92 217 146 246 237 9 6 137 208 88 95 240 117 236 158 153 173 105 12 51 149 188 75 49 51 112 179 142 243 85 172 218 220 209 34 151 91 18 200 94 165 219 140 109 235 74 171 113 128 141 203 64 143 227 209 231 105 12 67 211 123 76 230 204 1 102 250 125 170
test ecpairing_perturb_zeropoint_by_field_modulus_d0g3v0_Istanbul
pre
 addr 0x0000000000000000000000000000000000000001
  acc_nonce 0
  balance 1
  code 0
 addr 0x0000000000000000000000000000000000000002
  acc_nonce 0
  balance 1
  code 0
 addr 0x0000000000000000000000000000000000000003
  acc_nonce 0
  balance 1
  code 0
 addr 0x0000000000000000000000000000000000000004
  acc_nonce 0
  balance 1
  code 0
 addr 0x0000000000000000000000000000000000000005
  acc_nonce 0
  balance 1
  code 0
 addr 0x0000000000000000000000000000000000000006
  acc_nonce 0
  balance 1
  code 0
 addr 0x0000000000000000000000000000000000000007
  acc_nonce 0
  balance 1
  code 0
 addr 0x0000000000000000000000000000000000000008
  acc_nonce 0
  balance 1
  code 0
 addr 0x10a1c1cb95c92ec31d3f22c66eef1d9f3f258c6b
  acc_nonce 0
  balance 1000000000000000000
  code 0
 addr 0x13cbb8d99c6c4e0f2728c7d72606e78a29c4e224
  acc_nonce 0
  balance 1000000000000000000
  code 0
 addr 0x24143873e0e0815fdcbcffdbe09c979cbf9ad013
  acc_nonce 0
  balance 1000000000000000000
  code 0
 addr 0x3535353535353535353535353535353535353535
  acc_nonce 0
  balance 5898041
  code 0
 addr 0x598443f1880ef585b21f1d7585bd0577402861e5
  acc_nonce 0
  balance 1000000000000000000
  code 0
 addr 0x77db2bebba79db42a978f896968f4afce746ea1f
  acc_nonce 0
  balance 1000000000000000000
  code 0
 addr 0x7d577a597b2742b498cb5cf0c26cdcd726d39e6e
  acc_nonce 0
  balance 1000000000000000000
  code 0
 addr 0x82a978b3f5962a5b0957d9ee9eef472ee55b42f1
  acc_nonce 23
  balance 999999999994101959
  code 0
 addr 0x90f0b1ebbba1c1936aff7aaf20a7878ff9e04b6c
  acc_nonce 0
  balance 1000000000000000000
  code 0
 addr 0xc305c901078781c232a2a521c2af7980f8385ee9
  acc_nonce 1
  balance 0
  code 301 96 0 53 96 28 82 116 1 0 0 0 0 0 0 0 0 0 0 0 0 0 0 0 0 0 0 0 0 96 32 82 111 255 255 255 255 255 255 255 255 255 255 255 255 255 255 255 255 96 64 82 127 255 255 255 255 255 255 255 255 255 255 255 255 255 255 255 255 0 0 0 0 0 0 0 0 0 0 0 0 0 0 0 1 96 96 82 116 2 84 11 227 255 255 255 255 255 255 255 255 255 255 255 255 253 171 244 28 0 96 128 82 127 255 255 255 255 255 255 255 255 255 255 255 253 171 244 28 0 0 0 0 0 0 0 0 0 0 0 0 2 84 11 228 0 96 160 82 99 48 200 209 218 96 0 81 20 21 97 1 44 87 97 7 128 96 4 53 96 4 1 53 17 21 21 88 87 96 4 53 96 4 1 53 96 32 1 96 4 53 96 4 1 97 1 64 55 96 32 97 9 32 97 1 64 81 97 1 96 96 0 96 8 99 5 245 224 255 241 21 88 87 96 32 97 9 0 82 97 9 0 96 64 128 97 9 96 130 132 96 0 96 4 96 24 241 80 80 80 97 9 96 128 81 96 32 130 1 32 144 80 96 0 85 97 9 96 96 32 96 32 130 3 82 96 64 129 81 1 96 32 96 1 130 3 6 96 31 130 1 3 144 80 96 32 130 3 243 80 0 91
   kv 0x0000000000000000000000000000000000000000000000000000000000000000 0x290decd9548b62a8d60345a988386fc84ba6bc95484008f6362f93160ef3e563
 addr 0xdceceaf3fc5c0a63d195d69b1a90011b7b19650d
  acc_nonce 0
  balance 1000000000000000000
  code 0
 addr 0xe0fc04fa2d34a66b779fd5cee748268032a146c0
  acc_nonce 0
  balance 1000000000000000000
  code 0
post
 addr 0x0000000000000000000000000000000000000001
  acc_nonce 0
  balance 1
  code 0
 addr 0x0000000000000000000000000000000000000002
  acc_nonce 0
  balance 1
  code 0
 addr 0x0000000000000000000000000000000000000003
  acc_nonce 0
  balance 1
  code 0
 addr 0x0000000000000000000000000000000000000004
  acc_nonce 0
  balance 1
  code 0
 addr 0x0000000000000000000000000000000000000005
  acc_nonce 0
  balance 1
  code 0
 addr 0x0000000000000000000000000000000000000006
  acc_nonce 0
  balance 1
  code 0
 addr 0x0000000000000000000000000000000000000007
  acc_nonce 0
  balance 1
  code 0
 addr 0x0000000000000000000000000000000000000008
  acc_nonce 0
  balance 1
  code 0
 addr 0x10a1c1cb95c92ec31d3f22c66eef1d9f3f258c6b
  acc_nonce 0
  balance 1000000000000000000
  code 0
 addr 0x13cbb8d99c6c4e0f2728c7d72606e78a29c4e224
  acc_nonce 0
  balance 1000000000000000000
  code 0
 addr 0x24143873e0e0815fdcbcffdbe09c979cbf9ad013
  acc_nonce 0
  balance 1000000000000000000
  code 0
 addr 0x3535353535353535353535353535353535353535
  acc_nonce 0
  balance 2000000000006098041
  code 0
 addr 0x598443f1880ef585b21f1d7585bd0577402861e5
  acc_nonce 0
  balance 1000000000000000000
  code 0
 addr 0x77db2bebba79db42a978f896968f4afce746ea1f
  acc_nonce 0
  balance 1000000000000000000
  code 0
 addr 0x7d577a597b2742b498cb5cf0c26cdcd726d39e6e
  acc_nonce 0
  balance 1000000000000000000
  code 0
 addr 0x82a978b3f5962a5b0957d9ee9eef472ee55b42f1
  acc_nonce 24
  balance 999999999993901959
  code 0
 addr 0x90f0b1ebbba1c1936aff7aaf20a7878ff9e04b6c
  acc_nonce 0
  balance 1000000000000000000
  code 0
 addr 0xc305c901078781c232a2a521c2af7980f8385ee9
  acc_nonce 1
  balance 0
  code 301 96 0 53 96 28 82 116 1 0 0 0 0 0 0 0 0 0 0 0 0 0 0 0 0 0 0 0 0 96 32 82 111 255 255 255 255 255 255 255 255 255 255 255 255 255 255 255 255 96 64 82 127 255 255 255 255 255 255 255 255 255 255 255 255 255 255 255 255 0 0 0 0 0 0 0 0 0 0 0 0 0 0 0 1 96 96 82 116 2 84 11 227 255 255 255 255 255 255 255 255 255 255 255 255 253 171 244 28 0 96 128 82 127 255 255 255 255 255 255 255 255 255 255 255 253 171 244 28 0 0 0 0 0 0 0 0 0 0 0 0 2 84 11 228 0 96 160 82 99 48 200 209 218 96 0 81 20 21 97 1 44 87 97 7 128 96 4 53 96 4 1 53 17 21 21 88 87 96 4 53 96 4 1 53 96 32 1 96 4 53 96 4 1 97 1 64 55 96 32 97 9 32 97 1 64 81 97 1 96 96 0 96 8 99 5 245 224 255 241 21 88 87 96 32 97 9 0 82 97 9 0 96 64 128 97 9 96 130 132 96 0 96 4 96 24 241 80 80 80 97 9 96 128 81 96 32 130 1 32 144 80 96 0 85 97 9 96 96 32 96 32 130 3 82 96 64 129 81 1 96 32 96 1 130 3 6 96 31 130 1 3 144 80 96 32 130 3 243 80 0 91
   kv 0x0000000000000000000000000000000000000000000000000000000000000000 0x290decd9548b62a8d60345a988386fc84ba6bc95484008f6362f93160ef3e563
 addr 0xdceceaf3fc5c0a63d195d69b1a90011b7b19650d
  acc_nonce 0
  balance 1000000000000000000
  code 0
 addr 0xe0fc04fa2d34a66b779fd5cee748268032a146c0
  acc_nonce 0
  balance 1000000000000000000
  code 0
blocks
 block 0
  coinbase 0x3535353535353535353535353535353535353535
  height 1
  difficulty 131072
  gaslimit 100097655
  timestamp 1000
  tx 0
   from 0x82a978b3f5962a5b0957d9ee9eef472ee55b42f1
   nonce 23
   to 0xc305c901078781c232a2a521c2af7980f8385ee9
   value 0
   gasprice 1
   gas 200000
   data 260 48 200 209 218 0 0 0 0 0 0 0 0 0 0 0 0 0 0 0 0 0 0 0 0 0 0 0 0 0 0 0 0 0 0 0 32 0 0 0 0 0 0 0 0 0 0 0 0 0 0 0 0 0 0 0 0 0 0 0 0 0 0 0 0 0 0 0 192 48 100 78 114 225 49 160 41 184 80 69 182 129 129 88 93 151 129 106 145 104 113 202 141 60 32 140 22 216 124 253 71 0 0 0 0 0 0 0 0 0 0 0 0 0 0 0 0 0 0 0 0 0 0 0 0 0 0 0 0 0 0 0 0 25 142 147 147 146 13 72 58 114 96 191 183 49 251 93 37 241 170 73 51 53 169 231 18 151 228 133 183 174 243 18 194 24 0 222 239 18 31 30 118 66 106 0 102 94 92 68 121 103 67 34 212 247 94 218 221 70 222 189 92 217 146 246 237 9 6 137 208 88 95 240 117 236 158 153 173 105 12 51 149 188 75 49 51 112 179 142 243 85 172 218 220 209 34 151 91 18 200 94 165 219 140 109 235 74 171 113 128 141 203 64 143 227 209 231 105 12 67 211 123 76 230 204 1 102 250 125 170
