test ecpairing_two_point_match_4_d0g0v0_Istanbul
pre
 addr 0x0000000000000000000000000000000000000001
  acc_nonce 0
  balance 1
  code 0
 addr 0x0000000000000000000000000000000000000002
  acc_nonce 0
  balance 1
  code 0
 addr 0x0000000000000000000000000000000000000003
  acc_nonce 0
  balance 1
  code 0
 addr 0x0000000000000000000000000000000000000004
  acc_nonce 0
  balance 1
  code 0
 addr 0x0000000000000000000000000000000000000005
  acc_nonce 0
  balance 1
  code 0
 addr 0x0000000000000000000000000000000000000006
  acc_nonce 0
  balance 1
  code 0
 addr 0x0000000000000000000000000000000000000007
  acc_nonce 0
  balance 1
  code 0
 addr 0x0000000000000000000000000000000000000008
  acc_nonce 0
  balance 1
  code 0
 addr 0x10a1c1cb95c92ec31d3f22c66eef1d9f3f258c6b
  acc_nonce 0
  balance 1000000000000000000
  code 0
 addr 0x13cbb8d99c6c4e0f2728c7d72606e78a29c4e224
  acc_nonce 0
  balance 1000000000000000000
  code 0
 addr 0x24143873e0e0815fdcbcffdbe09c979cbf9ad013
  acc_nonce 0
  balance 1000000000000000000
  code 0
 addr 0x3535353535353535353535353535353535353535
  acc_nonce 0
  balance 3466936
  code 0
 addr 0x598443f1880ef585b21f1d7585bd0577402861e5
  acc_nonce 0
  balance 1000000000000000000
  code 0
 addr 0x77db2bebba79db42a978f896968f4afce746ea1f
  acc_nonce 0
  balance 1000000000000000000
  code 0
 addr 0x7d577a597b2742b498cb5cf0c26cdcd726d39e6e
  acc_nonce 0
  balance 1000000000000000000
  code 0
 addr 0x82a978b3f5962a5b0957d9ee9eef472ee55b42f1
  acc_nonce 15
  balance 999999999996533064
  code 0
 addr 0x90f0b1ebbba1c1936aff7aaf20a7878ff9e04b6c
  acc_nonce 0
  balance 1000000000000000000
  code 0
 addr 0xc305c901078781c232a2a521c2af7980f8385ee9
  acc_nonce 1
  balance 0
  code 301 96 0 53 96 28 82 116 1 0 0 0 0 0 0 0 0 0 0 0 0 0 0 0 0 0 0 0 0 96 32 82 111 255 255 255 255 255 255 255 255 255 255 255 255 255 255 255 255 96 64 82 127 255 255 255 255 255 255 255 255 255 255 255 255 255 255 255 255 0 0 0 0 0 0 0 0 0 0 0 0 0 0 0 1 96 96 82 116 2 84 11 227 255 255 255 255 255 255 255 255 255 255 255 255 253 171 244 28 0 96 128 82 127 255 255 255 255 255 255 255 255 255 255 255 253 171 244 28 0 0 0 0 0 0 0 0 0 0 0 0 2 84 11 228 0 96 160 82 99 48 200 209 218 96 0 81 20 21 97 1 44 87 97 7 128 96 4 53 96 4 1 53 17 21 21 88 87 96 4 53 96 4 1 53 96 32 1 96 4 53 96 4 1 97 1 64 55 96 32 97 9 32 97 1 64 81 97 1 96 96 0 96 8 99 5 245 224 255 241 21 88 87 96 32 97 9 0 82 97 9 0 96 64 128 97 9 96 130 132 96 0 96 4 96 24 241 80 80 80 97 9 96 128 81 96 32 130 1 32 144 80 96 0 85 97 9 96 96 32 96 32 130 3 82 96 64 129 81 1 96 32 96 1 130 3 6 96 31 130 1 3 144 80 96 32 130 3 243 80 0 91
   kv 0x0000000000000000000000000000000000000000000000000000000000000000 0xb10e2d527612073b26eecdfd717e6a320cf44b4afac2b0732d9fcbe2b7fa0cf6
 addr 0xdceceaf3fc5c0a63d195d69b1a90011b7b19650d
  acc_nonce 0
  balance 1000000000000000000
  code 0
 addr 0xe0fc04fa2d34a66b779fd5cee748268032a146c0
  acc_nonce 0
  balance 1000000000000000000
  code 0
post
 addr 0x0000000000000000000000000000000000000001
  acc_nonce 0
  balance 1
  code 0
 addr 0x0000000000000000000000000000000000000002
  acc_nonce 0
  balance 1
  code 0
 addr 0x0000000000000000000000000000000000000003
  acc_nonce 0
  balance 1
  code 0
 addr 0x0000000000000000000000000000000000000004
  acc_nonce 0
  balance 1
  code 0
 addr 0x0000000000000000000000000000000000000005
  acc_nonce 0
  balance 1
  code 0
 addr 0x0000000000000000000000000000000000000006
  acc_nonce 0
  balance 1
  code 0
 addr 0x0000000000000000000000000000000000000007
  acc_nonce 0
  balance 1
  code 0
 addr 0x0000000000000000000000000000000000000008
  acc_nonce 0
  balance 1
  code 0
 addr 0x10a1c1cb95c92ec31d3f22c66eef1d9f3f258c6b
  acc_nonce 0
  balance 1000000000000000000
  code 0
 addr 0x13cbb8d99c6c4e0f2728c7d72606e78a29c4e224
  acc_nonce 0
  balance 1000000000000000000
  code 0
 addr 0x24143873e0e0815fdcbcffdbe09c979cbf9ad013
  acc_nonce 0
  balance 1000000000000000000
  code 0
 addr 0x3535353535353535353535353535353535353535
  acc_nonce 0
  balance 2000000000003609549
  code 0
 addr 0x598443f1880ef585b21f1d7585bd0577402861e5
  acc_nonce 0
  balance 1000000000000000000
  code 0
 addr 0x77db2bebba79db42a978f896968f4afce746ea1f
  acc_nonce 0
  balance 1000000000000000000
  code 0
 addr 0x7d577a597b2742b498cb5cf0c26cdcd726d39e6e
  acc_nonce 0
  balance 1000000000000000000
  code 0
 addr 0x82a978b3f5962a5b0957d9ee9eef472ee55b42f1
  acc_nonce 16
  balance 999999999996390451
  code 0
 addr 0x90f0b1ebbba1c1936aff7aaf20a7878ff9e04b6c
  acc_nonce 0
  balance 1000000000000000000
  code 0
 addr 0xc305c901078781c232a2a521c2af7980f8385ee9
  acc_nonce 1
  balance 0
  code 301 96 0 53 96 28 82 116 1 0 0 0 0 0 0 0 0 0 0 0 0 0 0 0 0 0 0 0 0 96 32 82 111 255 255 255 255 255 255 255 255 255 255 255 255 255 255 255 255 96 64 82 127 255 255 255 255 255 255 255 255 255 255 255 255 255 255 255 255 0 0 0 0 0 0 0 0 0 0 0 0 0 0 0 1 96 96 82 116 2 84 11 227 255 255 255 255 255 255 255 255 255 255 255 255 253 171 244 28 0 96 128 82 127 255 255 255 255 255 255 255 255 255 255 255 253 171 244 28 0 0 0 0 0 0 0 0 0 0 0 0 2 84 11 228 0 96 160 82 99 48 200 209 218 96 0 81 20 21 97 1 44 87 97 7 128 96 4 53 96 4 1 53 17 21 21 88 87 96 4 53 96 4 1 53 96 32 1 96 4 53 96 4 1 97 1 64 55 96 32 97 9 32 97 1 64 81 97 1 96 96 0 96 8 99 5 245 224 255 241 21 88 87 96 32 97 9 0 82 97 9 0 96 64 128 97 9 96 130 132 96 0 96 4 96 24 241 80 80 80 97 9 96 128 81 96 32 130 1 32 144 80 96 0 85 97 9 96 96 32 96 32 130 3 82 96 64 129 81 1 96 32 96 1 130 3 6 96 31 130 1 3 144 80 96 32 130 3 243 80 0 91
   kv 0x0000000000000000000000000000000000000000000000000000000000000000 0xb10e2d527612073b26eecdfd717e6a320cf44b4afac2b0732d9fcbe2b7fa0cf6
 addr 0xdceceaf3fc5c0a63d195d69b1a90011b7b19650d
  acc_nonce 0
  balance 1000000000000000000
  code 0
 addr 0xe0fc04fa2d34a66b779fd5cee748268032a146c0
  acc_nonce 0
  balance 1000000000000000000
  code 0
blocks
 block 0
  coinbase 0x3535353535353535353535353535353535353535
  height 1
  difficulty 131072
  gaslimit 100097655
  timestamp 1000
  tx 0
   from 0x82a978b3f5962a5b0957d9ee9eef472ee55b42f1
   nonce 15
   to 0xc305c901078781c232a2a521c2af7980f8385ee9
   value 0
   gasprice 1
   gas 333736
   data 452 48 200 209 218 0 0 0 0 0 0 0 0 0 0 0 0 0 0 0 0 0 0 0 0 0 0 0 0 0 0 0 0 0 0 0 32 0 0 0 0 0 0 0 0 0 0 0 0 0 0 0 0 0 0 0 0 0 0 0 0 0 0 0 0 0 0 1 128 16 84 86 163 51 230 214 54 133 79 152 126 167 187 113 61 253 10 232 55 26 114 174 163 19 174 12 50 192 191 16 22 12 240 49 212 27 65 85 127 62 126 59 160 197 27 235 229 218 142 110 205 133 94 197 15 200 126 252 222 172 22 139 204 4 118 190 9 58 109 43 75 191 144 113 114 4 152 116 175 17 225 182 38 118 6 224 8 4 211 255 0 55 236 87 253 48 16 198 140 181 1 97 183 209 217 107 183 30 223 236 152 128 23 25 84 229 104 113 171 243 217 60 201 77 116 95 161 20 192 89 215 78 91 108 78 193 74 229 134 78 190 35 167 23 129 216 108 41 251 143 182 204 233 79 112 211 222 122 33 1 179 52 97 243 157 158 136 125 187 16 15 23 10 35 69 221 227 192 126 37 109 29 250 43 101 123 165 205 3 4 39 0 0 0 0 0 0 0 0 0 0 0 0 0 0 0 0 0 0 0 0 0 0 0 0 0 0 0 0 0 0 0 1 0 0 0 0 0 0 0 0 0 0 0 0 0 0 0 0 0 0 0 0 0 0 0 0 0 0 0 0 0 0 0 2 26 44 48 19 210 234 146 225 60 128 12 222 104 239 86 162 148 184 131 246 172 53 210 95 88 124 9 177 179 198 53 247 41 1 88 168 12 211 214 101 48 247 77 201 76 148 173 184 143 92 219 72 26 204 169 151 182 230 0 113 240 138 17 95 47 153 127 61 189 102 167 175 224 127 231 134 44 226 57 237 186 158 5 197 175 255 127 138 18 89 201 115 59 45 251 185 41 209 105 21 48 202 112 27 74 16 96 84 104 135 40 201 151 44 133 18 233 120 158 149 103 170 226 62 48 44 205 117
test ecpairing_two_point_match_4_d0g1v0_Istanbul
pre
 addr 0x0000000000000000000000000000000000000001
  acc_nonce 0
  balance 1
  code 0
 addr 0x0000000000000000000000000000000000000002
  acc_nonce 0
  balance 1
  code 0
 addr 0x0000000000000000000000000000000000000003
  acc_nonce 0
  balance 1
  code 0
 addr 0x0000000000000000000000000000000000000004
  acc_nonce 0
  balance 1
  code 0
 addr 0x0000000000000000000000000000000000000005
  acc_nonce 0
  balance 1
  code 0
 addr 0x0000000000000000000000000000000000000006
  acc_nonce 0
  balance 1
  code 0
 addr 0x0000000000000000000000000000000000000007
  acc_nonce 0
  balance 1
  code 0
 addr 0x0000000000000000000000000000000000000008
  acc_nonce 0
  balance 1
  code 0
 addr 0x10a1c1cb95c92ec31d3f22c66eef1d9f3f258c6b
  acc_nonce 0
  balance 1000000000000000000
  code 0
 addr 0x13cbb8d99c6c4e0f2728c7d72606e78a29c4e224
  acc_nonce 0
  balance 1000000000000000000
  code 0
 addr 0x24143873e0e0815fdcbcffdbe09c979cbf9ad013
  acc_nonce 0
  balance 1000000000000000000
  code 0
 addr 0x3535353535353535353535353535353535353535
  acc_nonce 0
  balance 3466936
  code 0
 addr 0x598443f1880ef585b21f1d7585bd0577402861e5
  acc_nonce 0
  balance 1000000000000000000
  code 0
 addr 0x77db2bebba79db42a978f896968f4afce746ea1f
  acc_nonce 0
  balance 1000000000000000000
  code 0
 addr 0x7d577a597b2742b498cb5cf0c26cdcd726d39e6e
  acc_nonce 0
  balance 1000000000000000000
  code 0
 addr 0x82a978b3f5962a5b0957d9ee9eef472ee55b42f1
  acc_nonce 15
  balance 999999999996533064
  code 0
 addr 0x90f0b1ebbba1c1936aff7aaf20a7878ff9e04b6c
  acc_nonce 0
  balance 1000000000000000000
  code 0
 addr 0xc305c901078781c232a2a521c2af7980f8385ee9
  acc_nonce 1
  balance 0
  code 301 96 0 53 96 28 82 116 1 0 0 0 0 0 0 0 0 0 0 0 0 0 0 0 0 0 0 0 0 96 32 82 111 255 255 255 255 255 255 255 255 255 255 255 255 255 255 255 255 96 64 82 127 255 255 255 255 255 255 255 255 255 255 255 255 255 255 255 255 0 0 0 0 0 0 0 0 0 0 0 0 0 0 0 1 96 96 82 116 2 84 11 227 255 255 255 255 255 255 255 255 255 255 255 255 253 171 244 28 0 96 128 82 127 255 255 255 255 255 255 255 255 255 255 255 253 171 244 28 0 0 0 0 0 0 0 0 0 0 0 0 2 84 11 228 0 96 160 82 99 48 200 209 218 96 0 81 20 21 97 1 44 87 97 7 128 96 4 53 96 4 1 53 17 21 21 88 87 96 4 53 96 4 1 53 96 32 1 96 4 53 96 4 1 97 1 64 55 96 32 97 9 32 97 1 64 81 97 1 96 96 0 96 8 99 5 245 224 255 241 21 88 87 96 32 97 9 0 82 97 9 0 96 64 128 97 9 96 130 132 96 0 96 4 96 24 241 80 80 80 97 9 96 128 81 96 32 130 1 32 144 80 96 0 85 97 9 96 96 32 96 32 130 3 82 96 64 129 81 1 96 32 96 1 130 3 6 96 31 130 1 3 144 80 96 32 130 3 243 80 0 91
   kv 0x0000000000000000000000000000000000000000000000000000000000000000 0xb10e2d527612073b26eecdfd717e6a320cf44b4afac2b0732d9fcbe2b7fa0cf6
 addr 0xdceceaf3fc5c0a63d195d69b1a90011b7b19650d
  acc_nonce 0
  balance 1000000000000000000
  code 0
 addr 0xe0fc04fa2d34a66b779fd5cee748268032a146c0
  acc_nonce 0
  balance 1000000000000000000
  code 0
post
 addr 0x0000000000000000000000000000000000000001
  acc_nonce 0
  balance 1
  code 0
 addr 0x0000000000000000000000000000000000000002
  acc_nonce 0
  balance 1
  code 0
 addr 0x0000000000000000000000000000000000000003
  acc_nonce 0
  balance 1
  code 0
 addr 0x0000000000000000000000000000000000000004
  acc_nonce 0
  balance 1
  code 0
 addr 0x0000000000000000000000000000000000000005
  acc_nonce 0
  balance 1
  code 0
 addr 0x0000000000000000000000000000000000000006
  acc_nonce 0
  balance 1
  code 0
 addr 0x0000000000000000000000000000000000000007
  acc_nonce 0
  balance 1
  code 0
 addr 0x0000000000000000000000000000000000000008
  acc_nonce 0
  balance 1
  code 0
 addr 0x10a1c1cb95c92ec31d3f22c66eef1d9f3f258c6b
  acc_nonce 0
  balance 1000000000000000000
  code 0
 addr 0x13cbb8d99c6c4e0f2728c7d72606e78a29c4e224
  acc_nonce 0
  balance 1000000000000000000
  code 0
 addr 0x24143873e0e0815fdcbcffdbe09c979cbf9ad013
  acc_nonce 0
  balance 1000000000000000000
  code 0
 addr 0x3535353535353535353535353535353535353535
  acc_nonce 0
  balance 2000000000003556936
  code 0
 addr 0x598443f1880ef585b21f1d7585bd0577402861e5
  acc_nonce 0
  balance 1000000000000000000
  code 0
 addr 0x77db2bebba79db42a978f896968f4afce746ea1f
  acc_nonce 0
  balance 1000000000000000000
  code 0
 addr 0x7d577a597b2742b498cb5cf0c26cdcd726d39e6e
  acc_nonce 0
  balance 1000000000000000000
  code 0
 addr 0x82a978b3f5962a5b0957d9ee9eef472ee55b42f1
  acc_nonce 16
  balance 999999999996443064
  code 0
 addr 0x90f0b1ebbba1c1936aff7aaf20a7878ff9e04b6c
  acc_nonce 0
  balance 1000000000000000000
  code 0
 addr 0xc305c901078781c232a2a521c2af7980f8385ee9
  acc_nonce 1
  balance 0
  code 301 96 0 53 96 28 82 116 1 0 0 0 0 0 0 0 0 0 0 0 0 0 0 0 0 0 0 0 0 96 32 82 111 255 255 255 255 255 255 255 255 255 255 255 255 255 255 255 255 96 64 82 127 255 255 255 255 255 255 255 255 255 255 255 255 255 255 255 255 0 0 0 0 0 0 0 0 0 0 0 0 0 0 0 1 96 96 82 116 2 84 11 227 255 255 255 255 255 255 255 255 255 255 255 255 253 171 244 28 0 96 128 82 127 255 255 255 255 255 255 255 255 255 255 255 253 171 244 28 0 0 0 0 0 0 0 0 0 0 0 0 2 84 11 228 0 96 160 82 99 48 200 209 218 96 0 81 20 21 97 1 44 87 97 7 128 96 4 53 96 4 1 53 17 21 21 88 87 96 4 53 96 4 1 53 96 32 1 96 4 53 96 4 1 97 1 64 55 96 32 97 9 32 97 1 64 81 97 1 96 96 0 96 8 99 5 245 224 255 241 21 88 87 96 32 97 9 0 82 97 9 0 96 64 128 97 9 96 130 132 96 0 96 4 96 24 241 80 80 80 97 9 96 128 81 96 32 130 1 32 144 80 96 0 85 97 9 96 96 32 96 32 130 3 82 96 64 129 81 1 96 32 96 1 130 3 6 96 31 130 1 3 144 80 96 32 130 3 243 80 0 91
   kv 0x0000000000000000000000000000000000000000000000000000000000000000 0xb10e2d527612073b26eecdfd717e6a320cf44b4afac2b0732d9fcbe2b7fa0cf6
 addr 0xdceceaf3fc5c0a63d195d69b1a90011b7b19650d
  acc_nonce 0
  balance 1000000000000000000
  code 0
 addr 0xe0fc04fa2d34a66b779fd5cee748268032a146c0
  acc_nonce 0
  balance 1000000000000000000
  code 0
blocks
 block 0
  coinbase 0x3535353535353535353535353535353535353535
  height 1
  difficulty 131072
  gaslimit 100097655
  timestamp 1000
  tx 0
   from 0x82a978b3f5962a5b0957d9ee9eef472ee55b42f1
   nonce 15
   to 0xc305c901078781c232a2a521c2af7980f8385ee9
   value 0
   gasprice 1
   gas 90000
   data 452 48 200 209 218 0 0 0 0 0 0 0 0 0 0 0 0 0 0 0 0 0 0 0 0 0 0 0 0 0 0 0 0 0 0 0 32 0 0 0 0 0 0 0 0 0 0 0 0 0 0 0 0 0 0 0 0 0 0 0 0 0 0 0 0 0 0 1 128 16 84 86 163 51 230 214 54 133 79 152 126 167 187 113 61 253 10 232 55 26 114 174 163 19 174 12 50 192 191 16 22 12 240 49 212 27 65 85 127 62 126 59 160 197 27 235 229 218 142 110 205 133 94 197 15 200 126 252 222 172 22 139 204 4 118 190 9 58 109 43 75 191 144 113 114 4 152 116 175 17 225 182 38 118 6 224 8 4 211 255 0 55 236 87 253 48 16 198 140 181 1 97 183 209 217 107 183 30 223 236 152 128 23 25 84 229 104 113 171 243 217 60 201 77 116 95 161 20 192 89 215 78 91 108 78 193 74 229 134 78 190 35 167 23 129 216 108 41 251 143 182 204 233 79 112 211 222 122 33 1 179 52 97 243 157 158 136 125 187 16 15 23 10 35 69 221 227 192 126 37 109 29 250 43 101 123 165 205 3 4 39 0 0 0 0 0 0 0 0 0 0 0 0 0 0 0 0 0 0 0 0 0 0 0 0 0 0 0 0 0 0 0 1 0 0 0 0 0 0 0 0 0 0 0 0 0 0 0 0 0 0 0 0 0 0 0 0 0 0 0 0 0 0 0 2 26 44 48 19 210 234 146 225 60 128 12 222 104 239 86 162 148 184 131 246 172 53 210 95 88 124 9 177 179 198 53 247 41 1 88 168 12 211 214 101 48 247 77 201 76 148 173 184 143 92 219 72 26 204 169 151 182 230 0 113 240 138 17 95 47 153 127 61 189 102 167 175 224 127 231 134 44 226 57 237 186 158 5 197 175 255 127 138 18 89 201 115 59 45 251 185 41 209 105 21 48 202 112 27 74 16 96 84 104 135 40 201 151 44 133 18 233 120 158 149 103 170 226 62 48 44 205 117
test ecpairing_two_point_match_4_d0g2v0_Istanbul
pre
 addr 0x0000000000000000000000000000000000000001
  acc_nonce 0
  balance 1
  code 0
 addr 0x0000000000000000000000000000000000000002
  acc_nonce 0
  balance 1
  code 0
 addr 0x0000000000000000000000000000000000000003
  acc_nonce 0
  balance 1
  code 0
 addr 0x0000000000000000000000000000000000000004
  acc_nonce 0
  balance 1
  code 0
 addr 0x0000000000000000000000000000000000000005
  acc_nonce 0
  balance 1
  code 0
 addr 0x0000000000000000000000000000000000000006
  acc_nonce 0
  balance 1
  code 0
 addr 0x0000000000000000000000000000000000000007
  acc_nonce 0
  balance 1
  code 0
 addr 0x0000000000000000000000000000000000000008
  acc_nonce 0
  balance 1
  code 0
 addr 0x10a1c1cb95c92ec31d3f22c66eef1d9f3f258c6b
  acc_nonce 0
  balance 1000000000000000000
  code 0
 addr 0x13cbb8d99c6c4e0f2728c7d72606e78a29c4e224
  acc_nonce 0
  balance 1000000000000000000
  code 0
 addr 0x24143873e0e0815fdcbcffdbe09c979cbf9ad013
  acc_nonce 0
  balance 1000000000000000000
  code 0
 addr 0x3535353535353535353535353535353535353535
  acc_nonce 0
  balance 3466936
  code 0
 addr 0x598443f1880ef585b21f1d7585bd0577402861e5
  acc_nonce 0
  balance 1000000000000000000
  code 0
 addr 0x77db2bebba79db42a978f896968f4afce746ea1f
  acc_nonce 0
  balance 1000000000000000000
  code 0
 addr 0x7d577a597b2742b498cb5cf0c26cdcd726d39e6e
  acc_nonce 0
  balance 1000000000000000000
  code 0
 addr 0x82a978b3f5962a5b0957d9ee9eef472ee55b42f1
  acc_nonce 15
  balance 999999999996533064
  code 0
 addr 0x90f0b1ebbba1c1936aff7aaf20a7878ff9e04b6c
  acc_nonce 0
  balance 1000000000000000000
  code 0
 addr 0xc305c901078781c232a2a521c2af7980f8385ee9
  acc_nonce 1
  balance 0
  code 301 96 0 53 96 28 82 116 1 0 0 0 0 0 0 0 0 0 0 0 0 0 0 0 0 0 0 0 0 96 32 82 111 255 255 255 255 255 255 255 255 255 255 255 255 255 255 255 255 96 64 82 127 255 255 255 255 255 255 255 255 255 255 255 255 255 255 255 255 0 0 0 0 0 0 0 0 0 0 0 0 0 0 0 1 96 96 82 116 2 84 11 227 255 255 255 255 255 255 255 255 255 255 255 255 253 171 244 28 0 96 128 82 127 255 255 255 255 255 255 255 255 255 255 255 253 171 244 28 0 0 0 0 0 0 0 0 0 0 0 0 2 84 11 228 0 96 160 82 99 48 200 209 218 96 0 81 20 21 97 1 44 87 97 7 128 96 4 53 96 4 1 53 17 21 21 88 87 96 4 53 96 4 1 53 96 32 1 96 4 53 96 4 1 97 1 64 55 96 32 97 9 32 97 1 64 81 97 1 96 96 0 96 8 99 5 245 224 255 241 21 88 87 96 32 97 9 0 82 97 9 0 96 64 128 97 9 96 130 132 96 0 96 4 96 24 241 80 80 80 97 9 96 128 81 96 32 130 1 32 144 80 96 0 85 97 9 96 96 32 96 32 130 3 82 96 64 129 81 1 96 32 96 1 130 3 6 96 31 130 1 3 144 80 96 32 130 3 243 80 0 91
   kv 0x0000000000000000000000000000000000000000000000000000000000000000 0xb10e2d527612073b26eecdfd717e6a320cf44b4afac2b0732d9fcbe2b7fa0cf6
 addr 0xdceceaf3fc5c0a63d195d69b1a90011b7b19650d
  acc_nonce 0
  balance 1000000000000000000
  code 0
 addr 0xe0fc04fa2d34a66b779fd5cee748268032a146c0
  acc_nonce 0
  balance 1000000000000000000
  code 0
post
 addr 0x0000000000000000000000000000000000000001
  acc_nonce 0
  balance 1
  code 0
 addr 0x0000000000000000000000000000000000000002
  acc_nonce 0
  balance 1
  code 0
 addr 0x0000000000000000000000000000000000000003
  acc_nonce 0
  balance 1
  code 0
 addr 0x0000000000000000000000000000000000000004
  acc_nonce 0
  balance 1
  code 0
 addr 0x0000000000000000000000000000000000000005
  acc_nonce 0
  balance 1
  code 0
 addr 0x0000000000000000000000000000000000000006
  acc_nonce 0
  balance 1
  code 0
 addr 0x0000000000000000000000000000000000000007
  acc_nonce 0
  balance 1
  code 0
 addr 0x0000000000000000000000000000000000000008
  acc_nonce 0
  balance 1
  code 0
 addr 0x10a1c1cb95c92ec31d3f22c66eef1d9f3f258c6b
  acc_nonce 0
  balance 1000000000000000000
  code 0
 addr 0x13cbb8d99c6c4e0f2728c7d72606e78a29c4e224
  acc_nonce 0
  balance 1000000000000000000
  code 0
 addr 0x24143873e0e0815fdcbcffdbe09c979cbf9ad013
  acc_nonce 0
  balance 1000000000000000000
  code 0
 addr 0x3535353535353535353535353535353535353535
  acc_nonce 0
  balance 2000000000003576936
  code 0
 addr 0x598443f1880ef585b21f1d7585bd0577402861e5
  acc_nonce 0
  balance 1000000000000000000
  code 0
 addr 0x77db2bebba79db42a978f896968f4afce746ea1f
  acc_nonce 0
  balance 1000000000000000000
  code 0
 addr 0x7d577a597b2742b498cb5cf0c26cdcd726d39e6e
  acc_nonce 0
  balance 1000000000000000000
  code 0
 addr 0x82a978b3f5962a5b0957d9ee9eef472ee55b42f1
  acc_nonce 16
  balance 999999999996423064
  code 0
 addr 0x90f0b1ebbba1c1936aff7aaf20a7878ff9e04b6c
  acc_nonce 0
  balance 1000000000000000000
  code 0
 addr 0xc305c901078781c232a2a521c2af7980f8385ee9
  acc_nonce 1
  balance 0
  code 301 96 0 53 96 28 82 116 1 0 0 0 0 0 0 0 0 0 0 0 0 0 0 0 0 0 0 0 0 96 32 82 111 255 255 255 255 255 255 255 255 255 255 255 255 255 255 255 255 96 64 82 127 255 255 255 255 255 255 255 255 255 255 255 255 255 255 255 255 0 0 0 0 0 0 0 0 0 0 0 0 0 0 0 1 96 96 82 116 2 84 11 227 255 255 255 255 255 255 255 255 255 255 255 255 253 171 244 28 0 96 128 82 127 255 255 255 255 255 255 255 255 255 255 255 253 171 244 28 0 0 0 0 0 0 0 0 0 0 0 0 2 84 11 228 0 96 160 82 99 48 200 209 218 96 0 81 20 21 97 1 44 87 97 7 128 96 4 53 96 4 1 53 17 21 21 88 87 96 4 53 96 4 1 53 96 32 1 96 4 53 96 4 1 97 1 64 55 96 32 97 9 32 97 1 64 81 97 1 96 96 0 96 8 99 5 245 224 255 241 21 88 87 96 32 97 9 0 82 97 9 0 96 64 128 97 9 96 130 132 96 0 96 4 96 24 241 80 80 80 97 9 96 128 81 96 32 130 1 32 144 80 96 0 85 97 9 96 96 32 96 32 130 3 82 96 64 129 81 1 96 32 96 1 130 3 6 96 31 130 1 3 144 80 96 32 130 3 243 80 0 91
   kv 0x0000000000000000000000000000000000000000000000000000000000000000 0xb10e2d527612073b26eecdfd717e6a320cf44b4afac2b0732d9fcbe2b7fa0cf6
 addr 0xdceceaf3fc5c0a63d195d69b1a90011b7b19650d
  acc_nonce 0
  balance 1000000000000000000
  code 0
 addr 0xe0fc04fa2d34a66b779fd5cee748268032a146c0
  acc_nonce 0
  balance 1000000000000000000
  code 0
blocks
 block 0
  coinbase 0x3535353535353535353535353535353535353535
  height 1
  difficulty 131072
  gaslimit 100097655
  timestamp 1000
  tx 0
   from 0x82a978b3f5962a5b0957d9ee9eef472ee55b42f1
   nonce 15
   to 0xc305c901078781c232a2a521c2af7980f8385ee9
   value 0
   gasprice 1
   gas 110000
   data 452 48 200 209 218 0 0 0 0 0 0 0 0 0 0 0 0 0 0 0 0 0 0 0 0 0 0 0 0 0 0 0 0 0 0 0 32 0 0 0 0 0 0 0 0 0 0 0 0 0 0 0 0 0 0 0 0 0 0 0 0 0 0 0 0 0 0 1 128 16 84 86 163 51 230 214 54 133 79 152 126 167 187 113 61 253 10 232 55 26 114 174 163 19 174 12 50 192 191 16 22 12 240 49 212 27 65 85 127 62 126 59 160 197 27 235 229 218 142 110 205 133 94 197 15 200 126 252 222 172 22 139 204 4 118 190 9 58 109 43 75 191 144 113 114 4 152 116 175 17 225 182 38 118 6 224 8 4 211 255 0 55 236 87 253 48 16 198 140 181 1 97 183 209 217 107 183 30 223 236 152 128 23 25 84 229 104 113 171 243 217 60 201 77 116 95 161 20 192 89 215 78 91 108 78 193 74 229 134 78 190 35 167 23 129 216 108 41 251 143 182 204 233 79 112 211 222 122 33 1 179 52 97 243 157 158 136 125 187 16 15 23 10 35 69 221 227 192 126 37 109 29 250 43 101 123 165 205 3 4 39 0 0 0 0 0 0 0 0 0 0 0 0 0 0 0 0 0 0 0 0 0 0 0 0 0 0 0 0 0 0 0 1 0 0 0 0 0 0 0 0 0 0 0 0 0 0 0 0 0 0 0 0 0 0 0 0 0 0 0 0 0 0 0 2 26 44 48 19 210 234 146 225 60 128 12 222 104 239 86 162 148 184 131 246 172 53 210 95 88 124 9 177 179 198 53 247 41 1 88 168 12 211 214 101 48 247 77 201 76 148 173 184 143 92 219 72 26 204 169 151 182 230 0 113 240 138 17 95 47 153 127 61 189 102 167 175 224 127 231 134 44 226 57 237 186 158 5 197 175 255 127 138 18 89 201 115 59 45 251 185 41 209 105 21 48 202 112 27 74 16 96 84 104 135 40 201 151 44 133 18 233 120 158 149 103 170 226 62 48 44 205 117
test ecpairing_two_point_match_4_d0g3v0_Istanbul
pre
 addr 0x0000000000000000000000000000000000000001
  acc_nonce 0
  balance 1
  code 0
 addr 0x0000000000000000000000000000000000000002
  acc_nonce 0
  balance 1
  code 0
 addr 0x0000000000000000000000000000000000000003
  acc_nonce 0
  balance 1
  code 0
 addr 0x0000000000000000000000000000000000000004
  acc_nonce 0
  balance 1
  code 0
 addr 0x0000000000000000000000000000000000000005
  acc_nonce 0
  balance 1
  code 0
 addr 0x0000000000000000000000000000000000000006
  acc_nonce 0
  balance 1
  code 0
 addr 0x0000000000000000000000000000000000000007
  acc_nonce 0
  balance 1
  code 0
 addr 0x0000000000000000000000000000000000000008
  acc_nonce 0
  balance 1
  code 0
 addr 0x10a1c1cb95c92ec31d3f22c66eef1d9f3f258c6b
  acc_nonce 0
  balance 1000000000000000000
  code 0
 addr 0x13cbb8d99c6c4e0f2728c7d72606e78a29c4e224
  acc_nonce 0
  balance 1000000000000000000
  code 0
 addr 0x24143873e0e0815fdcbcffdbe09c979cbf9ad013
  acc_nonce 0
  balance 1000000000000000000
  code 0
 addr 0x3535353535353535353535353535353535353535
  acc_nonce 0
  balance 3466936
  code 0
 addr 0x598443f1880ef585b21f1d7585bd0577402861e5
  acc_nonce 0
  balance 1000000000000000000
  code 0
 addr 0x77db2bebba79db42a978f896968f4afce746ea1f
  acc_nonce 0
  balance 1000000000000000000
  code 0
 addr 0x7d577a597b2742b498cb5cf0c26cdcd726d39e6e
  acc_nonce 0
  balance 1000000000000000000
  code 0
 addr 0x82a978b3f5962a5b0957d9ee9eef472ee55b42f1
  acc_nonce 15
  balance 999999999996533064
  code 0
 addr 0x90f0b1ebbba1c1936aff7aaf20a7878ff9e04b6c
  acc_nonce 0
  balance 1000000000000000000
  code 0
 addr 0xc305c901078781c232a2a521c2af7980f8385ee9
  acc_nonce 1
  balance 0
  code 301 96 0 53 96 28 82 116 1 0 0 0 0 0 0 0 0 0 0 0 0 0 0 0 0 0 0 0 0 96 32 82 111 255 255 255 255 255 255 255 255 255 255 255 255 255 255 255 255 96 64 82 127 255 255 255 255 255 255 255 255 255 255 255 255 255 255 255 255 0 0 0 0 0 0 0 0 0 0 0 0 0 0 0 1 96 96 82 116 2 84 11 227 255 255 255 255 255 255 255 255 255 255 255 255 253 171 244 28 0 96 128 82 127 255 255 255 255 255 255 255 255 255 255 255 253 171 244 28 0 0 0 0 0 0 0 0 0 0 0 0 2 84 11 228 0 96 160 82 99 48 200 209 218 96 0 81 20 21 97 1 44 87 97 7 128 96 4 53 96 4 1 53 17 21 21 88 87 96 4 53 96 4 1 53 96 32 1 96 4 53 96 4 1 97 1 64 55 96 32 97 9 32 97 1 64 81 97 1 96 96 0 96 8 99 5 245 224 255 241 21 88 87 96 32 97 9 0 82 97 9 0 96 64 128 97 9 96 130 132 96 0 96 4 96 24 241 80 80 80 97 9 96 128 81 96 32 130 1 32 144 80 96 0 85 97 9 96 96 32 96 32 130 3 82 96 64 129 81 1 96 32 96 1 130 3 6 96 31 130 1 3 144 80 96 32 130 3 243 80 0 91
   kv 0x0000000000000000000000000000000000000000000000000000000000000000 0xb10e2d527612073b26eecdfd717e6a320cf44b4afac2b0732d9fcbe2b7fa0cf6
 addr 0xdceceaf3fc5c0a63d195d69b1a90011b7b19650d
  acc_nonce 0
  balance 1000000000000000000
  code 0
 addr 0xe0fc04fa2d34a66b779fd5cee748268032a146c0
  acc_nonce 0
  balance 1000000000000000000
  code 0
post
 addr 0x0000000000000000000000000000000000000001
  acc_nonce 0
  balance 1
  code 0
 addr 0x0000000000000000000000000000000000000002
  acc_nonce 0
  balance 1
  code 0
 addr 0x0000000000000000000000000000000000000003
  acc_nonce 0
  balance 1
  code 0
 addr 0x0000000000000000000000000000000000000004
  acc_nonce 0
  balance 1
  code 0
 addr 0x0000000000000000000000000000000000000005
  acc_nonce 0
  balance 1
  code 0
 addr 0x0000000000000000000000000000000000000006
  acc_nonce 0
  balance 1
  code 0
 addr 0x0000000000000000000000000000000000000007
  acc_nonce 0
  balance 1
  code 0
 addr 0x0000000000000000000000000000000000000008
  acc_nonce 0
  balance 1
  code 0
 addr 0x10a1c1cb95c92ec31d3f22c66eef1d9f3f258c6b
  acc_nonce 0
  balance 1000000000000000000
  code 0
 addr 0x13cbb8d99c6c4e0f2728c7d72606e78a29c4e224
  acc_nonce 0
  balance 1000000000000000000
  code 0
 addr 0x24143873e0e0815fdcbcffdbe09c979cbf9ad013
  acc_nonce 0
  balance 1000000000000000000
  code 0
 addr 0x3535353535353535353535353535353535353535
  acc_nonce 0
  balance 2000000000003609549
  code 0
 addr 0x598443f1880ef585b21f1d7585bd0577402861e5
  acc_nonce 0
  balance 1000000000000000000
  code 0
 addr 0x77db2bebba79db42a978f896968f4afce746ea1f
  acc_nonce 0
  balance 1000000000000000000
  code 0
 addr 0x7d577a597b2742b498cb5cf0c26cdcd726d39e6e
  acc_nonce 0
  balance 1000000000000000000
  code 0
 addr 0x82a978b3f5962a5b0957d9ee9eef472ee55b42f1
  acc_nonce 16
  balance 999999999996390451
  code 0
 addr 0x90f0b1ebbba1c1936aff7aaf20a7878ff9e04b6c
  acc_nonce 0
  balance 1000000000000000000
  code 0
 addr 0xc305c901078781c232a2a521c2af7980f8385ee9
  acc_nonce 1
  balance 0
  code 301 96 0 53 96 28 82 116 1 0 0 0 0 0 0 0 0 0 0 0 0 0 0 0 0 0 0 0 0 96 32 82 111 255 255 255 255 255 255 255 255 255 255 255 255 255 255 255 255 96 64 82 127 255 255 255 255 255 255 255 255 255 255 255 255 255 255 255 255 0 0 0 0 0 0 0 0 0 0 0 0 0 0 0 1 96 96 82 116 2 84 11 227 255 255 255 255 255 255 255 255 255 255 255 255 253 171 244 28 0 96 128 82 127 255 255 255 255 255 255 255 255 255 255 255 253 171 244 28 0 0 0 0 0 0 0 0 0 0 0 0 2 84 11 228 0 96 160 82 99 48 200 209 218 96 0 81 20 21 97 1 44 87 97 7 128 96 4 53 96 4 1 53 17 21 21 88 87 96 4 53 96 4 1 53 96 32 1 96 4 53 96 4 1 97 1 64 55 96 32 97 9 32 97 1 64 81 97 1 96 96 0 96 8 99 5 245 224 255 241 21 88 87 96 32 97 9 0 82 97 9 0 96 64 128 97 9 96 130 132 96 0 96 4 96 24 241 80 80 80 97 9 96 128 81 96 32 130 1 32 144 80 96 0 85 97 9 96 96 32 96 32 130 3 82 96 64 129 81 1 96 32 96 1 130 3 6 96 31 130 1 3 144 80 96 32 130 3 243 80 0 91
   kv 0x0000000000000000000000000000000000000000000000000000000000000000 0xb10e2d527612073b26eecdfd717e6a320cf44b4afac2b0732d9fcbe2b7fa0cf6
 addr 0xdceceaf3fc5c0a63d195d69b1a90011b7b19650d
  acc_nonce 0
  balance 1000000000000000000
  code 0
 addr 0xe0fc04fa2d34a66b779fd5cee748268032a146c0
  acc_nonce 0
  balance 1000000000000000000
  code 0
blocks
 block 0
  coinbase 0x3535353535353535353535353535353535353535
  height 1
  difficulty 131072
  gaslimit 100097655
  timestamp 1000
  tx 0
   from 0x82a978b3f5962a5b0957d9ee9eef472ee55b42f1
   nonce 15
   to 0xc305c901078781c232a2a521c2af7980f8385ee9
   value 0
   gasprice 1
   gas 200000
   data 452 48 200 209 218 0 0 0 0 0 0 0 0 0 0 0 0 0 0 0 0 0 0 0 0 0 0 0 0 0 0 0 0 0 0 0 32 0 0 0 0 0 0 0 0 0 0 0 0 0 0 0 0 0 0 0 0 0 0 0 0 0 0 0 0 0 0 1 128 16 84 86 163 51 230 214 54 133 79 152 126 167 187 113 61 253 10 232 55 26 114 174 163 19 174 12 50 192 191 16 22 12 240 49 212 27 65 85 127 62 126 59 160 197 27 235 229 218 142 110 205 133 94 197 15 200 126 252 222 172 22 139 204 4 118 190 9 58 109 43 75 191 144 113 114 4 152 116 175 17 225 182 38 118 6 224 8 4 211 255 0 55 236 87 253 48 16 198 140 181 1 97 183 209 217 107 183 30 223 236 152 128 23 25 84 229 104 113 171 243 217 60 201 77 116 95 161 20 192 89 215 78 91 108 78 193 74 229 134 78 190 35 167 23 129 216 108 41 251 143 182 204 233 79 112 211 222 122 33 1 179 52 97 243 157 158 136 125 187 16 15 23 10 35 69 221 227 192 126 37 109 29 250 43 101 123 165 205 3 4 39 0 0 0 0 0 0 0 0 0 0 0 0 0 0 0 0 0 0 0 0 0 0 0 0 0 0 0 0 0 0 0 1 0 0 0 0 0 0 0 0 0 0 0 0 0 0 0 0 0 0 0 0 0 0 0 0 0 0 0 0 0 0 0 2 26 44 48 19 210 234 146 225 60 128 12 222 104 239 86 162 148 184 131 246 172 53 210 95 88 124 9 177 179 198 53 247 41 1 88 168 12 211 214 101 48 247 77 201 76 148 173 184 143 92 219 72 26 204 169 151 182 230 0 113 240 138 17 95 47 153 127 61 189 102 167 175 224 127 231 134 44 226 57 237 186 158 5 197 175 255 127 138 18 89 201 115 59 45 251 185 41 209 105 21 48 202 112 27 74 16 96 84 104 135 40 201 151 44 133 18 233 120 158 149 103 170 226 62 48 44 205 117
