test pointMulAdd_d0g0v0_Istanbul
pre
 addr 0xa94f5374fce5edbc8e2a8697c15331677e6ebf0b
  acc_nonce 1
  balance 1000000000000000000
  code 0
 addr 0xb94f5374fce5edbc8e2a8697c15331677e6ebf0b
  acc_nonce 0
  balance 0
  code 133 96 0 53 96 0 82 96 32 53 96 32 82 96 64 53 96 64 82 96 96 53 96 96 82 96 128 53 96 128 82 96 160 53 96 160 82 96 192 53 96 192 82 96 64 97 1 44 96 128 96 0 96 0 96 6 98 7 161 32 242 96 0 85 96 64 97 1 144 96 96 96 128 96 0 96 7 98 7 161 32 242 96 1 85 97 1 44 81 96 10 85 97 1 76 81 96 11 85 97 1 144 81 96 20 85 97 1 176 81 96 21 85 96 20 84 96 10 84 20 96 2 85 96 21 84 96 11 84 20 96 3 85 0
post
 addr 0x68795c4aa09d6f4ed3e5deddf8c2ad3049a601da
  acc_nonce 0
  balance 2000000000000195199
  code 0
 addr 0xa94f5374fce5edbc8e2a8697c15331677e6ebf0b
  acc_nonce 2
  balance 999999999999804801
  code 0
 addr 0xb94f5374fce5edbc8e2a8697c15331677e6ebf0b
  acc_nonce 0
  balance 0
  code 133 96 0 53 96 0 82 96 32 53 96 32 82 96 64 53 96 64 82 96 96 53 96 96 82 96 128 53 96 128 82 96 160 53 96 160 82 96 192 53 96 192 82 96 64 97 1 44 96 128 96 0 96 0 96 6 98 7 161 32 242 96 0 85 96 64 97 1 144 96 96 96 128 96 0 96 7 98 7 161 32 242 96 1 85 97 1 44 81 96 10 85 97 1 76 81 96 11 85 97 1 144 81 96 20 85 97 1 176 81 96 21 85 96 20 84 96 10 84 20 96 2 85 96 21 84 96 11 84 20 96 3 85 0
   kv 0x0000000000000000000000000000000000000000000000000000000000000000 0x0000000000000000000000000000000000000000000000000000000000000001
   kv 0x0000000000000000000000000000000000000000000000000000000000000001 0x0000000000000000000000000000000000000000000000000000000000000001
   kv 0x0000000000000000000000000000000000000000000000000000000000000002 0x0000000000000000000000000000000000000000000000000000000000000001
   kv 0x0000000000000000000000000000000000000000000000000000000000000003 0x0000000000000000000000000000000000000000000000000000000000000001
   kv 0x000000000000000000000000000000000000000000000000000000000000000a 0x1de49a4b0233273bba8146af82042d004f2085ec982397db0d97da17204cc286
   kv 0x000000000000000000000000000000000000000000000000000000000000000b 0x0217327ffc463919bef80cc166d09c6172639d8589799928761bcd9f22c903d4
   kv 0x0000000000000000000000000000000000000000000000000000000000000014 0x1de49a4b0233273bba8146af82042d004f2085ec982397db0d97da17204cc286
   kv 0x0000000000000000000000000000000000000000000000000000000000000015 0x0217327ffc463919bef80cc166d09c6172639d8589799928761bcd9f22c903d4
blocks
 block 0
  coinbase 0x68795c4aa09d6f4ed3e5deddf8c2ad3049a601da
  height 1
  difficulty 131072
  gaslimit 4015931
  timestamp 1000
  tx 0
   from 0xa94f5374fce5edbc8e2a8697c15331677e6ebf0b
   nonce 1
   to 0xb94f5374fce5edbc8e2a8697c15331677e6ebf0b
   value 0
   gasprice 1
   gas 2000000
   data 224 15 37 146 155 203 67 213 165 115 145 86 70 21 201 231 10 153 43 16 234 250 77 177 9 112 150 73 207 72 197 13 210 22 218 47 92 182 190 122 10 167 44 68 12 83 201 187 223 236 108 54 199 213 21 83 100 49 179 168 101 70 138 203 186 15 37 146 155 203 67 213 165 115 145 86 70 21 201 231 10 153 43 16 234 250 77 177 9 112 150 73 207 72 197 13 210 22 218 47 92 182 190 122 10 167 44 68 12 83 201 187 223 236 108 54 199 213 21 83 100 49 179 168 101 70 138 203 186 15 37 146 155 203 67 213 165 115 145 86 70 21 201 231 10 153 43 16 234 250 77 177 9 112 150 73 207 72 197 13 210 22 218 47 92 182 190 122 10 167 44 68 12 83 201 187 223 236 108 54 199 213 21 83 100 49 179 168 101 70 138 203 186 0 0 0 0 0 0 0 0 0 0 0 0 0 0 0 0 0 0 0 0 0 0 0 0 0 0 0 0 0 0 0 2
test pointMulAdd_d0g1v0_Istanbul
pre
 addr 0xa94f5374fce5edbc8e2a8697c15331677e6ebf0b
  acc_nonce 1
  balance 1000000000000000000
  code 0
 addr 0xb94f5374fce5edbc8e2a8697c15331677e6ebf0b
  acc_nonce 0
  balance 0
  code 133 96 0 53 96 0 82 96 32 53 96 32 82 96 64 53 96 64 82 96 96 53 96 96 82 96 128 53 96 128 82 96 160 53 96 160 82 96 192 53 96 192 82 96 64 97 1 44 96 128 96 0 96 0 96 6 98 7 161 32 242 96 0 85 96 64 97 1 144 96 96 96 128 96 0 96 7 98 7 161 32 242 96 1 85 97 1 44 81 96 10 85 97 1 76 81 96 11 85 97 1 144 81 96 20 85 97 1 176 81 96 21 85 96 20 84 96 10 84 20 96 2 85 96 21 84 96 11 84 20 96 3 85 0
post
 addr 0x68795c4aa09d6f4ed3e5deddf8c2ad3049a601da
  acc_nonce 0
  balance 2000000000000090000
  code 0
 addr 0xa94f5374fce5edbc8e2a8697c15331677e6ebf0b
  acc_nonce 2
  balance 999999999999910000
  code 0
 addr 0xb94f5374fce5edbc8e2a8697c15331677e6ebf0b
  acc_nonce 0
  balance 0
  code 133 96 0 53 96 0 82 96 32 53 96 32 82 96 64 53 96 64 82 96 96 53 96 96 82 96 128 53 96 128 82 96 160 53 96 160 82 96 192 53 96 192 82 96 64 97 1 44 96 128 96 0 96 0 96 6 98 7 161 32 242 96 0 85 96 64 97 1 144 96 96 96 128 96 0 96 7 98 7 161 32 242 96 1 85 97 1 44 81 96 10 85 97 1 76 81 96 11 85 97 1 144 81 96 20 85 97 1 176 81 96 21 85 96 20 84 96 10 84 20 96 2 85 96 21 84 96 11 84 20 96 3 85 0
blocks
 block 0
  coinbase 0x68795c4aa09d6f4ed3e5deddf8c2ad3049a601da
  height 1
  difficulty 131072
  gaslimit 4015931
  timestamp 1000
  tx 0
   from 0xa94f5374fce5edbc8e2a8697c15331677e6ebf0b
   nonce 1
   to 0xb94f5374fce5edbc8e2a8697c15331677e6ebf0b
   value 0
   gasprice 1
   gas 90000
   data 224 15 37 146 155 203 67 213 165 115 145 86 70 21 201 231 10 153 43 16 234 250 77 177 9 112 150 73 207 72 197 13 210 22 218 47 92 182 190 122 10 167 44 68 12 83 201 187 223 236 108 54 199 213 21 83 100 49 179 168 101 70 138 203 186 15 37 146 155 203 67 213 165 115 145 86 70 21 201 231 10 153 43 16 234 250 77 177 9 112 150 73 207 72 197 13 210 22 218 47 92 182 190 122 10 167 44 68 12 83 201 187 223 236 108 54 199 213 21 83 100 49 179 168 101 70 138 203 186 15 37 146 155 203 67 213 165 115 145 86 70 21 201 231 10 153 43 16 234 250 77 177 9 112 150 73 207 72 197 13 210 22 218 47 92 182 190 122 10 167 44 68 12 83 201 187 223 236 108 54 199 213 21 83 100 49 179 168 101 70 138 203 186 0 0 0 0 0 0 0 0 0 0 0 0 0 0 0 0 0 0 0 0 0 0 0 0 0 0 0 0 0 0 0 2
test pointMulAdd_d0g2v0_Istanbul
pre
 addr 0xa94f5374fce5edbc8e2a8697c15331677e6ebf0b
  acc_nonce 1
  balance 1000000000000000000
  code 0
 addr 0xb94f5374fce5edbc8e2a8697c15331677e6ebf0b
  acc_nonce 0
  balance 0
  code 133 96 0 53 96 0 82 96 32 53 96 32 82 96 64 53 96 64 82 96 96 53 96 96 82 96 128 53 96 128 82 96 160 53 96 160 82 96 192 53 96 192 82 96 64 97 1 44 96 128 96 0 96 0 96 6 98 7 161 32 242 96 0 85 96 64 97 1 144 96 96 96 128 96 0 96 7 98 7 161 32 242 96 1 85 97 1 44 81 96 10 85 97 1 76 81 96 11 85 97 1 144 81 96 20 85 97 1 176 81 96 21 85 96 20 84 96 10 84 20 96 2 85 96 21 84 96 11 84 20 96 3 85 0
post
 addr 0x68795c4aa09d6f4ed3e5deddf8c2ad3049a601da
  acc_nonce 0
  balance 2000000000000110000
  code 0
 addr 0xa94f5374fce5edbc8e2a8697c15331677e6ebf0b
  acc_nonce 2
  balance 999999999999890000
  code 0
 addr 0xb94f5374fce5edbc8e2a8697c15331677e6ebf0b
  acc_nonce 0
  balance 0
  code 133 96 0 53 96 0 82 96 32 53 96 32 82 96 64 53 96 64 82 96 96 53 96 96 82 96 128 53 96 128 82 96 160 53 96 160 82 96 192 53 96 192 82 96 64 97 1 44 96 128 96 0 96 0 96 6 98 7 161 32 242 96 0 85 96 64 97 1 144 96 96 96 128 96 0 96 7 98 7 161 32 242 96 1 85 97 1 44 81 96 10 85 97 1 76 81 96 11 85 97 1 144 81 96 20 85 97 1 176 81 96 21 85 96 20 84 96 10 84 20 96 2 85 96 21 84 96 11 84 20 96 3 85 0
blocks
 block 0
  coinbase 0x68795c4aa09d6f4ed3e5deddf8c2ad3049a601da
  height 1
  difficulty 131072
  gaslimit 4015931
  timestamp 1000
  tx 0
   from 0xa94f5374fce5edbc8e2a8697c15331677e6ebf0b
   nonce 1
   to 0xb94f5374fce5edbc8e2a8697c15331677e6ebf0b
   value 0
   gasprice 1
   gas 110000
   data 224 15 37 146 155 203 67 213 165 115 145 86 70 21 201 231 10 153 43 16 234 250 77 177 9 112 150 73 207 72 197 13 210 22 218 47 92 182 190 122 10 167 44 68 12 83 201 187 223 236 108 54 199 213 21 83 100 49 179 168 101 70 138 203 186 15 37 146 155 203 67 213 165 115 145 86 70 21 201 231 10 153 43 16 234 250 77 177 9 112 150 73 207 72 197 13 210 22 218 47 92 182 190 122 10 167 44 68 12 83 201 187 223 236 108 54 199 213 21 83 100 49 179 168 101 70 138 203 186 15 37 146 155 203 67 213 165 115 145 86 70 21 201 231 10 153 43 16 234 250 77 177 9 112 150 73 207 72 197 13 210 22 218 47 92 182 190 122 10 167 44 68 12 83 201 187 223 236 108 54 199 213 21 83 100 49 179 168 101 70 138 203 186 0 0 0 0 0 0 0 0 0 0 0 0 0 0 0 0 0 0 0 0 0 0 0 0 0 0 0 0 0 0 0 2
test pointMulAdd_d0g3v0_Istanbul
pre
 addr 0xa94f5374fce5edbc8e2a8697c15331677e6ebf0b
  acc_nonce 1
  balance 1000000000000000000
  code 0
 addr 0xb94f5374fce5edbc8e2a8697c15331677e6ebf0b
  acc_nonce 0
  balance 0
  code 133 96 0 53 96 0 82 96 32 53 96 32 82 96 64 53 96 64 82 96 96 53 96 96 82 96 128 53 96 128 82 96 160 53 96 160 82 96 192 53 96 192 82 96 64 97 1 44 96 128 96 0 96 0 96 6 98 7 161 32 242 96 0 85 96 64 97 1 144 96 96 96 128 96 0 96 7 98 7 161 32 242 96 1 85 97 1 44 81 96 10 85 97 1 76 81 96 11 85 97 1 144 81 96 20 85 97 1 176 81 96 21 85 96 20 84 96 10 84 20 96 2 85 96 21 84 96 11 84 20 96 3 85 0
post
 addr 0x68795c4aa09d6f4ed3e5deddf8c2ad3049a601da
  acc_nonce 0
  balance 2000000000000192000
  code 0
 addr 0xa94f5374fce5edbc8e2a8697c15331677e6ebf0b
  acc_nonce 2
  balance 999999999999808000
  code 0
 addr 0xb94f5374fce5edbc8e2a8697c15331677e6ebf0b
  acc_nonce 0
  balance 0
  code 133 96 0 53 96 0 82 96 32 53 96 32 82 96 64 53 96 64 82 96 96 53 96 96 82 96 128 53 96 128 82 96 160 53 96 160 82 96 192 53 96 192 82 96 64 97 1 44 96 128 96 0 96 0 96 6 98 7 161 32 242 96 0 85 96 64 97 1 144 96 96 96 128 96 0 96 7 98 7 161 32 242 96 1 85 97 1 44 81 96 10 85 97 1 76 81 96 11 85 97 1 144 81 96 20 85 97 1 176 81 96 21 85 96 20 84 96 10 84 20 96 2 85 96 21 84 96 11 84 20 96 3 85 0
blocks
 block 0
  coinbase 0x68795c4aa09d6f4ed3e5deddf8c2ad3049a601da
  height 1
  difficulty 131072
  gaslimit 4015931
  timestamp 1000
  tx 0
   from 0xa94f5374fce5edbc8e2a8697c15331677e6ebf0b
   nonce 1
   to 0xb94f5374fce5edbc8e2a8697c15331677e6ebf0b
   value 0
   gasprice 1
   gas 192000
   data 224 15 37 146 155 203 67 213 165 115 145 86 70 21 201 231 10 153 43 16 234 250 77 177 9 112 150 73 207 72 197 13 210 22 218 47 92 182 190 122 10 167 44 68 12 83 201 187 223 236 108 54 199 213 21 83 100 49 179 168 101 70 138 203 186 15 37 146 155 203 67 213 165 115 145 86 70 21 201 231 10 153 43 16 234 250 77 177 9 112 150 73 207 72 197 13 210 22 218 47 92 182 190 122 10 167 44 68 12 83 201 187 223 236 108 54 199 213 21 83 100 49 179 168 101 70 138 203 186 15 37 146 155 203 67 213 165 115 145 86 70 21 201 231 10 153 43 16 234 250 77 177 9 112 150 73 207 72 197 13 210 22 218 47 92 182 190 122 10 167 44 68 12 83 201 187 223 236 108 54 199 213 21 83 100 49 179 168 101 70 138 203 186 0 0 0 0 0 0 0 0 0 0 0 0 0 0 0 0 0 0 0 0 0 0 0 0 0 0 0 0 0 0 0 2
test pointMulAdd_d1g0v0_Istanbul
pre
 addr 0xa94f5374fce5edbc8e2a8697c15331677e6ebf0b
  acc_nonce 1
  balance 1000000000000000000
  code 0
 addr 0xb94f5374fce5edbc8e2a8697c15331677e6ebf0b
  acc_nonce 0
  balance 0
  code 133 96 0 53 96 0 82 96 32 53 96 32 82 96 64 53 96 64 82 96 96 53 96 96 82 96 128 53 96 128 82 96 160 53 96 160 82 96 192 53 96 192 82 96 64 97 1 44 96 128 96 0 96 0 96 6 98 7 161 32 242 96 0 85 96 64 97 1 144 96 96 96 128 96 0 96 7 98 7 161 32 242 96 1 85 97 1 44 81 96 10 85 97 1 76 81 96 11 85 97 1 144 81 96 20 85 97 1 176 81 96 21 85 96 20 84 96 10 84 20 96 2 85 96 21 84 96 11 84 20 96 3 85 0
post
 addr 0x68795c4aa09d6f4ed3e5deddf8c2ad3049a601da
  acc_nonce 0
  balance 2000000000000195187
  code 0
 addr 0xa94f5374fce5edbc8e2a8697c15331677e6ebf0b
  acc_nonce 2
  balance 999999999999804813
  code 0
 addr 0xb94f5374fce5edbc8e2a8697c15331677e6ebf0b
  acc_nonce 0
  balance 0
  code 133 96 0 53 96 0 82 96 32 53 96 32 82 96 64 53 96 64 82 96 96 53 96 96 82 96 128 53 96 128 82 96 160 53 96 160 82 96 192 53 96 192 82 96 64 97 1 44 96 128 96 0 96 0 96 6 98 7 161 32 242 96 0 85 96 64 97 1 144 96 96 96 128 96 0 96 7 98 7 161 32 242 96 1 85 97 1 44 81 96 10 85 97 1 76 81 96 11 85 97 1 144 81 96 20 85 97 1 176 81 96 21 85 96 20 84 96 10 84 20 96 2 85 96 21 84 96 11 84 20 96 3 85 0
   kv 0x0000000000000000000000000000000000000000000000000000000000000000 0x0000000000000000000000000000000000000000000000000000000000000001
   kv 0x0000000000000000000000000000000000000000000000000000000000000001 0x0000000000000000000000000000000000000000000000000000000000000001
   kv 0x0000000000000000000000000000000000000000000000000000000000000002 0x0000000000000000000000000000000000000000000000000000000000000001
   kv 0x0000000000000000000000000000000000000000000000000000000000000003 0x0000000000000000000000000000000000000000000000000000000000000001
   kv 0x000000000000000000000000000000000000000000000000000000000000000a 0x1f4d1d80177b1377743d1901f70d7389be7f7a35a35bfd234a8aaee615b88c49
   kv 0x000000000000000000000000000000000000000000000000000000000000000b 0x018683193ae021a2f8920fed186cde5d9b1365116865281ccf884c1f28b1df8f
   kv 0x0000000000000000000000000000000000000000000000000000000000000014 0x1f4d1d80177b1377743d1901f70d7389be7f7a35a35bfd234a8aaee615b88c49
   kv 0x0000000000000000000000000000000000000000000000000000000000000015 0x018683193ae021a2f8920fed186cde5d9b1365116865281ccf884c1f28b1df8f
blocks
 block 0
  coinbase 0x68795c4aa09d6f4ed3e5deddf8c2ad3049a601da
  height 1
  difficulty 131072
  gaslimit 4015931
  timestamp 1000
  tx 0
   from 0xa94f5374fce5edbc8e2a8697c15331677e6ebf0b
   nonce 1
   to 0xb94f5374fce5edbc8e2a8697c15331677e6ebf0b
   value 0
   gasprice 1
   gas 2000000
   data 224 29 228 154 75 2 51 39 59 186 129 70 175 130 4 45 0 79 32 133 236 152 35 151 219 13 151 218 23 32 76 194 134 2 23 50 127 252 70 57 25 190 248 12 193 102 208 156 97 114 99 157 133 137 121 153 40 118 27 205 159 34 201 3 212 15 37 146 155 203 67 213 165 115 145 86 70 21 201 231 10 153 43 16 234 250 77 177 9 112 150 73 207 72 197 13 210 22 218 47 92 182 190 122 10 167 44 68 12 83 201 187 223 236 108 54 199 213 21 83 100 49 179 168 101 70 138 203 186 15 37 146 155 203 67 213 165 115 145 86 70 21 201 231 10 153 43 16 234 250 77 177 9 112 150 73 207 72 197 13 210 22 218 47 92 182 190 122 10 167 44 68 12 83 201 187 223 236 108 54 199 213 21 83 100 49 179 168 101 70 138 203 186 0 0 0 0 0 0 0 0 0 0 0 0 0 0 0 0 0 0 0 0 0 0 0 0 0 0 0 0 0 0 0 3
test pointMulAdd_d1g1v0_Istanbul
pre
 addr 0xa94f5374fce5edbc8e2a8697c15331677e6ebf0b
  acc_nonce 1
  balance 1000000000000000000
  code 0
 addr 0xb94f5374fce5edbc8e2a8697c15331677e6ebf0b
  acc_nonce 0
  balance 0
  code 133 96 0 53 96 0 82 96 32 53 96 32 82 96 64 53 96 64 82 96 96 53 96 96 82 96 128 53 96 128 82 96 160 53 96 160 82 96 192 53 96 192 82 96 64 97 1 44 96 128 96 0 96 0 96 6 98 7 161 32 242 96 0 85 96 64 97 1 144 96 96 96 128 96 0 96 7 98 7 161 32 242 96 1 85 97 1 44 81 96 10 85 97 1 76 81 96 11 85 97 1 144 81 96 20 85 97 1 176 81 96 21 85 96 20 84 96 10 84 20 96 2 85 96 21 84 96 11 84 20 96 3 85 0
post
 addr 0x68795c4aa09d6f4ed3e5deddf8c2ad3049a601da
  acc_nonce 0
  balance 2000000000000090000
  code 0
 addr 0xa94f5374fce5edbc8e2a8697c15331677e6ebf0b
  acc_nonce 2
  balance 999999999999910000
  code 0
 addr 0xb94f5374fce5edbc8e2a8697c15331677e6ebf0b
  acc_nonce 0
  balance 0
  code 133 96 0 53 96 0 82 96 32 53 96 32 82 96 64 53 96 64 82 96 96 53 96 96 82 96 128 53 96 128 82 96 160 53 96 160 82 96 192 53 96 192 82 96 64 97 1 44 96 128 96 0 96 0 96 6 98 7 161 32 242 96 0 85 96 64 97 1 144 96 96 96 128 96 0 96 7 98 7 161 32 242 96 1 85 97 1 44 81 96 10 85 97 1 76 81 96 11 85 97 1 144 81 96 20 85 97 1 176 81 96 21 85 96 20 84 96 10 84 20 96 2 85 96 21 84 96 11 84 20 96 3 85 0
blocks
 block 0
  coinbase 0x68795c4aa09d6f4ed3e5deddf8c2ad3049a601da
  height 1
  difficulty 131072
  gaslimit 4015931
  timestamp 1000
  tx 0
   from 0xa94f5374fce5edbc8e2a8697c15331677e6ebf0b
   nonce 1
   to 0xb94f5374fce5edbc8e2a8697c15331677e6ebf0b
   value 0
   gasprice 1
   gas 90000
   data 224 29 228 154 75 2 51 39 59 186 129 70 175 130 4 45 0 79 32 133 236 152 35 151 219 13 151 218 23 32 76 194 134 2 23 50 127 252 70 57 25 190 248 12 193 102 208 156 97 114 99 157 133 137 121 153 40 118 27 205 159 34 201 3 212 15 37 146 155 203 67 213 165 115 145 86 70 21 201 231 10 153 43 16 234 250 77 177 9 112 150 73 207 72 197 13 210 22 218 47 92 182 190 122 10 167 44 68 12 83 201 187 223 236 108 54 199 213 21 83 100 49 179 168 101 70 138 203 186 15 37 146 155 203 67 213 165 115 145 86 70 21 201 231 10 153 43 16 234 250 77 177 9 112 150 73 207 72 197 13 210 22 218 47 92 182 190 122 10 167 44 68 12 83 201 187 223 236 108 54 199 213 21 83 100 49 179 168 101 70 138 203 186 0 0 0 0 0 0 0 0 0 0 0 0 0 0 0 0 0 0 0 0 0 0 0 0 0 0 0 0 0 0 0 3
test pointMulAdd_d1g2v0_Istanbul
pre
 addr 0xa94f5374fce5edbc8e2a8697c15331677e6ebf0b
  acc_nonce 1
  balance 1000000000000000000
  code 0
 addr 0xb94f5374fce5edbc8e2a8697c15331677e6ebf0b
  acc_nonce 0
  balance 0
  code 133 96 0 53 96 0 82 96 32 53 96 32 82 96 64 53 96 64 82 96 96 53 96 96 82 96 128 53 96 128 82 96 160 53 96 160 82 96 192 53 96 192 82 96 64 97 1 44 96 128 96 0 96 0 96 6 98 7 161 32 242 96 0 85 96 64 97 1 144 96 96 96 128 96 0 96 7 98 7 161 32 242 96 1 85 97 1 44 81 96 10 85 97 1 76 81 96 11 85 97 1 144 81 96 20 85 97 1 176 81 96 21 85 96 20 84 96 10 84 20 96 2 85 96 21 84 96 11 84 20 96 3 85 0
post
 addr 0x68795c4aa09d6f4ed3e5deddf8c2ad3049a601da
  acc_nonce 0
  balance 2000000000000110000
  code 0
 addr 0xa94f5374fce5edbc8e2a8697c15331677e6ebf0b
  acc_nonce 2
  balance 999999999999890000
  code 0
 addr 0xb94f5374fce5edbc8e2a8697c15331677e6ebf0b
  acc_nonce 0
  balance 0
  code 133 96 0 53 96 0 82 96 32 53 96 32 82 96 64 53 96 64 82 96 96 53 96 96 82 96 128 53 96 128 82 96 160 53 96 160 82 96 192 53 96 192 82 96 64 97 1 44 96 128 96 0 96 0 96 6 98 7 161 32 242 96 0 85 96 64 97 1 144 96 96 96 128 96 0 96 7 98 7 161 32 242 96 1 85 97 1 44 81 96 10 85 97 1 76 81 96 11 85 97 1 144 81 96 20 85 97 1 176 81 96 21 85 96 20 84 96 10 84 20 96 2 85 96 21 84 96 11 84 20 96 3 85 0
blocks
 block 0
  coinbase 0x68795c4aa09d6f4ed3e5deddf8c2ad3049a601da
  height 1
  difficulty 131072
  gaslimit 4015931
  timestamp 1000
  tx 0
   from 0xa94f5374fce5edbc8e2a8697c15331677e6ebf0b
   nonce 1
   to 0xb94f5374fce5edbc8e2a8697c15331677e6ebf0b
   value 0
   gasprice 1
   gas 110000
   data 224 29 228 154 75 2 51 39 59 186 129 70 175 130 4 45 0 79 32 133 236 152 35 151 219 13 151 218 23 32 76 194 134 2 23 50 127 252 70 57 25 190 248 12 193 102 208 156 97 114 99 157 133 137 121 153 40 118 27 205 159 34 201 3 212 15 37 146 155 203 67 213 165 115 145 86 70 21 201 231 10 153 43 16 234 250 77 177 9 112 150 73 207 72 197 13 210 22 218 47 92 182 190 122 10 167 44 68 12 83 201 187 223 236 108 54 199 213 21 83 100 49 179 168 101 70 138 203 186 15 37 146 155 203 67 213 165 115 145 86 70 21 201 231 10 153 43 16 234 250 77 177 9 112 150 73 207 72 197 13 210 22 218 47 92 182 190 122 10 167 44 68 12 83 201 187 223 236 108 54 199 213 21 83 100 49 179 168 101 70 138 203 186 0 0 0 0 0 0 0 0 0 0 0 0 0 0 0 0 0 0 0 0 0 0 0 0 0 0 0 0 0 0 0 3
test pointMulAdd_d1g3v0_Istanbul
pre
 addr 0xa94f5374fce5edbc8e2a8697c15331677e6ebf0b
  acc_nonce 1
  balance 1000000000000000000
  code 0
 addr 0xb94f5374fce5edbc8e2a8697c15331677e6ebf0b
  acc_nonce 0
  balance 0
  code 133 96 0 53 96 0 82 96 32 53 96 32 82 96 64 53 96 64 82 96 96 53 96 96 82 96 128 53 96 128 82 96 160 53 96 160 82 96 192 53 96 192 82 96 64 97 1 44 96 128 96 0 96 0 96 6 98 7 161 32 242 96 0 85 96 64 97 1 144 96 96 96 128 96 0 96 7 98 7 161 32 242 96 1 85 97 1 44 81 96 10 85 97 1 76 81 96 11 85 97 1 144 81 96 20 85 97 1 176 81 96 21 85 96 20 84 96 10 84 20 96 2 85 96 21 84 96 11 84 20 96 3 85 0
post
 addr 0x68795c4aa09d6f4ed3e5deddf8c2ad3049a601da
  acc_nonce 0
  balance 2000000000000192000
  code 0
 addr 0xa94f5374fce5edbc8e2a8697c15331677e6ebf0b
  acc_nonce 2
  balance 999999999999808000
  code 0
 addr 0xb94f5374fce5edbc8e2a8697c15331677e6ebf0b
  acc_nonce 0
  balance 0
  code 133 96 0 53 96 0 82 96 32 53 96 32 82 96 64 53 96 64 82 96 96 53 96 96 82 96 128 53 96 128 82 96 160 53 96 160 82 96 192 53 96 192 82 96 64 97 1 44 96 128 96 0 96 0 96 6 98 7 161 32 242 96 0 85 96 64 97 1 144 96 96 96 128 96 0 96 7 98 7 161 32 242 96 1 85 97 1 44 81 96 10 85 97 1 76 81 96 11 85 97 1 144 81 96 20 85 97 1 176 81 96 21 85 96 20 84 96 10 84 20 96 2 85 96 21 84 96 11 84 20 96 3 85 0
blocks
 block 0
  coinbase 0x68795c4aa09d6f4ed3e5deddf8c2ad3049a601da
  height 1
  difficulty 131072
  gaslimit 4015931
  timestamp 1000
  tx 0
   from 0xa94f5374fce5edbc8e2a8697c15331677e6ebf0b
   nonce 1
   to 0xb94f5374fce5edbc8e2a8697c15331677e6ebf0b
   value 0
   gasprice 1
   gas 192000
   data 224 29 228 154 75 2 51 39 59 186 129 70 175 130 4 45 0 79 32 133 236 152 35 151 219 13 151 218 23 32 76 194 134 2 23 50 127 252 70 57 25 190 248 12 193 102 208 156 97 114 99 157 133 137 121 153 40 118 27 205 159 34 201 3 212 15 37 146 155 203 67 213 165 115 145 86 70 21 201 231 10 153 43 16 234 250 77 177 9 112 150 73 207 72 197 13 210 22 218 47 92 182 190 122 10 167 44 68 12 83 201 187 223 236 108 54 199 213 21 83 100 49 179 168 101 70 138 203 186 15 37 146 155 203 67 213 165 115 145 86 70 21 201 231 10 153 43 16 234 250 77 177 9 112 150 73 207 72 197 13 210 22 218 47 92 182 190 122 10 167 44 68 12 83 201 187 223 236 108 54 199 213 21 83 100 49 179 168 101 70 138 203 186 0 0 0 0 0 0 0 0 0 0 0 0 0 0 0 0 0 0 0 0 0 0 0 0 0 0 0 0 0 0 0 3
test pointMulAdd_d2g0v0_Istanbul
pre
 addr 0xa94f5374fce5edbc8e2a8697c15331677e6ebf0b
  acc_nonce 1
  balance 1000000000000000000
  code 0
 addr 0xb94f5374fce5edbc8e2a8697c15331677e6ebf0b
  acc_nonce 0
  balance 0
  code 133 96 0 53 96 0 82 96 32 53 96 32 82 96 64 53 96 64 82 96 96 53 96 96 82 96 128 53 96 128 82 96 160 53 96 160 82 96 192 53 96 192 82 96 64 97 1 44 96 128 96 0 96 0 96 6 98 7 161 32 242 96 0 85 96 64 97 1 144 96 96 96 128 96 0 96 7 98 7 161 32 242 96 1 85 97 1 44 81 96 10 85 97 1 76 81 96 11 85 97 1 144 81 96 20 85 97 1 176 81 96 21 85 96 20 84 96 10 84 20 96 2 85 96 21 84 96 11 84 20 96 3 85 0
post
 addr 0x68795c4aa09d6f4ed3e5deddf8c2ad3049a601da
  acc_nonce 0
  balance 2000000000000118375
  code 0
 addr 0xa94f5374fce5edbc8e2a8697c15331677e6ebf0b
  acc_nonce 2
  balance 999999999999881625
  code 0
 addr 0xb94f5374fce5edbc8e2a8697c15331677e6ebf0b
  acc_nonce 0
  balance 0
  code 133 96 0 53 96 0 82 96 32 53 96 32 82 96 64 53 96 64 82 96 96 53 96 96 82 96 128 53 96 128 82 96 160 53 96 160 82 96 192 53 96 192 82 96 64 97 1 44 96 128 96 0 96 0 96 6 98 7 161 32 242 96 0 85 96 64 97 1 144 96 96 96 128 96 0 96 7 98 7 161 32 242 96 1 85 97 1 44 81 96 10 85 97 1 76 81 96 11 85 97 1 144 81 96 20 85 97 1 176 81 96 21 85 96 20 84 96 10 84 20 96 2 85 96 21 84 96 11 84 20 96 3 85 0
   kv 0x0000000000000000000000000000000000000000000000000000000000000000 0x0000000000000000000000000000000000000000000000000000000000000001
   kv 0x0000000000000000000000000000000000000000000000000000000000000001 0x0000000000000000000000000000000000000000000000000000000000000001
   kv 0x0000000000000000000000000000000000000000000000000000000000000002 0x0000000000000000000000000000000000000000000000000000000000000001
   kv 0x0000000000000000000000000000000000000000000000000000000000000003 0x0000000000000000000000000000000000000000000000000000000000000001
blocks
 block 0
  coinbase 0x68795c4aa09d6f4ed3e5deddf8c2ad3049a601da
  height 1
  difficulty 131072
  gaslimit 4015931
  timestamp 1000
  tx 0
   from 0xa94f5374fce5edbc8e2a8697c15331677e6ebf0b
   nonce 1
   to 0xb94f5374fce5edbc8e2a8697c15331677e6ebf0b
   value 0
   gasprice 1
   gas 2000000
   data 224 31 77 29 128 23 123 19 119 116 61 25 1 247 13 115 137 190 127 122 53 163 91 253 35 74 138 174 230 21 184 140 73 46 221 203 89 166 81 126 134 191 190 53 201 105 20 121 255 252 110 5 128 0 12 162 112 108 152 63 247 175 203 29 184 31 77 29 128 23 123 19 119 116 61 25 1 247 13 115 137 190 127 122 53 163 91 253 35 74 138 174 230 21 184 140 73 1 134 131 25 58 224 33 162 248 146 15 237 24 108 222 93 155 19 101 17 104 101 40 28 207 136 76 31 40 177 223 143 31 77 29 128 23 123 19 119 116 61 25 1 247 13 115 137 190 127 122 53 163 91 253 35 74 138 174 230 21 184 140 73 1 134 131 25 58 224 33 162 248 146 15 237 24 108 222 93 155 19 101 17 104 101 40 28 207 136 76 31 40 177 223 143 0 0 0 0 0 0 0 0 0 0 0 0 0 0 0 0 0 0 0 0 0 0 0 0 0 0 0 0 0 0 0 0
test pointMulAdd_d2g1v0_Istanbul
pre
 addr 0xa94f5374fce5edbc8e2a8697c15331677e6ebf0b
  acc_nonce 1
  balance 1000000000000000000
  code 0
 addr 0xb94f5374fce5edbc8e2a8697c15331677e6ebf0b
  acc_nonce 0
  balance 0
  code 133 96 0 53 96 0 82 96 32 53 96 32 82 96 64 53 96 64 82 96 96 53 96 96 82 96 128 53 96 128 82 96 160 53 96 160 82 96 192 53 96 192 82 96 64 97 1 44 96 128 96 0 96 0 96 6 98 7 161 32 242 96 0 85 96 64 97 1 144 96 96 96 128 96 0 96 7 98 7 161 32 242 96 1 85 97 1 44 81 96 10 85 97 1 76 81 96 11 85 97 1 144 81 96 20 85 97 1 176 81 96 21 85 96 20 84 96 10 84 20 96 2 85 96 21 84 96 11 84 20 96 3 85 0
post
 addr 0x68795c4aa09d6f4ed3e5deddf8c2ad3049a601da
  acc_nonce 0
  balance 2000000000000090000
  code 0
 addr 0xa94f5374fce5edbc8e2a8697c15331677e6ebf0b
  acc_nonce 2
  balance 999999999999910000
  code 0
 addr 0xb94f5374fce5edbc8e2a8697c15331677e6ebf0b
  acc_nonce 0
  balance 0
  code 133 96 0 53 96 0 82 96 32 53 96 32 82 96 64 53 96 64 82 96 96 53 96 96 82 96 128 53 96 128 82 96 160 53 96 160 82 96 192 53 96 192 82 96 64 97 1 44 96 128 96 0 96 0 96 6 98 7 161 32 242 96 0 85 96 64 97 1 144 96 96 96 128 96 0 96 7 98 7 161 32 242 96 1 85 97 1 44 81 96 10 85 97 1 76 81 96 11 85 97 1 144 81 96 20 85 97 1 176 81 96 21 85 96 20 84 96 10 84 20 96 2 85 96 21 84 96 11 84 20 96 3 85 0
blocks
 block 0
  coinbase 0x68795c4aa09d6f4ed3e5deddf8c2ad3049a601da
  height 1
  difficulty 131072
  gaslimit 4015931
  timestamp 1000
  tx 0
   from 0xa94f5374fce5edbc8e2a8697c15331677e6ebf0b
   nonce 1
   to 0xb94f5374fce5edbc8e2a8697c15331677e6ebf0b
   value 0
   gasprice 1
   gas 90000
   data 224 31 77 29 128 23 123 19 119 116 61 25 1 247 13 115 137 190 127 122 53 163 91 253 35 74 138 174 230 21 184 140 73 46 221 203 89 166 81 126 134 191 190 53 201 105 20 121 255 252 110 5 128 0 12 162 112 108 152 63 247 175 203 29 184 31 77 29 128 23 123 19 119 116 61 25 1 247 13 115 137 190 127 122 53 163 91 253 35 74 138 174 230 21 184 140 73 1 134 131 25 58 224 33 162 248 146 15 237 24 108 222 93 155 19 101 17 104 101 40 28 207 136 76 31 40 177 223 143 31 77 29 128 23 123 19 119 116 61 25 1 247 13 115 137 190 127 122 53 163 91 253 35 74 138 174 230 21 184 140 73 1 134 131 25 58 224 33 162 248 146 15 237 24 108 222 93 155 19 101 17 104 101 40 28 207 136 76 31 40 177 223 143 0 0 0 0 0 0 0 0 0 0 0 0 0 0 0 0 0 0 0 0 0 0 0 0 0 0 0 0 0 0 0 0
test pointMulAdd_d2g2v0_Istanbul
pre
 addr 0xa94f5374fce5edbc8e2a8697c15331677e6ebf0b
  acc_nonce 1
  balance 1000000000000000000
  code 0
 addr 0xb94f5374fce5edbc8e2a8697c15331677e6ebf0b
  acc_nonce 0
  balance 0
  code 133 96 0 53 96 0 82 96 32 53 96 32 82 96 64 53 96 64 82 96 96 53 96 96 82 96 128 53 96 128 82 96 160 53 96 160 82 96 192 53 96 192 82 96 64 97 1 44 96 128 96 0 96 0 96 6 98 7 161 32 242 96 0 85 96 64 97 1 144 96 96 96 128 96 0 96 7 98 7 161 32 242 96 1 85 97 1 44 81 96 10 85 97 1 76 81 96 11 85 97 1 144 81 96 20 85 97 1 176 81 96 21 85 96 20 84 96 10 84 20 96 2 85 96 21 84 96 11 84 20 96 3 85 0
post
 addr 0x68795c4aa09d6f4ed3e5deddf8c2ad3049a601da
  acc_nonce 0
  balance 2000000000000110000
  code 0
 addr 0xa94f5374fce5edbc8e2a8697c15331677e6ebf0b
  acc_nonce 2
  balance 999999999999890000
  code 0
 addr 0xb94f5374fce5edbc8e2a8697c15331677e6ebf0b
  acc_nonce 0
  balance 0
  code 133 96 0 53 96 0 82 96 32 53 96 32 82 96 64 53 96 64 82 96 96 53 96 96 82 96 128 53 96 128 82 96 160 53 96 160 82 96 192 53 96 192 82 96 64 97 1 44 96 128 96 0 96 0 96 6 98 7 161 32 242 96 0 85 96 64 97 1 144 96 96 96 128 96 0 96 7 98 7 161 32 242 96 1 85 97 1 44 81 96 10 85 97 1 76 81 96 11 85 97 1 144 81 96 20 85 97 1 176 81 96 21 85 96 20 84 96 10 84 20 96 2 85 96 21 84 96 11 84 20 96 3 85 0
blocks
 block 0
  coinbase 0x68795c4aa09d6f4ed3e5deddf8c2ad3049a601da
  height 1
  difficulty 131072
  gaslimit 4015931
  timestamp 1000
  tx 0
   from 0xa94f5374fce5edbc8e2a8697c15331677e6ebf0b
   nonce 1
   to 0xb94f5374fce5edbc8e2a8697c15331677e6ebf0b
   value 0
   gasprice 1
   gas 110000
   data 224 31 77 29 128 23 123 19 119 116 61 25 1 247 13 115 137 190 127 122 53 163 91 253 35 74 138 174 230 21 184 140 73 46 221 203 89 166 81 126 134 191 190 53 201 105 20 121 255 252 110 5 128 0 12 162 112 108 152 63 247 175 203 29 184 31 77 29 128 23 123 19 119 116 61 25 1 247 13 115 137 190 127 122 53 163 91 253 35 74 138 174 230 21 184 140 73 1 134 131 25 58 224 33 162 248 146 15 237 24 108 222 93 155 19 101 17 104 101 40 28 207 136 76 31 40 177 223 143 31 77 29 128 23 123 19 119 116 61 25 1 247 13 115 137 190 127 122 53 163 91 253 35 74 138 174 230 21 184 140 73 1 134 131 25 58 224 33 162 248 146 15 237 24 108 222 93 155 19 101 17 104 101 40 28 207 136 76 31 40 177 223 143 0 0 0 0 0 0 0 0 0 0 0 0 0 0 0 0 0 0 0 0 0 0 0 0 0 0 0 0 0 0 0 0
test pointMulAdd_d2g3v0_Istanbul
pre
 addr 0xa94f5374fce5edbc8e2a8697c15331677e6ebf0b
  acc_nonce 1
  balance 1000000000000000000
  code 0
 addr 0xb94f5374fce5edbc8e2a8697c15331677e6ebf0b
  acc_nonce 0
  balance 0
  code 133 96 0 53 96 0 82 96 32 53 96 32 82 96 64 53 96 64 82 96 96 53 96 96 82 96 128 53 96 128 82 96 160 53 96 160 82 96 192 53 96 192 82 96 64 97 1 44 96 128 96 0 96 0 96 6 98 7 161 32 242 96 0 85 96 64 97 1 144 96 96 96 128 96 0 96 7 98 7 161 32 242 96 1 85 97 1 44 81 96 10 85 97 1 76 81 96 11 85 97 1 144 81 96 20 85 97 1 176 81 96 21 85 96 20 84 96 10 84 20 96 2 85 96 21 84 96 11 84 20 96 3 85 0
post
 addr 0x68795c4aa09d6f4ed3e5deddf8c2ad3049a601da
  acc_nonce 0
  balance 2000000000000118375
  code 0
 addr 0xa94f5374fce5edbc8e2a8697c15331677e6ebf0b
  acc_nonce 2
  balance 999999999999881625
  code 0
 addr 0xb94f5374fce5edbc8e2a8697c15331677e6ebf0b
  acc_nonce 0
  balance 0
  code 133 96 0 53 96 0 82 96 32 53 96 32 82 96 64 53 96 64 82 96 96 53 96 96 82 96 128 53 96 128 82 96 160 53 96 160 82 96 192 53 96 192 82 96 64 97 1 44 96 128 96 0 96 0 96 6 98 7 161 32 242 96 0 85 96 64 97 1 144 96 96 96 128 96 0 96 7 98 7 161 32 242 96 1 85 97 1 44 81 96 10 85 97 1 76 81 96 11 85 97 1 144 81 96 20 85 97 1 176 81 96 21 85 96 20 84 96 10 84 20 96 2 85 96 21 84 96 11 84 20 96 3 85 0
   kv 0x0000000000000000000000000000000000000000000000000000000000000000 0x0000000000000000000000000000000000000000000000000000000000000001
   kv 0x0000000000000000000000000000000000000000000000000000000000000001 0x0000000000000000000000000000000000000000000000000000000000000001
   kv 0x0000000000000000000000000000000000000000000000000000000000000002 0x0000000000000000000000000000000000000000000000000000000000000001
   kv 0x0000000000000000000000000000000000000000000000000000000000000003 0x0000000000000000000000000000000000000000000000000000000000000001
blocks
 block 0
  coinbase 0x68795c4aa09d6f4ed3e5deddf8c2ad3049a601da
  height 1
  difficulty 131072
  gaslimit 4015931
  timestamp 1000
  tx 0
   from 0xa94f5374fce5edbc8e2a8697c15331677e6ebf0b
   nonce 1
   to 0xb94f5374fce5edbc8e2a8697c15331677e6ebf0b
   value 0
   gasprice 1
   gas 192000
   data 224 31 77 29 128 23 123 19 119 116 61 25 1 247 13 115 137 190 127 122 53 163 91 253 35 74 138 174 230 21 184 140 73 46 221 203 89 166 81 126 134 191 190 53 201 105 20 121 255 252 110 5 128 0 12 162 112 108 152 63 247 175 203 29 184 31 77 29 128 23 123 19 119 116 61 25 1 247 13 115 137 190 127 122 53 163 91 253 35 74 138 174 230 21 184 140 73 1 134 131 25 58 224 33 162 248 146 15 237 24 108 222 93 155 19 101 17 104 101 40 28 207 136 76 31 40 177 223 143 31 77 29 128 23 123 19 119 116 61 25 1 247 13 115 137 190 127 122 53 163 91 253 35 74 138 174 230 21 184 140 73 1 134 131 25 58 224 33 162 248 146 15 237 24 108 222 93 155 19 101 17 104 101 40 28 207 136 76 31 40 177 223 143 0 0 0 0 0 0 0 0 0 0 0 0 0 0 0 0 0 0 0 0 0 0 0 0 0 0 0 0 0 0 0 0
test pointMulAdd_d3g0v0_Istanbul
pre
 addr 0xa94f5374fce5edbc8e2a8697c15331677e6ebf0b
  acc_nonce 1
  balance 1000000000000000000
  code 0
 addr 0xb94f5374fce5edbc8e2a8697c15331677e6ebf0b
  acc_nonce 0
  balance 0
  code 133 96 0 53 96 0 82 96 32 53 96 32 82 96 64 53 96 64 82 96 96 53 96 96 82 96 128 53 96 128 82 96 160 53 96 160 82 96 192 53 96 192 82 96 64 97 1 44 96 128 96 0 96 0 96 6 98 7 161 32 242 96 0 85 96 64 97 1 144 96 96 96 128 96 0 96 7 98 7 161 32 242 96 1 85 97 1 44 81 96 10 85 97 1 76 81 96 11 85 97 1 144 81 96 20 85 97 1 176 81 96 21 85 96 20 84 96 10 84 20 96 2 85 96 21 84 96 11 84 20 96 3 85 0
post
 addr 0x68795c4aa09d6f4ed3e5deddf8c2ad3049a601da
  acc_nonce 0
  balance 2000000000000195163
  code 0
 addr 0xa94f5374fce5edbc8e2a8697c15331677e6ebf0b
  acc_nonce 2
  balance 999999999999804837
  code 0
 addr 0xb94f5374fce5edbc8e2a8697c15331677e6ebf0b
  acc_nonce 0
  balance 0
  code 133 96 0 53 96 0 82 96 32 53 96 32 82 96 64 53 96 64 82 96 96 53 96 96 82 96 128 53 96 128 82 96 160 53 96 160 82 96 192 53 96 192 82 96 64 97 1 44 96 128 96 0 96 0 96 6 98 7 161 32 242 96 0 85 96 64 97 1 144 96 96 96 128 96 0 96 7 98 7 161 32 242 96 1 85 97 1 44 81 96 10 85 97 1 76 81 96 11 85 97 1 144 81 96 20 85 97 1 176 81 96 21 85 96 20 84 96 10 84 20 96 2 85 96 21 84 96 11 84 20 96 3 85 0
   kv 0x0000000000000000000000000000000000000000000000000000000000000000 0x0000000000000000000000000000000000000000000000000000000000000001
   kv 0x0000000000000000000000000000000000000000000000000000000000000001 0x0000000000000000000000000000000000000000000000000000000000000001
   kv 0x0000000000000000000000000000000000000000000000000000000000000002 0x0000000000000000000000000000000000000000000000000000000000000001
   kv 0x0000000000000000000000000000000000000000000000000000000000000003 0x0000000000000000000000000000000000000000000000000000000000000001
   kv 0x000000000000000000000000000000000000000000000000000000000000000a 0x255e468453d7636cc1563e43f7521755f95e6c56043c7321b4ae04e772945fb0
   kv 0x000000000000000000000000000000000000000000000000000000000000000b 0x0225c5f1623620fd84bfbab2d861a9d1e570f7727c540f403085998ebaf407c4
   kv 0x0000000000000000000000000000000000000000000000000000000000000014 0x255e468453d7636cc1563e43f7521755f95e6c56043c7321b4ae04e772945fb0
   kv 0x0000000000000000000000000000000000000000000000000000000000000015 0x0225c5f1623620fd84bfbab2d861a9d1e570f7727c540f403085998ebaf407c4
blocks
 block 0
  coinbase 0x68795c4aa09d6f4ed3e5deddf8c2ad3049a601da
  height 1
  difficulty 131072
  gaslimit 4015931
  timestamp 1000
  tx 0
   from 0xa94f5374fce5edbc8e2a8697c15331677e6ebf0b
   nonce 1
   to 0xb94f5374fce5edbc8e2a8697c15331677e6ebf0b
   value 0
   gasprice 1
   gas 2000000
   data 224 31 77 29 128 23 123 19 119 116 61 25 1 247 13 115 137 190 127 122 53 163 91 253 35 74 138 174 230 21 184 140 73 46 221 203 89 166 81 126 134 191 190 53 201 105 20 121 255 252 110 5 128 0 12 162 112 108 152 63 247 175 203 29 184 31 77 29 128 23 123 19 119 116 61 25 1 247 13 115 137 190 127 122 53 163 91 253 35 74 138 174 230 21 184 140 73 46 221 203 89 166 81 126 134 191 190 53 201 105 20 121 255 252 110 5 128 0 12 162 112 108 152 63 247 175 203 29 184 31 77 29 128 23 123 19 119 116 61 25 1 247 13 115 137 190 127 122 53 163 91 253 35 74 138 174 230 21 184 140 73 46 221 203 89 166 81 126 134 191 190 53 201 105 20 121 255 252 110 5 128 0 12 162 112 108 152 63 247 175 203 29 184 0 0 0 0 0 0 0 0 0 0 0 0 0 0 0 0 0 0 0 0 0 0 0 0 0 0 0 0 0 0 0 2
test pointMulAdd_d3g1v0_Istanbul
pre
 addr 0xa94f5374fce5edbc8e2a8697c15331677e6ebf0b
  acc_nonce 1
  balance 1000000000000000000
  code 0
 addr 0xb94f5374fce5edbc8e2a8697c15331677e6ebf0b
  acc_nonce 0
  balance 0
  code 133 96 0 53 96 0 82 96 32 53 96 32 82 96 64 53 96 64 82 96 96 53 96 96 82 96 128 53 96 128 82 96 160 53 96 160 82 96 192 53 96 192 82 96 64 97 1 44 96 128 96 0 96 0 96 6 98 7 161 32 242 96 0 85 96 64 97 1 144 96 96 96 128 96 0 96 7 98 7 161 32 242 96 1 85 97 1 44 81 96 10 85 97 1 76 81 96 11 85 97 1 144 81 96 20 85 97 1 176 81 96 21 85 96 20 84 96 10 84 20 96 2 85 96 21 84 96 11 84 20 96 3 85 0
post
 addr 0x68795c4aa09d6f4ed3e5deddf8c2ad3049a601da
  acc_nonce 0
  balance 2000000000000090000
  code 0
 addr 0xa94f5374fce5edbc8e2a8697c15331677e6ebf0b
  acc_nonce 2
  balance 999999999999910000
  code 0
 addr 0xb94f5374fce5edbc8e2a8697c15331677e6ebf0b
  acc_nonce 0
  balance 0
  code 133 96 0 53 96 0 82 96 32 53 96 32 82 96 64 53 96 64 82 96 96 53 96 96 82 96 128 53 96 128 82 96 160 53 96 160 82 96 192 53 96 192 82 96 64 97 1 44 96 128 96 0 96 0 96 6 98 7 161 32 242 96 0 85 96 64 97 1 144 96 96 96 128 96 0 96 7 98 7 161 32 242 96 1 85 97 1 44 81 96 10 85 97 1 76 81 96 11 85 97 1 144 81 96 20 85 97 1 176 81 96 21 85 96 20 84 96 10 84 20 96 2 85 96 21 84 96 11 84 20 96 3 85 0
blocks
 block 0
  coinbase 0x68795c4aa09d6f4ed3e5deddf8c2ad3049a601da
  height 1
  difficulty 131072
  gaslimit 4015931
  timestamp 1000
  tx 0
   from 0xa94f5374fce5edbc8e2a8697c15331677e6ebf0b
   nonce 1
   to 0xb94f5374fce5edbc8e2a8697c15331677e6ebf0b
   value 0
   gasprice 1
   gas 90000
   data 224 31 77 29 128 23 123 19 119 116 61 25 1 247 13 115 137 190 127 122 53 163 91 253 35 74 138 174 230 21 184 140 73 46 221 203 89 166 81 126 134 191 190 53 201 105 20 121 255 252 110 5 128 0 12 162 112 108 152 63 247 175 203 29 184 31 77 29 128 23 123 19 119 116 61 25 1 247 13 115 137 190 127 122 53 163 91 253 35 74 138 174 230 21 184 140 73 46 221 203 89 166 81 126 134 191 190 53 201 105 20 121 255 252 110 5 128 0 12 162 112 108 152 63 247 175 203 29 184 31 77 29 128 23 123 19 119 116 61 25 1 247 13 115 137 190 127 122 53 163 91 253 35 74 138 174 230 21 184 140 73 46 221 203 89 166 81 126 134 191 190 53 201 105 20 121 255 252 110 5 128 0 12 162 112 108 152 63 247 175 203 29 184 0 0 0 0 0 0 0 0 0 0 0 0 0 0 0 0 0 0 0 0 0 0 0 0 0 0 0 0 0 0 0 2
test pointMulAdd_d3g2v0_Istanbul
pre
 addr 0xa94f5374fce5edbc8e2a8697c15331677e6ebf0b
  acc_nonce 1
  balance 1000000000000000000
  code 0
 addr 0xb94f5374fce5edbc8e2a8697c15331677e6ebf0b
  acc_nonce 0
  balance 0
  code 133 96 0 53 96 0 82 96 32 53 96 32 82 96 64 53 96 64 82 96 96 53 96 96 82 96 128 53 96 128 82 96 160 53 96 160 82 96 192 53 96 192 82 96 64 97 1 44 96 128 96 0 96 0 96 6 98 7 161 32 242 96 0 85 96 64 97 1 144 96 96 96 128 96 0 96 7 98 7 161 32 242 96 1 85 97 1 44 81 96 10 85 97 1 76 81 96 11 85 97 1 144 81 96 20 85 97 1 176 81 96 21 85 96 20 84 96 10 84 20 96 2 85 96 21 84 96 11 84 20 96 3 85 0
post
 addr 0x68795c4aa09d6f4ed3e5deddf8c2ad3049a601da
  acc_nonce 0
  balance 2000000000000110000
  code 0
 addr 0xa94f5374fce5edbc8e2a8697c15331677e6ebf0b
  acc_nonce 2
  balance 999999999999890000
  code 0
 addr 0xb94f5374fce5edbc8e2a8697c15331677e6ebf0b
  acc_nonce 0
  balance 0
  code 133 96 0 53 96 0 82 96 32 53 96 32 82 96 64 53 96 64 82 96 96 53 96 96 82 96 128 53 96 128 82 96 160 53 96 160 82 96 192 53 96 192 82 96 64 97 1 44 96 128 96 0 96 0 96 6 98 7 161 32 242 96 0 85 96 64 97 1 144 96 96 96 128 96 0 96 7 98 7 161 32 242 96 1 85 97 1 44 81 96 10 85 97 1 76 81 96 11 85 97 1 144 81 96 20 85 97 1 176 81 96 21 85 96 20 84 96 10 84 20 96 2 85 96 21 84 96 11 84 20 96 3 85 0
blocks
 block 0
  coinbase 0x68795c4aa09d6f4ed3e5deddf8c2ad3049a601da
  height 1
  difficulty 131072
  gaslimit 4015931
  timestamp 1000
  tx 0
   from 0xa94f5374fce5edbc8e2a8697c15331677e6ebf0b
   nonce 1
   to 0xb94f5374fce5edbc8e2a8697c15331677e6ebf0b
   value 0
   gasprice 1
   gas 110000
   data 224 31 77 29 128 23 123 19 119 116 61 25 1 247 13 115 137 190 127 122 53 163 91 253 35 74 138 174 230 21 184 140 73 46 221 203 89 166 81 126 134 191 190 53 201 105 20 121 255 252 110 5 128 0 12 162 112 108 152 63 247 175 203 29 184 31 77 29 128 23 123 19 119 116 61 25 1 247 13 115 137 190 127 122 53 163 91 253 35 74 138 174 230 21 184 140 73 46 221 203 89 166 81 126 134 191 190 53 201 105 20 121 255 252 110 5 128 0 12 162 112 108 152 63 247 175 203 29 184 31 77 29 128 23 123 19 119 116 61 25 1 247 13 115 137 190 127 122 53 163 91 253 35 74 138 174 230 21 184 140 73 46 221 203 89 166 81 126 134 191 190 53 201 105 20 121 255 252 110 5 128 0 12 162 112 108 152 63 247 175 203 29 184 0 0 0 0 0 0 0 0 0 0 0 0 0 0 0 0 0 0 0 0 0 0 0 0 0 0 0 0 0 0 0 2
test pointMulAdd_d3g3v0_Istanbul
pre
 addr 0xa94f5374fce5edbc8e2a8697c15331677e6ebf0b
  acc_nonce 1
  balance 1000000000000000000
  code 0
 addr 0xb94f5374fce5edbc8e2a8697c15331677e6ebf0b
  acc_nonce 0
  balance 0
  code 133 96 0 53 96 0 82 96 32 53 96 32 82 96 64 53 96 64 82 96 96 53 96 96 82 96 128 53 96 128 82 96 160 53 96 160 82 96 192 53 96 192 82 96 64 97 1 44 96 128 96 0 96 0 96 6 98 7 161 32 242 96 0 85 96 64 97 1 144 96 96 96 128 96 0 96 7 98 7 161 32 242 96 1 85 97 1 44 81 96 10 85 97 1 76 81 96 11 85 97 1 144 81 96 20 85 97 1 176 81 96 21 85 96 20 84 96 10 84 20 96 2 85 96 21 84 96 11 84 20 96 3 85 0
post
 addr 0x68795c4aa09d6f4ed3e5deddf8c2ad3049a601da
  acc_nonce 0
  balance 2000000000000192000
  code 0
 addr 0xa94f5374fce5edbc8e2a8697c15331677e6ebf0b
  acc_nonce 2
  balance 999999999999808000
  code 0
 addr 0xb94f5374fce5edbc8e2a8697c15331677e6ebf0b
  acc_nonce 0
  balance 0
  code 133 96 0 53 96 0 82 96 32 53 96 32 82 96 64 53 96 64 82 96 96 53 96 96 82 96 128 53 96 128 82 96 160 53 96 160 82 96 192 53 96 192 82 96 64 97 1 44 96 128 96 0 96 0 96 6 98 7 161 32 242 96 0 85 96 64 97 1 144 96 96 96 128 96 0 96 7 98 7 161 32 242 96 1 85 97 1 44 81 96 10 85 97 1 76 81 96 11 85 97 1 144 81 96 20 85 97 1 176 81 96 21 85 96 20 84 96 10 84 20 96 2 85 96 21 84 96 11 84 20 96 3 85 0
blocks
 block 0
  coinbase 0x68795c4aa09d6f4ed3e5deddf8c2ad3049a601da
  height 1
  difficulty 131072
  gaslimit 4015931
  timestamp 1000
  tx 0
   from 0xa94f5374fce5edbc8e2a8697c15331677e6ebf0b
   nonce 1
   to 0xb94f5374fce5edbc8e2a8697c15331677e6ebf0b
   value 0
   gasprice 1
   gas 192000
   data 224 31 77 29 128 23 123 19 119 116 61 25 1 247 13 115 137 190 127 122 53 163 91 253 35 74 138 174 230 21 184 140 73 46 221 203 89 166 81 126 134 191 190 53 201 105 20 121 255 252 110 5 128 0 12 162 112 108 152 63 247 175 203 29 184 31 77 29 128 23 123 19 119 116 61 25 1 247 13 115 137 190 127 122 53 163 91 253 35 74 138 174 230 21 184 140 73 46 221 203 89 166 81 126 134 191 190 53 201 105 20 121 255 252 110 5 128 0 12 162 112 108 152 63 247 175 203 29 184 31 77 29 128 23 123 19 119 116 61 25 1 247 13 115 137 190 127 122 53 163 91 253 35 74 138 174 230 21 184 140 73 46 221 203 89 166 81 126 134 191 190 53 201 105 20 121 255 252 110 5 128 0 12 162 112 108 152 63 247 175 203 29 184 0 0 0 0 0 0 0 0 0 0 0 0 0 0 0 0 0 0 0 0 0 0 0 0 0 0 0 0 0 0 0 2
test pointMulAdd_d4g0v0_Istanbul
pre
 addr 0xa94f5374fce5edbc8e2a8697c15331677e6ebf0b
  acc_nonce 1
  balance 1000000000000000000
  code 0
 addr 0xb94f5374fce5edbc8e2a8697c15331677e6ebf0b
  acc_nonce 0
  balance 0
  code 133 96 0 53 96 0 82 96 32 53 96 32 82 96 64 53 96 64 82 96 96 53 96 96 82 96 128 53 96 128 82 96 160 53 96 160 82 96 192 53 96 192 82 96 64 97 1 44 96 128 96 0 96 0 96 6 98 7 161 32 242 96 0 85 96 64 97 1 144 96 96 96 128 96 0 96 7 98 7 161 32 242 96 1 85 97 1 44 81 96 10 85 97 1 76 81 96 11 85 97 1 144 81 96 20 85 97 1 176 81 96 21 85 96 20 84 96 10 84 20 96 2 85 96 21 84 96 11 84 20 96 3 85 0
post
 addr 0x68795c4aa09d6f4ed3e5deddf8c2ad3049a601da
  acc_nonce 0
  balance 2000000000000194755
  code 0
 addr 0xa94f5374fce5edbc8e2a8697c15331677e6ebf0b
  acc_nonce 2
  balance 999999999999805245
  code 0
 addr 0xb94f5374fce5edbc8e2a8697c15331677e6ebf0b
  acc_nonce 0
  balance 0
  code 133 96 0 53 96 0 82 96 32 53 96 32 82 96 64 53 96 64 82 96 96 53 96 96 82 96 128 53 96 128 82 96 160 53 96 160 82 96 192 53 96 192 82 96 64 97 1 44 96 128 96 0 96 0 96 6 98 7 161 32 242 96 0 85 96 64 97 1 144 96 96 96 128 96 0 96 7 98 7 161 32 242 96 1 85 97 1 44 81 96 10 85 97 1 76 81 96 11 85 97 1 144 81 96 20 85 97 1 176 81 96 21 85 96 20 84 96 10 84 20 96 2 85 96 21 84 96 11 84 20 96 3 85 0
   kv 0x0000000000000000000000000000000000000000000000000000000000000000 0x0000000000000000000000000000000000000000000000000000000000000001
   kv 0x0000000000000000000000000000000000000000000000000000000000000001 0x0000000000000000000000000000000000000000000000000000000000000001
   kv 0x0000000000000000000000000000000000000000000000000000000000000002 0x0000000000000000000000000000000000000000000000000000000000000001
   kv 0x0000000000000000000000000000000000000000000000000000000000000003 0x0000000000000000000000000000000000000000000000000000000000000001
   kv 0x000000000000000000000000000000000000000000000000000000000000000a 0x1f4d1d80177b1377743d1901f70d7389be7f7a35a35bfd234a8aaee615b88c49
   kv 0x000000000000000000000000000000000000000000000000000000000000000b 0x2eddcb59a6517e86bfbe35c9691479fffc6e0580000ca2706c983ff7afcb1db8
   kv 0x0000000000000000000000000000000000000000000000000000000000000014 0x1f4d1d80177b1377743d1901f70d7389be7f7a35a35bfd234a8aaee615b88c49
   kv 0x0000000000000000000000000000000000000000000000000000000000000015 0x2eddcb59a6517e86bfbe35c9691479fffc6e0580000ca2706c983ff7afcb1db8
blocks
 block 0
  coinbase 0x68795c4aa09d6f4ed3e5deddf8c2ad3049a601da
  height 1
  difficulty 131072
  gaslimit 4015931
  timestamp 1000
  tx 0
   from 0xa94f5374fce5edbc8e2a8697c15331677e6ebf0b
   nonce 1
   to 0xb94f5374fce5edbc8e2a8697c15331677e6ebf0b
   value 0
   gasprice 1
   gas 2000000
   data 224 31 77 29 128 23 123 19 119 116 61 25 1 247 13 115 137 190 127 122 53 163 91 253 35 74 138 174 230 21 184 140 73 46 221 203 89 166 81 126 134 191 190 53 201 105 20 121 255 252 110 5 128 0 12 162 112 108 152 63 247 175 203 29 184 0 0 0 0 0 0 0 0 0 0 0 0 0 0 0 0 0 0 0 0 0 0 0 0 0 0 0 0 0 0 0 0 0 0 0 0 0 0 0 0 0 0 0 0 0 0 0 0 0 0 0 0 0 0 0 0 0 0 0 0 0 0 0 0 31 77 29 128 23 123 19 119 116 61 25 1 247 13 115 137 190 127 122 53 163 91 253 35 74 138 174 230 21 184 140 73 1 134 131 25 58 224 33 162 248 146 15 237 24 108 222 93 155 19 101 17 104 101 40 28 207 136 76 31 40 177 223 143 48 100 78 114 225 49 160 41 184 80 69 182 129 129 88 93 40 51 232 72 121 185 112 145 67 225 245 147 240 0 0 0
test pointMulAdd_d4g1v0_Istanbul
pre
 addr 0xa94f5374fce5edbc8e2a8697c15331677e6ebf0b
  acc_nonce 1
  balance 1000000000000000000
  code 0
 addr 0xb94f5374fce5edbc8e2a8697c15331677e6ebf0b
  acc_nonce 0
  balance 0
  code 133 96 0 53 96 0 82 96 32 53 96 32 82 96 64 53 96 64 82 96 96 53 96 96 82 96 128 53 96 128 82 96 160 53 96 160 82 96 192 53 96 192 82 96 64 97 1 44 96 128 96 0 96 0 96 6 98 7 161 32 242 96 0 85 96 64 97 1 144 96 96 96 128 96 0 96 7 98 7 161 32 242 96 1 85 97 1 44 81 96 10 85 97 1 76 81 96 11 85 97 1 144 81 96 20 85 97 1 176 81 96 21 85 96 20 84 96 10 84 20 96 2 85 96 21 84 96 11 84 20 96 3 85 0
post
 addr 0x68795c4aa09d6f4ed3e5deddf8c2ad3049a601da
  acc_nonce 0
  balance 2000000000000090000
  code 0
 addr 0xa94f5374fce5edbc8e2a8697c15331677e6ebf0b
  acc_nonce 2
  balance 999999999999910000
  code 0
 addr 0xb94f5374fce5edbc8e2a8697c15331677e6ebf0b
  acc_nonce 0
  balance 0
  code 133 96 0 53 96 0 82 96 32 53 96 32 82 96 64 53 96 64 82 96 96 53 96 96 82 96 128 53 96 128 82 96 160 53 96 160 82 96 192 53 96 192 82 96 64 97 1 44 96 128 96 0 96 0 96 6 98 7 161 32 242 96 0 85 96 64 97 1 144 96 96 96 128 96 0 96 7 98 7 161 32 242 96 1 85 97 1 44 81 96 10 85 97 1 76 81 96 11 85 97 1 144 81 96 20 85 97 1 176 81 96 21 85 96 20 84 96 10 84 20 96 2 85 96 21 84 96 11 84 20 96 3 85 0
blocks
 block 0
  coinbase 0x68795c4aa09d6f4ed3e5deddf8c2ad3049a601da
  height 1
  difficulty 131072
  gaslimit 4015931
  timestamp 1000
  tx 0
   from 0xa94f5374fce5edbc8e2a8697c15331677e6ebf0b
   nonce 1
   to 0xb94f5374fce5edbc8e2a8697c15331677e6ebf0b
   value 0
   gasprice 1
   gas 90000
   data 224 31 77 29 128 23 123 19 119 116 61 25 1 247 13 115 137 190 127 122 53 163 91 253 35 74 138 174 230 21 184 140 73 46 221 203 89 166 81 126 134 191 190 53 201 105 20 121 255 252 110 5 128 0 12 162 112 108 152 63 247 175 203 29 184 0 0 0 0 0 0 0 0 0 0 0 0 0 0 0 0 0 0 0 0 0 0 0 0 0 0 0 0 0 0 0 0 0 0 0 0 0 0 0 0 0 0 0 0 0 0 0 0 0 0 0 0 0 0 0 0 0 0 0 0 0 0 0 0 31 77 29 128 23 123 19 119 116 61 25 1 247 13 115 137 190 127 122 53 163 91 253 35 74 138 174 230 21 184 140 73 1 134 131 25 58 224 33 162 248 146 15 237 24 108 222 93 155 19 101 17 104 101 40 28 207 136 76 31 40 177 223 143 48 100 78 114 225 49 160 41 184 80 69 182 129 129 88 93 40 51 232 72 121 185 112 145 67 225 245 147 240 0 0 0
test pointMulAdd_d4g2v0_Istanbul
pre
 addr 0xa94f5374fce5edbc8e2a8697c15331677e6ebf0b
  acc_nonce 1
  balance 1000000000000000000
  code 0
 addr 0xb94f5374fce5edbc8e2a8697c15331677e6ebf0b
  acc_nonce 0
  balance 0
  code 133 96 0 53 96 0 82 96 32 53 96 32 82 96 64 53 96 64 82 96 96 53 96 96 82 96 128 53 96 128 82 96 160 53 96 160 82 96 192 53 96 192 82 96 64 97 1 44 96 128 96 0 96 0 96 6 98 7 161 32 242 96 0 85 96 64 97 1 144 96 96 96 128 96 0 96 7 98 7 161 32 242 96 1 85 97 1 44 81 96 10 85 97 1 76 81 96 11 85 97 1 144 81 96 20 85 97 1 176 81 96 21 85 96 20 84 96 10 84 20 96 2 85 96 21 84 96 11 84 20 96 3 85 0
post
 addr 0x68795c4aa09d6f4ed3e5deddf8c2ad3049a601da
  acc_nonce 0
  balance 2000000000000110000
  code 0
 addr 0xa94f5374fce5edbc8e2a8697c15331677e6ebf0b
  acc_nonce 2
  balance 999999999999890000
  code 0
 addr 0xb94f5374fce5edbc8e2a8697c15331677e6ebf0b
  acc_nonce 0
  balance 0
  code 133 96 0 53 96 0 82 96 32 53 96 32 82 96 64 53 96 64 82 96 96 53 96 96 82 96 128 53 96 128 82 96 160 53 96 160 82 96 192 53 96 192 82 96 64 97 1 44 96 128 96 0 96 0 96 6 98 7 161 32 242 96 0 85 96 64 97 1 144 96 96 96 128 96 0 96 7 98 7 161 32 242 96 1 85 97 1 44 81 96 10 85 97 1 76 81 96 11 85 97 1 144 81 96 20 85 97 1 176 81 96 21 85 96 20 84 96 10 84 20 96 2 85 96 21 84 96 11 84 20 96 3 85 0
blocks
 block 0
  coinbase 0x68795c4aa09d6f4ed3e5deddf8c2ad3049a601da
  height 1
  difficulty 131072
  gaslimit 4015931
  timestamp 1000
  tx 0
   from 0xa94f5374fce5edbc8e2a8697c15331677e6ebf0b
   nonce 1
   to 0xb94f5374fce5edbc8e2a8697c15331677e6ebf0b
   value 0
   gasprice 1
   gas 110000
   data 224 31 77 29 128 23 123 19 119 116 61 25 1 247 13 115 137 190 127 122 53 163 91 253 35 74 138 174 230 21 184 140 73 46 221 203 89 166 81 126 134 191 190 53 201 105 20 121 255 252 110 5 128 0 12 162 112 108 152 63 247 175 203 29 184 0 0 0 0 0 0 0 0 0 0 0 0 0 0 0 0 0 0 0 0 0 0 0 0 0 0 0 0 0 0 0 0 0 0 0 0 0 0 0 0 0 0 0 0 0 0 0 0 0 0 0 0 0 0 0 0 0 0 0 0 0 0 0 0 31 77 29 128 23 123 19 119 116 61 25 1 247 13 115 137 190 127 122 53 163 91 253 35 74 138 174 230 21 184 140 73 1 134 131 25 58 224 33 162 248 146 15 237 24 108 222 93 155 19 101 17 104 101 40 28 207 136 76 31 40 177 223 143 48 100 78 114 225 49 160 41 184 80 69 182 129 129 88 93 40 51 232 72 121 185 112 145 67 225 245 147 240 0 0 0
test pointMulAdd_d4g3v0_Istanbul
pre
 addr 0xa94f5374fce5edbc8e2a8697c15331677e6ebf0b
  acc_nonce 1
  balance 1000000000000000000
  code 0
 addr 0xb94f5374fce5edbc8e2a8697c15331677e6ebf0b
  acc_nonce 0
  balance 0
  code 133 96 0 53 96 0 82 96 32 53 96 32 82 96 64 53 96 64 82 96 96 53 96 96 82 96 128 53 96 128 82 96 160 53 96 160 82 96 192 53 96 192 82 96 64 97 1 44 96 128 96 0 96 0 96 6 98 7 161 32 242 96 0 85 96 64 97 1 144 96 96 96 128 96 0 96 7 98 7 161 32 242 96 1 85 97 1 44 81 96 10 85 97 1 76 81 96 11 85 97 1 144 81 96 20 85 97 1 176 81 96 21 85 96 20 84 96 10 84 20 96 2 85 96 21 84 96 11 84 20 96 3 85 0
post
 addr 0x68795c4aa09d6f4ed3e5deddf8c2ad3049a601da
  acc_nonce 0
  balance 2000000000000192000
  code 0
 addr 0xa94f5374fce5edbc8e2a8697c15331677e6ebf0b
  acc_nonce 2
  balance 999999999999808000
  code 0
 addr 0xb94f5374fce5edbc8e2a8697c15331677e6ebf0b
  acc_nonce 0
  balance 0
  code 133 96 0 53 96 0 82 96 32 53 96 32 82 96 64 53 96 64 82 96 96 53 96 96 82 96 128 53 96 128 82 96 160 53 96 160 82 96 192 53 96 192 82 96 64 97 1 44 96 128 96 0 96 0 96 6 98 7 161 32 242 96 0 85 96 64 97 1 144 96 96 96 128 96 0 96 7 98 7 161 32 242 96 1 85 97 1 44 81 96 10 85 97 1 76 81 96 11 85 97 1 144 81 96 20 85 97 1 176 81 96 21 85 96 20 84 96 10 84 20 96 2 85 96 21 84 96 11 84 20 96 3 85 0
blocks
 block 0
  coinbase 0x68795c4aa09d6f4ed3e5deddf8c2ad3049a601da
  height 1
  difficulty 131072
  gaslimit 4015931
  timestamp 1000
  tx 0
   from 0xa94f5374fce5edbc8e2a8697c15331677e6ebf0b
   nonce 1
   to 0xb94f5374fce5edbc8e2a8697c15331677e6ebf0b
   value 0
   gasprice 1
   gas 192000
   data 224 31 77 29 128 23 123 19 119 116 61 25 1 247 13 115 137 190 127 122 53 163 91 253 35 74 138 174 230 21 184 140 73 46 221 203 89 166 81 126 134 191 190 53 201 105 20 121 255 252 110 5 128 0 12 162 112 108 152 63 247 175 203 29 184 0 0 0 0 0 0 0 0 0 0 0 0 0 0 0 0 0 0 0 0 0 0 0 0 0 0 0 0 0 0 0 0 0 0 0 0 0 0 0 0 0 0 0 0 0 0 0 0 0 0 0 0 0 0 0 0 0 0 0 0 0 0 0 0 31 77 29 128 23 123 19 119 116 61 25 1 247 13 115 137 190 127 122 53 163 91 253 35 74 138 174 230 21 184 140 73 1 134 131 25 58 224 33 162 248 146 15 237 24 108 222 93 155 19 101 17 104 101 40 28 207 136 76 31 40 177 223 143 48 100 78 114 225 49 160 41 184 80 69 182 129 129 88 93 40 51 232 72 121 185 112 145 67 225 245 147 240 0 0 0
test pointMulAdd_d5g0v0_Istanbul
pre
 addr 0xa94f5374fce5edbc8e2a8697c15331677e6ebf0b
  acc_nonce 1
  balance 1000000000000000000
  code 0
 addr 0xb94f5374fce5edbc8e2a8697c15331677e6ebf0b
  acc_nonce 0
  balance 0
  code 133 96 0 53 96 0 82 96 32 53 96 32 82 96 64 53 96 64 82 96 96 53 96 96 82 96 128 53 96 128 82 96 160 53 96 160 82 96 192 53 96 192 82 96 64 97 1 44 96 128 96 0 96 0 96 6 98 7 161 32 242 96 0 85 96 64 97 1 144 96 96 96 128 96 0 96 7 98 7 161 32 242 96 1 85 97 1 44 81 96 10 85 97 1 76 81 96 11 85 97 1 144 81 96 20 85 97 1 176 81 96 21 85 96 20 84 96 10 84 20 96 2 85 96 21 84 96 11 84 20 96 3 85 0
post
 addr 0x68795c4aa09d6f4ed3e5deddf8c2ad3049a601da
  acc_nonce 0
  balance 2000000000000195547
  code 0
 addr 0xa94f5374fce5edbc8e2a8697c15331677e6ebf0b
  acc_nonce 2
  balance 999999999999804453
  code 0
 addr 0xb94f5374fce5edbc8e2a8697c15331677e6ebf0b
  acc_nonce 0
  balance 0
  code 133 96 0 53 96 0 82 96 32 53 96 32 82 96 64 53 96 64 82 96 96 53 96 96 82 96 128 53 96 128 82 96 160 53 96 160 82 96 192 53 96 192 82 96 64 97 1 44 96 128 96 0 96 0 96 6 98 7 161 32 242 96 0 85 96 64 97 1 144 96 96 96 128 96 0 96 7 98 7 161 32 242 96 1 85 97 1 44 81 96 10 85 97 1 76 81 96 11 85 97 1 144 81 96 20 85 97 1 176 81 96 21 85 96 20 84 96 10 84 20 96 2 85 96 21 84 96 11 84 20 96 3 85 0
   kv 0x0000000000000000000000000000000000000000000000000000000000000000 0x0000000000000000000000000000000000000000000000000000000000000001
   kv 0x0000000000000000000000000000000000000000000000000000000000000001 0x0000000000000000000000000000000000000000000000000000000000000001
   kv 0x0000000000000000000000000000000000000000000000000000000000000002 0x0000000000000000000000000000000000000000000000000000000000000001
   kv 0x0000000000000000000000000000000000000000000000000000000000000003 0x0000000000000000000000000000000000000000000000000000000000000001
   kv 0x000000000000000000000000000000000000000000000000000000000000000a 0x255e468453d7636cc1563e43f7521755f95e6c56043c7321b4ae04e772945fb0
   kv 0x000000000000000000000000000000000000000000000000000000000000000b 0x0225c5f1623620fd84bfbab2d861a9d1e570f7727c540f403085998ebaf407c4
   kv 0x0000000000000000000000000000000000000000000000000000000000000014 0x255e468453d7636cc1563e43f7521755f95e6c56043c7321b4ae04e772945fb0
   kv 0x0000000000000000000000000000000000000000000000000000000000000015 0x0225c5f1623620fd84bfbab2d861a9d1e570f7727c540f403085998ebaf407c4
blocks
 block 0
  coinbase 0x68795c4aa09d6f4ed3e5deddf8c2ad3049a601da
  height 1
  difficulty 131072
  gaslimit 4015931
  timestamp 1000
  tx 0
   from 0xa94f5374fce5edbc8e2a8697c15331677e6ebf0b
   nonce 1
   to 0xb94f5374fce5edbc8e2a8697c15331677e6ebf0b
   value 0
   gasprice 1
   gas 2000000
   data 224 31 77 29 128 23 123 19 119 116 61 25 1 247 13 115 137 190 127 122 53 163 91 253 35 74 138 174 230 21 184 140 73 46 221 203 89 166 81 126 134 191 190 53 201 105 20 121 255 252 110 5 128 0 12 162 112 108 152 63 247 175 203 29 184 31 77 29 128 23 123 19 119 116 61 25 1 247 13 115 137 190 127 122 53 163 91 253 35 74 138 174 230 21 184 140 73 46 221 203 89 166 81 126 134 191 190 53 201 105 20 121 255 252 110 5 128 0 12 162 112 108 152 63 247 175 203 29 184 31 77 29 128 23 123 19 119 116 61 25 1 247 13 115 137 190 127 122 53 163 91 253 35 74 138 174 230 21 184 140 73 1 134 131 25 58 224 33 162 248 146 15 237 24 108 222 93 155 19 101 17 104 101 40 28 207 136 76 31 40 177 223 143 48 100 78 114 225 49 160 41 184 80 69 182 129 129 88 93 40 51 232 72 121 185 112 145 67 225 245 147 239 255 255 255
test pointMulAdd_d5g1v0_Istanbul
pre
 addr 0xa94f5374fce5edbc8e2a8697c15331677e6ebf0b
  acc_nonce 1
  balance 1000000000000000000
  code 0
 addr 0xb94f5374fce5edbc8e2a8697c15331677e6ebf0b
  acc_nonce 0
  balance 0
  code 133 96 0 53 96 0 82 96 32 53 96 32 82 96 64 53 96 64 82 96 96 53 96 96 82 96 128 53 96 128 82 96 160 53 96 160 82 96 192 53 96 192 82 96 64 97 1 44 96 128 96 0 96 0 96 6 98 7 161 32 242 96 0 85 96 64 97 1 144 96 96 96 128 96 0 96 7 98 7 161 32 242 96 1 85 97 1 44 81 96 10 85 97 1 76 81 96 11 85 97 1 144 81 96 20 85 97 1 176 81 96 21 85 96 20 84 96 10 84 20 96 2 85 96 21 84 96 11 84 20 96 3 85 0
post
 addr 0x68795c4aa09d6f4ed3e5deddf8c2ad3049a601da
  acc_nonce 0
  balance 2000000000000090000
  code 0
 addr 0xa94f5374fce5edbc8e2a8697c15331677e6ebf0b
  acc_nonce 2
  balance 999999999999910000
  code 0
 addr 0xb94f5374fce5edbc8e2a8697c15331677e6ebf0b
  acc_nonce 0
  balance 0
  code 133 96 0 53 96 0 82 96 32 53 96 32 82 96 64 53 96 64 82 96 96 53 96 96 82 96 128 53 96 128 82 96 160 53 96 160 82 96 192 53 96 192 82 96 64 97 1 44 96 128 96 0 96 0 96 6 98 7 161 32 242 96 0 85 96 64 97 1 144 96 96 96 128 96 0 96 7 98 7 161 32 242 96 1 85 97 1 44 81 96 10 85 97 1 76 81 96 11 85 97 1 144 81 96 20 85 97 1 176 81 96 21 85 96 20 84 96 10 84 20 96 2 85 96 21 84 96 11 84 20 96 3 85 0
blocks
 block 0
  coinbase 0x68795c4aa09d6f4ed3e5deddf8c2ad3049a601da
  height 1
  difficulty 131072
  gaslimit 4015931
  timestamp 1000
  tx 0
   from 0xa94f5374fce5edbc8e2a8697c15331677e6ebf0b
   nonce 1
   to 0xb94f5374fce5edbc8e2a8697c15331677e6ebf0b
   value 0
   gasprice 1
   gas 90000
   data 224 31 77 29 128 23 123 19 119 116 61 25 1 247 13 115 137 190 127 122 53 163 91 253 35 74 138 174 230 21 184 140 73 46 221 203 89 166 81 126 134 191 190 53 201 105 20 121 255 252 110 5 128 0 12 162 112 108 152 63 247 175 203 29 184 31 77 29 128 23 123 19 119 116 61 25 1 247 13 115 137 190 127 122 53 163 91 253 35 74 138 174 230 21 184 140 73 46 221 203 89 166 81 126 134 191 190 53 201 105 20 121 255 252 110 5 128 0 12 162 112 108 152 63 247 175 203 29 184 31 77 29 128 23 123 19 119 116 61 25 1 247 13 115 137 190 127 122 53 163 91 253 35 74 138 174 230 21 184 140 73 1 134 131 25 58 224 33 162 248 146 15 237 24 108 222 93 155 19 101 17 104 101 40 28 207 136 76 31 40 177 223 143 48 100 78 114 225 49 160 41 184 80 69 182 129 129 88 93 40 51 232 72 121 185 112 145 67 225 245 147 239 255 255 255
test pointMulAdd_d5g2v0_Istanbul
pre
 addr 0xa94f5374fce5edbc8e2a8697c15331677e6ebf0b
  acc_nonce 1
  balance 1000000000000000000
  code 0
 addr 0xb94f5374fce5edbc8e2a8697c15331677e6ebf0b
  acc_nonce 0
  balance 0
  code 133 96 0 53 96 0 82 96 32 53 96 32 82 96 64 53 96 64 82 96 96 53 96 96 82 96 128 53 96 128 82 96 160 53 96 160 82 96 192 53 96 192 82 96 64 97 1 44 96 128 96 0 96 0 96 6 98 7 161 32 242 96 0 85 96 64 97 1 144 96 96 96 128 96 0 96 7 98 7 161 32 242 96 1 85 97 1 44 81 96 10 85 97 1 76 81 96 11 85 97 1 144 81 96 20 85 97 1 176 81 96 21 85 96 20 84 96 10 84 20 96 2 85 96 21 84 96 11 84 20 96 3 85 0
post
 addr 0x68795c4aa09d6f4ed3e5deddf8c2ad3049a601da
  acc_nonce 0
  balance 2000000000000110000
  code 0
 addr 0xa94f5374fce5edbc8e2a8697c15331677e6ebf0b
  acc_nonce 2
  balance 999999999999890000
  code 0
 addr 0xb94f5374fce5edbc8e2a8697c15331677e6ebf0b
  acc_nonce 0
  balance 0
  code 133 96 0 53 96 0 82 96 32 53 96 32 82 96 64 53 96 64 82 96 96 53 96 96 82 96 128 53 96 128 82 96 160 53 96 160 82 96 192 53 96 192 82 96 64 97 1 44 96 128 96 0 96 0 96 6 98 7 161 32 242 96 0 85 96 64 97 1 144 96 96 96 128 96 0 96 7 98 7 161 32 242 96 1 85 97 1 44 81 96 10 85 97 1 76 81 96 11 85 97 1 144 81 96 20 85 97 1 176 81 96 21 85 96 20 84 96 10 84 20 96 2 85 96 21 84 96 11 84 20 96 3 85 0
blocks
 block 0
  coinbase 0x68795c4aa09d6f4ed3e5deddf8c2ad3049a601da
  height 1
  difficulty 131072
  gaslimit 4015931
  timestamp 1000
  tx 0
   from 0xa94f5374fce5edbc8e2a8697c15331677e6ebf0b
   nonce 1
   to 0xb94f5374fce5edbc8e2a8697c15331677e6ebf0b
   value 0
   gasprice 1
   gas 110000
   data 224 31 77 29 128 23 123 19 119 116 61 25 1 247 13 115 137 190 127 122 53 163 91 253 35 74 138 174 230 21 184 140 73 46 221 203 89 166 81 126 134 191 190 53 201 105 20 121 255 252 110 5 128 0 12 162 112 108 152 63 247 175 203 29 184 31 77 29 128 23 123 19 119 116 61 25 1 247 13 115 137 190 127 122 53 163 91 253 35 74 138 174 230 21 184 140 73 46 221 203 89 166 81 126 134 191 190 53 201 105 20 121 255 252 110 5 128 0 12 162 112 108 152 63 247 175 203 29 184 31 77 29 128 23 123 19 119 116 61 25 1 247 13 115 137 190 127 122 53 163 91 253 35 74 138 174 230 21 184 140 73 1 134 131 25 58 224 33 162 248 146 15 237 24 108 222 93 155 19 101 17 104 101 40 28 207 136 76 31 40 177 223 143 48 100 78 114 225 49 160 41 184 80 69 182 129 129 88 93 40 51 232 72 121 185 112 145 67 225 245 147 239 255 255 255
test pointMulAdd_d5g3v0_Istanbul
pre
 addr 0xa94f5374fce5edbc8e2a8697c15331677e6ebf0b
  acc_nonce 1
  balance 1000000000000000000
  code 0
 addr 0xb94f5374fce5edbc8e2a8697c15331677e6ebf0b
  acc_nonce 0
  balance 0
  code 133 96 0 53 96 0 82 96 32 53 96 32 82 96 64 53 96 64 82 96 96 53 96 96 82 96 128 53 96 128 82 96 160 53 96 160 82 96 192 53 96 192 82 96 64 97 1 44 96 128 96 0 96 0 96 6 98 7 161 32 242 96 0 85 96 64 97 1 144 96 96 96 128 96 0 96 7 98 7 161 32 242 96 1 85 97 1 44 81 96 10 85 97 1 76 81 96 11 85 97 1 144 81 96 20 85 97 1 176 81 96 21 85 96 20 84 96 10 84 20 96 2 85 96 21 84 96 11 84 20 96 3 85 0
post
 addr 0x68795c4aa09d6f4ed3e5deddf8c2ad3049a601da
  acc_nonce 0
  balance 2000000000000192000
  code 0
 addr 0xa94f5374fce5edbc8e2a8697c15331677e6ebf0b
  acc_nonce 2
  balance 999999999999808000
  code 0
 addr 0xb94f5374fce5edbc8e2a8697c15331677e6ebf0b
  acc_nonce 0
  balance 0
  code 133 96 0 53 96 0 82 96 32 53 96 32 82 96 64 53 96 64 82 96 96 53 96 96 82 96 128 53 96 128 82 96 160 53 96 160 82 96 192 53 96 192 82 96 64 97 1 44 96 128 96 0 96 0 96 6 98 7 161 32 242 96 0 85 96 64 97 1 144 96 96 96 128 96 0 96 7 98 7 161 32 242 96 1 85 97 1 44 81 96 10 85 97 1 76 81 96 11 85 97 1 144 81 96 20 85 97 1 176 81 96 21 85 96 20 84 96 10 84 20 96 2 85 96 21 84 96 11 84 20 96 3 85 0
blocks
 block 0
  coinbase 0x68795c4aa09d6f4ed3e5deddf8c2ad3049a601da
  height 1
  difficulty 131072
  gaslimit 4015931
  timestamp 1000
  tx 0
   from 0xa94f5374fce5edbc8e2a8697c15331677e6ebf0b
   nonce 1
   to 0xb94f5374fce5edbc8e2a8697c15331677e6ebf0b
   value 0
   gasprice 1
   gas 192000
   data 224 31 77 29 128 23 123 19 119 116 61 25 1 247 13 115 137 190 127 122 53 163 91 253 35 74 138 174 230 21 184 140 73 46 221 203 89 166 81 126 134 191 190 53 201 105 20 121 255 252 110 5 128 0 12 162 112 108 152 63 247 175 203 29 184 31 77 29 128 23 123 19 119 116 61 25 1 247 13 115 137 190 127 122 53 163 91 253 35 74 138 174 230 21 184 140 73 46 221 203 89 166 81 126 134 191 190 53 201 105 20 121 255 252 110 5 128 0 12 162 112 108 152 63 247 175 203 29 184 31 77 29 128 23 123 19 119 116 61 25 1 247 13 115 137 190 127 122 53 163 91 253 35 74 138 174 230 21 184 140 73 1 134 131 25 58 224 33 162 248 146 15 237 24 108 222 93 155 19 101 17 104 101 40 28 207 136 76 31 40 177 223 143 48 100 78 114 225 49 160 41 184 80 69 182 129 129 88 93 40 51 232 72 121 185 112 145 67 225 245 147 239 255 255 255
test pointMulAdd_d6g0v0_Istanbul
pre
 addr 0xa94f5374fce5edbc8e2a8697c15331677e6ebf0b
  acc_nonce 1
  balance 1000000000000000000
  code 0
 addr 0xb94f5374fce5edbc8e2a8697c15331677e6ebf0b
  acc_nonce 0
  balance 0
  code 133 96 0 53 96 0 82 96 32 53 96 32 82 96 64 53 96 64 82 96 96 53 96 96 82 96 128 53 96 128 82 96 160 53 96 160 82 96 192 53 96 192 82 96 64 97 1 44 96 128 96 0 96 0 96 6 98 7 161 32 242 96 0 85 96 64 97 1 144 96 96 96 128 96 0 96 7 98 7 161 32 242 96 1 85 97 1 44 81 96 10 85 97 1 76 81 96 11 85 97 1 144 81 96 20 85 97 1 176 81 96 21 85 96 20 84 96 10 84 20 96 2 85 96 21 84 96 11 84 20 96 3 85 0
post
 addr 0x68795c4aa09d6f4ed3e5deddf8c2ad3049a601da
  acc_nonce 0
  balance 2000000000000194407
  code 0
 addr 0xa94f5374fce5edbc8e2a8697c15331677e6ebf0b
  acc_nonce 2
  balance 999999999999805593
  code 0
 addr 0xb94f5374fce5edbc8e2a8697c15331677e6ebf0b
  acc_nonce 0
  balance 0
  code 133 96 0 53 96 0 82 96 32 53 96 32 82 96 64 53 96 64 82 96 96 53 96 96 82 96 128 53 96 128 82 96 160 53 96 160 82 96 192 53 96 192 82 96 64 97 1 44 96 128 96 0 96 0 96 6 98 7 161 32 242 96 0 85 96 64 97 1 144 96 96 96 128 96 0 96 7 98 7 161 32 242 96 1 85 97 1 44 81 96 10 85 97 1 76 81 96 11 85 97 1 144 81 96 20 85 97 1 176 81 96 21 85 96 20 84 96 10 84 20 96 2 85 96 21 84 96 11 84 20 96 3 85 0
   kv 0x0000000000000000000000000000000000000000000000000000000000000000 0x0000000000000000000000000000000000000000000000000000000000000001
   kv 0x0000000000000000000000000000000000000000000000000000000000000001 0x0000000000000000000000000000000000000000000000000000000000000001
   kv 0x0000000000000000000000000000000000000000000000000000000000000002 0x0000000000000000000000000000000000000000000000000000000000000001
   kv 0x0000000000000000000000000000000000000000000000000000000000000003 0x0000000000000000000000000000000000000000000000000000000000000001
   kv 0x000000000000000000000000000000000000000000000000000000000000000a 0x1de49a4b0233273bba8146af82042d004f2085ec982397db0d97da17204cc286
   kv 0x000000000000000000000000000000000000000000000000000000000000000b 0x0217327ffc463919bef80cc166d09c6172639d8589799928761bcd9f22c903d4
   kv 0x0000000000000000000000000000000000000000000000000000000000000014 0x1de49a4b0233273bba8146af82042d004f2085ec982397db0d97da17204cc286
   kv 0x0000000000000000000000000000000000000000000000000000000000000015 0x0217327ffc463919bef80cc166d09c6172639d8589799928761bcd9f22c903d4
blocks
 block 0
  coinbase 0x68795c4aa09d6f4ed3e5deddf8c2ad3049a601da
  height 1
  difficulty 131072
  gaslimit 4015931
  timestamp 1000
  tx 0
   from 0xa94f5374fce5edbc8e2a8697c15331677e6ebf0b
   nonce 1
   to 0xb94f5374fce5edbc8e2a8697c15331677e6ebf0b
   value 0
   gasprice 1
   gas 2000000
   data 224 29 228 154 75 2 51 39 59 186 129 70 175 130 4 45 0 79 32 133 236 152 35 151 219 13 151 218 23 32 76 194 134 2 23 50 127 252 70 57 25 190 248 12 193 102 208 156 97 114 99 157 133 137 121 153 40 118 27 205 159 34 201 3 212 0 0 0 0 0 0 0 0 0 0 0 0 0 0 0 0 0 0 0 0 0 0 0 0 0 0 0 0 0 0 0 0 0 0 0 0 0 0 0 0 0 0 0 0 0 0 0 0 0 0 0 0 0 0 0 0 0 0 0 0 0 0 0 0 29 228 154 75 2 51 39 59 186 129 70 175 130 4 45 0 79 32 133 236 152 35 151 219 13 151 218 23 32 76 194 134 2 23 50 127 252 70 57 25 190 248 12 193 102 208 156 97 114 99 157 133 137 121 153 40 118 27 205 159 34 201 3 212 0 0 0 0 0 0 0 0 0 0 0 0 0 0 0 0 0 0 0 0 0 0 0 0 0 0 0 0 0 0 0 1
test pointMulAdd_d6g1v0_Istanbul
pre
 addr 0xa94f5374fce5edbc8e2a8697c15331677e6ebf0b
  acc_nonce 1
  balance 1000000000000000000
  code 0
 addr 0xb94f5374fce5edbc8e2a8697c15331677e6ebf0b
  acc_nonce 0
  balance 0
  code 133 96 0 53 96 0 82 96 32 53 96 32 82 96 64 53 96 64 82 96 96 53 96 96 82 96 128 53 96 128 82 96 160 53 96 160 82 96 192 53 96 192 82 96 64 97 1 44 96 128 96 0 96 0 96 6 98 7 161 32 242 96 0 85 96 64 97 1 144 96 96 96 128 96 0 96 7 98 7 161 32 242 96 1 85 97 1 44 81 96 10 85 97 1 76 81 96 11 85 97 1 144 81 96 20 85 97 1 176 81 96 21 85 96 20 84 96 10 84 20 96 2 85 96 21 84 96 11 84 20 96 3 85 0
post
 addr 0x68795c4aa09d6f4ed3e5deddf8c2ad3049a601da
  acc_nonce 0
  balance 2000000000000090000
  code 0
 addr 0xa94f5374fce5edbc8e2a8697c15331677e6ebf0b
  acc_nonce 2
  balance 999999999999910000
  code 0
 addr 0xb94f5374fce5edbc8e2a8697c15331677e6ebf0b
  acc_nonce 0
  balance 0
  code 133 96 0 53 96 0 82 96 32 53 96 32 82 96 64 53 96 64 82 96 96 53 96 96 82 96 128 53 96 128 82 96 160 53 96 160 82 96 192 53 96 192 82 96 64 97 1 44 96 128 96 0 96 0 96 6 98 7 161 32 242 96 0 85 96 64 97 1 144 96 96 96 128 96 0 96 7 98 7 161 32 242 96 1 85 97 1 44 81 96 10 85 97 1 76 81 96 11 85 97 1 144 81 96 20 85 97 1 176 81 96 21 85 96 20 84 96 10 84 20 96 2 85 96 21 84 96 11 84 20 96 3 85 0
blocks
 block 0
  coinbase 0x68795c4aa09d6f4ed3e5deddf8c2ad3049a601da
  height 1
  difficulty 131072
  gaslimit 4015931
  timestamp 1000
  tx 0
   from 0xa94f5374fce5edbc8e2a8697c15331677e6ebf0b
   nonce 1
   to 0xb94f5374fce5edbc8e2a8697c15331677e6ebf0b
   value 0
   gasprice 1
   gas 90000
   data 224 29 228 154 75 2 51 39 59 186 129 70 175 130 4 45 0 79 32 133 236 152 35 151 219 13 151 218 23 32 76 194 134 2 23 50 127 252 70 57 25 190 248 12 193 102 208 156 97 114 99 157 133 137 121 153 40 118 27 205 159 34 201 3 212 0 0 0 0 0 0 0 0 0 0 0 0 0 0 0 0 0 0 0 0 0 0 0 0 0 0 0 0 0 0 0 0 0 0 0 0 0 0 0 0 0 0 0 0 0 0 0 0 0 0 0 0 0 0 0 0 0 0 0 0 0 0 0 0 29 228 154 75 2 51 39 59 186 129 70 175 130 4 45 0 79 32 133 236 152 35 151 219 13 151 218 23 32 76 194 134 2 23 50 127 252 70 57 25 190 248 12 193 102 208 156 97 114 99 157 133 137 121 153 40 118 27 205 159 34 201 3 212 0 0 0 0 0 0 0 0 0 0 0 0 0 0 0 0 0 0 0 0 0 0 0 0 0 0 0 0 0 0 0 1
test pointMulAdd_d6g2v0_Istanbul
pre
 addr 0xa94f5374fce5edbc8e2a8697c15331677e6ebf0b
  acc_nonce 1
  balance 1000000000000000000
  code 0
 addr 0xb94f5374fce5edbc8e2a8697c15331677e6ebf0b
  acc_nonce 0
  balance 0
  code 133 96 0 53 96 0 82 96 32 53 96 32 82 96 64 53 96 64 82 96 96 53 96 96 82 96 128 53 96 128 82 96 160 53 96 160 82 96 192 53 96 192 82 96 64 97 1 44 96 128 96 0 96 0 96 6 98 7 161 32 242 96 0 85 96 64 97 1 144 96 96 96 128 96 0 96 7 98 7 161 32 242 96 1 85 97 1 44 81 96 10 85 97 1 76 81 96 11 85 97 1 144 81 96 20 85 97 1 176 81 96 21 85 96 20 84 96 10 84 20 96 2 85 96 21 84 96 11 84 20 96 3 85 0
post
 addr 0x68795c4aa09d6f4ed3e5deddf8c2ad3049a601da
  acc_nonce 0
  balance 2000000000000110000
  code 0
 addr 0xa94f5374fce5edbc8e2a8697c15331677e6ebf0b
  acc_nonce 2
  balance 999999999999890000
  code 0
 addr 0xb94f5374fce5edbc8e2a8697c15331677e6ebf0b
  acc_nonce 0
  balance 0
  code 133 96 0 53 96 0 82 96 32 53 96 32 82 96 64 53 96 64 82 96 96 53 96 96 82 96 128 53 96 128 82 96 160 53 96 160 82 96 192 53 96 192 82 96 64 97 1 44 96 128 96 0 96 0 96 6 98 7 161 32 242 96 0 85 96 64 97 1 144 96 96 96 128 96 0 96 7 98 7 161 32 242 96 1 85 97 1 44 81 96 10 85 97 1 76 81 96 11 85 97 1 144 81 96 20 85 97 1 176 81 96 21 85 96 20 84 96 10 84 20 96 2 85 96 21 84 96 11 84 20 96 3 85 0
blocks
 block 0
  coinbase 0x68795c4aa09d6f4ed3e5deddf8c2ad3049a601da
  height 1
  difficulty 131072
  gaslimit 4015931
  timestamp 1000
  tx 0
   from 0xa94f5374fce5edbc8e2a8697c15331677e6ebf0b
   nonce 1
   to 0xb94f5374fce5edbc8e2a8697c15331677e6ebf0b
   value 0
   gasprice 1
   gas 110000
   data 224 29 228 154 75 2 51 39 59 186 129 70 175 130 4 45 0 79 32 133 236 152 35 151 219 13 151 218 23 32 76 194 134 2 23 50 127 252 70 57 25 190 248 12 193 102 208 156 97 114 99 157 133 137 121 153 40 118 27 205 159 34 201 3 212 0 0 0 0 0 0 0 0 0 0 0 0 0 0 0 0 0 0 0 0 0 0 0 0 0 0 0 0 0 0 0 0 0 0 0 0 0 0 0 0 0 0 0 0 0 0 0 0 0 0 0 0 0 0 0 0 0 0 0 0 0 0 0 0 29 228 154 75 2 51 39 59 186 129 70 175 130 4 45 0 79 32 133 236 152 35 151 219 13 151 218 23 32 76 194 134 2 23 50 127 252 70 57 25 190 248 12 193 102 208 156 97 114 99 157 133 137 121 153 40 118 27 205 159 34 201 3 212 0 0 0 0 0 0 0 0 0 0 0 0 0 0 0 0 0 0 0 0 0 0 0 0 0 0 0 0 0 0 0 1
test pointMulAdd_d6g3v0_Istanbul
pre
 addr 0xa94f5374fce5edbc8e2a8697c15331677e6ebf0b
  acc_nonce 1
  balance 1000000000000000000
  code 0
 addr 0xb94f5374fce5edbc8e2a8697c15331677e6ebf0b
  acc_nonce 0
  balance 0
  code 133 96 0 53 96 0 82 96 32 53 96 32 82 96 64 53 96 64 82 96 96 53 96 96 82 96 128 53 96 128 82 96 160 53 96 160 82 96 192 53 96 192 82 96 64 97 1 44 96 128 96 0 96 0 96 6 98 7 161 32 242 96 0 85 96 64 97 1 144 96 96 96 128 96 0 96 7 98 7 161 32 242 96 1 85 97 1 44 81 96 10 85 97 1 76 81 96 11 85 97 1 144 81 96 20 85 97 1 176 81 96 21 85 96 20 84 96 10 84 20 96 2 85 96 21 84 96 11 84 20 96 3 85 0
post
 addr 0x68795c4aa09d6f4ed3e5deddf8c2ad3049a601da
  acc_nonce 0
  balance 2000000000000192000
  code 0
 addr 0xa94f5374fce5edbc8e2a8697c15331677e6ebf0b
  acc_nonce 2
  balance 999999999999808000
  code 0
 addr 0xb94f5374fce5edbc8e2a8697c15331677e6ebf0b
  acc_nonce 0
  balance 0
  code 133 96 0 53 96 0 82 96 32 53 96 32 82 96 64 53 96 64 82 96 96 53 96 96 82 96 128 53 96 128 82 96 160 53 96 160 82 96 192 53 96 192 82 96 64 97 1 44 96 128 96 0 96 0 96 6 98 7 161 32 242 96 0 85 96 64 97 1 144 96 96 96 128 96 0 96 7 98 7 161 32 242 96 1 85 97 1 44 81 96 10 85 97 1 76 81 96 11 85 97 1 144 81 96 20 85 97 1 176 81 96 21 85 96 20 84 96 10 84 20 96 2 85 96 21 84 96 11 84 20 96 3 85 0
blocks
 block 0
  coinbase 0x68795c4aa09d6f4ed3e5deddf8c2ad3049a601da
  height 1
  difficulty 131072
  gaslimit 4015931
  timestamp 1000
  tx 0
   from 0xa94f5374fce5edbc8e2a8697c15331677e6ebf0b
   nonce 1
   to 0xb94f5374fce5edbc8e2a8697c15331677e6ebf0b
   value 0
   gasprice 1
   gas 192000
   data 224 29 228 154 75 2 51 39 59 186 129 70 175 130 4 45 0 79 32 133 236 152 35 151 219 13 151 218 23 32 76 194 134 2 23 50 127 252 70 57 25 190 248 12 193 102 208 156 97 114 99 157 133 137 121 153 40 118 27 205 159 34 201 3 212 0 0 0 0 0 0 0 0 0 0 0 0 0 0 0 0 0 0 0 0 0 0 0 0 0 0 0 0 0 0 0 0 0 0 0 0 0 0 0 0 0 0 0 0 0 0 0 0 0 0 0 0 0 0 0 0 0 0 0 0 0 0 0 0 29 228 154 75 2 51 39 59 186 129 70 175 130 4 45 0 79 32 133 236 152 35 151 219 13 151 218 23 32 76 194 134 2 23 50 127 252 70 57 25 190 248 12 193 102 208 156 97 114 99 157 133 137 121 153 40 118 27 205 159 34 201 3 212 0 0 0 0 0 0 0 0 0 0 0 0 0 0 0 0 0 0 0 0 0 0 0 0 0 0 0 0 0 0 0 1
test pointMulAdd_d7g0v0_Istanbul
pre
 addr 0xa94f5374fce5edbc8e2a8697c15331677e6ebf0b
  acc_nonce 1
  balance 1000000000000000000
  code 0
 addr 0xb94f5374fce5edbc8e2a8697c15331677e6ebf0b
  acc_nonce 0
  balance 0
  code 133 96 0 53 96 0 82 96 32 53 96 32 82 96 64 53 96 64 82 96 96 53 96 96 82 96 128 53 96 128 82 96 160 53 96 160 82 96 192 53 96 192 82 96 64 97 1 44 96 128 96 0 96 0 96 6 98 7 161 32 242 96 0 85 96 64 97 1 144 96 96 96 128 96 0 96 7 98 7 161 32 242 96 1 85 97 1 44 81 96 10 85 97 1 76 81 96 11 85 97 1 144 81 96 20 85 97 1 176 81 96 21 85 96 20 84 96 10 84 20 96 2 85 96 21 84 96 11 84 20 96 3 85 0
post
 addr 0x68795c4aa09d6f4ed3e5deddf8c2ad3049a601da
  acc_nonce 0
  balance 2000000000000154903
  code 0
 addr 0xa94f5374fce5edbc8e2a8697c15331677e6ebf0b
  acc_nonce 2
  balance 999999999999845097
  code 0
 addr 0xb94f5374fce5edbc8e2a8697c15331677e6ebf0b
  acc_nonce 0
  balance 0
  code 133 96 0 53 96 0 82 96 32 53 96 32 82 96 64 53 96 64 82 96 96 53 96 96 82 96 128 53 96 128 82 96 160 53 96 160 82 96 192 53 96 192 82 96 64 97 1 44 96 128 96 0 96 0 96 6 98 7 161 32 242 96 0 85 96 64 97 1 144 96 96 96 128 96 0 96 7 98 7 161 32 242 96 1 85 97 1 44 81 96 10 85 97 1 76 81 96 11 85 97 1 144 81 96 20 85 97 1 176 81 96 21 85 96 20 84 96 10 84 20 96 2 85 96 21 84 96 11 84 20 96 3 85 0
   kv 0x0000000000000000000000000000000000000000000000000000000000000000 0x0000000000000000000000000000000000000000000000000000000000000001
   kv 0x0000000000000000000000000000000000000000000000000000000000000001 0x0000000000000000000000000000000000000000000000000000000000000001
   kv 0x000000000000000000000000000000000000000000000000000000000000000a 0x030644e72e131a029b85045b68181585d97816a916871ca8d3c208c16d87cfd3
   kv 0x000000000000000000000000000000000000000000000000000000000000000b 0x15ed738c0e0a7c92e7845f96b2ae9c0a68a6a449e3538fc7ff3ebf7a5a18a2c4
   kv 0x0000000000000000000000000000000000000000000000000000000000000014 0x0000000000000000000000000000000000000000000000000000000000000001
   kv 0x0000000000000000000000000000000000000000000000000000000000000015 0x30644e72e131a029b85045b68181585d97816a916871ca8d3c208c16d87cfd45
blocks
 block 0
  coinbase 0x68795c4aa09d6f4ed3e5deddf8c2ad3049a601da
  height 1
  difficulty 131072
  gaslimit 4015931
  timestamp 1000
  tx 0
   from 0xa94f5374fce5edbc8e2a8697c15331677e6ebf0b
   nonce 1
   to 0xb94f5374fce5edbc8e2a8697c15331677e6ebf0b
   value 0
   gasprice 1
   gas 2000000
   data 224 0 0 0 0 0 0 0 0 0 0 0 0 0 0 0 0 0 0 0 0 0 0 0 0 0 0 0 0 0 0 0 1 0 0 0 0 0 0 0 0 0 0 0 0 0 0 0 0 0 0 0 0 0 0 0 0 0 0 0 0 0 0 0 2 0 0 0 0 0 0 0 0 0 0 0 0 0 0 0 0 0 0 0 0 0 0 0 0 0 0 0 0 0 0 0 1 0 0 0 0 0 0 0 0 0 0 0 0 0 0 0 0 0 0 0 0 0 0 0 0 0 0 0 0 0 0 0 2 0 0 0 0 0 0 0 0 0 0 0 0 0 0 0 0 0 0 0 0 0 0 0 0 0 0 0 0 0 0 0 1 0 0 0 0 0 0 0 0 0 0 0 0 0 0 0 0 0 0 0 0 0 0 0 0 0 0 0 0 0 0 0 2 48 100 78 114 225 49 160 41 184 80 69 182 129 129 88 93 40 51 232 72 121 185 112 145 67 225 245 147 240 0 0 0
test pointMulAdd_d7g1v0_Istanbul
pre
 addr 0xa94f5374fce5edbc8e2a8697c15331677e6ebf0b
  acc_nonce 1
  balance 1000000000000000000
  code 0
 addr 0xb94f5374fce5edbc8e2a8697c15331677e6ebf0b
  acc_nonce 0
  balance 0
  code 133 96 0 53 96 0 82 96 32 53 96 32 82 96 64 53 96 64 82 96 96 53 96 96 82 96 128 53 96 128 82 96 160 53 96 160 82 96 192 53 96 192 82 96 64 97 1 44 96 128 96 0 96 0 96 6 98 7 161 32 242 96 0 85 96 64 97 1 144 96 96 96 128 96 0 96 7 98 7 161 32 242 96 1 85 97 1 44 81 96 10 85 97 1 76 81 96 11 85 97 1 144 81 96 20 85 97 1 176 81 96 21 85 96 20 84 96 10 84 20 96 2 85 96 21 84 96 11 84 20 96 3 85 0
post
 addr 0x68795c4aa09d6f4ed3e5deddf8c2ad3049a601da
  acc_nonce 0
  balance 2000000000000090000
  code 0
 addr 0xa94f5374fce5edbc8e2a8697c15331677e6ebf0b
  acc_nonce 2
  balance 999999999999910000
  code 0
 addr 0xb94f5374fce5edbc8e2a8697c15331677e6ebf0b
  acc_nonce 0
  balance 0
  code 133 96 0 53 96 0 82 96 32 53 96 32 82 96 64 53 96 64 82 96 96 53 96 96 82 96 128 53 96 128 82 96 160 53 96 160 82 96 192 53 96 192 82 96 64 97 1 44 96 128 96 0 96 0 96 6 98 7 161 32 242 96 0 85 96 64 97 1 144 96 96 96 128 96 0 96 7 98 7 161 32 242 96 1 85 97 1 44 81 96 10 85 97 1 76 81 96 11 85 97 1 144 81 96 20 85 97 1 176 81 96 21 85 96 20 84 96 10 84 20 96 2 85 96 21 84 96 11 84 20 96 3 85 0
blocks
 block 0
  coinbase 0x68795c4aa09d6f4ed3e5deddf8c2ad3049a601da
  height 1
  difficulty 131072
  gaslimit 4015931
  timestamp 1000
  tx 0
   from 0xa94f5374fce5edbc8e2a8697c15331677e6ebf0b
   nonce 1
   to 0xb94f5374fce5edbc8e2a8697c15331677e6ebf0b
   value 0
   gasprice 1
   gas 90000
   data 224 0 0 0 0 0 0 0 0 0 0 0 0 0 0 0 0 0 0 0 0 0 0 0 0 0 0 0 0 0 0 0 1 0 0 0 0 0 0 0 0 0 0 0 0 0 0 0 0 0 0 0 0 0 0 0 0 0 0 0 0 0 0 0 2 0 0 0 0 0 0 0 0 0 0 0 0 0 0 0 0 0 0 0 0 0 0 0 0 0 0 0 0 0 0 0 1 0 0 0 0 0 0 0 0 0 0 0 0 0 0 0 0 0 0 0 0 0 0 0 0 0 0 0 0 0 0 0 2 0 0 0 0 0 0 0 0 0 0 0 0 0 0 0 0 0 0 0 0 0 0 0 0 0 0 0 0 0 0 0 1 0 0 0 0 0 0 0 0 0 0 0 0 0 0 0 0 0 0 0 0 0 0 0 0 0 0 0 0 0 0 0 2 48 100 78 114 225 49 160 41 184 80 69 182 129 129 88 93 40 51 232 72 121 185 112 145 67 225 245 147 240 0 0 0
test pointMulAdd_d7g2v0_Istanbul
pre
 addr 0xa94f5374fce5edbc8e2a8697c15331677e6ebf0b
  acc_nonce 1
  balance 1000000000000000000
  code 0
 addr 0xb94f5374fce5edbc8e2a8697c15331677e6ebf0b
  acc_nonce 0
  balance 0
  code 133 96 0 53 96 0 82 96 32 53 96 32 82 96 64 53 96 64 82 96 96 53 96 96 82 96 128 53 96 128 82 96 160 53 96 160 82 96 192 53 96 192 82 96 64 97 1 44 96 128 96 0 96 0 96 6 98 7 161 32 242 96 0 85 96 64 97 1 144 96 96 96 128 96 0 96 7 98 7 161 32 242 96 1 85 97 1 44 81 96 10 85 97 1 76 81 96 11 85 97 1 144 81 96 20 85 97 1 176 81 96 21 85 96 20 84 96 10 84 20 96 2 85 96 21 84 96 11 84 20 96 3 85 0
post
 addr 0x68795c4aa09d6f4ed3e5deddf8c2ad3049a601da
  acc_nonce 0
  balance 2000000000000110000
  code 0
 addr 0xa94f5374fce5edbc8e2a8697c15331677e6ebf0b
  acc_nonce 2
  balance 999999999999890000
  code 0
 addr 0xb94f5374fce5edbc8e2a8697c15331677e6ebf0b
  acc_nonce 0
  balance 0
  code 133 96 0 53 96 0 82 96 32 53 96 32 82 96 64 53 96 64 82 96 96 53 96 96 82 96 128 53 96 128 82 96 160 53 96 160 82 96 192 53 96 192 82 96 64 97 1 44 96 128 96 0 96 0 96 6 98 7 161 32 242 96 0 85 96 64 97 1 144 96 96 96 128 96 0 96 7 98 7 161 32 242 96 1 85 97 1 44 81 96 10 85 97 1 76 81 96 11 85 97 1 144 81 96 20 85 97 1 176 81 96 21 85 96 20 84 96 10 84 20 96 2 85 96 21 84 96 11 84 20 96 3 85 0
blocks
 block 0
  coinbase 0x68795c4aa09d6f4ed3e5deddf8c2ad3049a601da
  height 1
  difficulty 131072
  gaslimit 4015931
  timestamp 1000
  tx 0
   from 0xa94f5374fce5edbc8e2a8697c15331677e6ebf0b
   nonce 1
   to 0xb94f5374fce5edbc8e2a8697c15331677e6ebf0b
   value 0
   gasprice 1
   gas 110000
   data 224 0 0 0 0 0 0 0 0 0 0 0 0 0 0 0 0 0 0 0 0 0 0 0 0 0 0 0 0 0 0 0 1 0 0 0 0 0 0 0 0 0 0 0 0 0 0 0 0 0 0 0 0 0 0 0 0 0 0 0 0 0 0 0 2 0 0 0 0 0 0 0 0 0 0 0 0 0 0 0 0 0 0 0 0 0 0 0 0 0 0 0 0 0 0 0 1 0 0 0 0 0 0 0 0 0 0 0 0 0 0 0 0 0 0 0 0 0 0 0 0 0 0 0 0 0 0 0 2 0 0 0 0 0 0 0 0 0 0 0 0 0 0 0 0 0 0 0 0 0 0 0 0 0 0 0 0 0 0 0 1 0 0 0 0 0 0 0 0 0 0 0 0 0 0 0 0 0 0 0 0 0 0 0 0 0 0 0 0 0 0 0 2 48 100 78 114 225 49 160 41 184 80 69 182 129 129 88 93 40 51 232 72 121 185 112 145 67 225 245 147 240 0 0 0
test pointMulAdd_d7g3v0_Istanbul
pre
 addr 0xa94f5374fce5edbc8e2a8697c15331677e6ebf0b
  acc_nonce 1
  balance 1000000000000000000
  code 0
 addr 0xb94f5374fce5edbc8e2a8697c15331677e6ebf0b
  acc_nonce 0
  balance 0
  code 133 96 0 53 96 0 82 96 32 53 96 32 82 96 64 53 96 64 82 96 96 53 96 96 82 96 128 53 96 128 82 96 160 53 96 160 82 96 192 53 96 192 82 96 64 97 1 44 96 128 96 0 96 0 96 6 98 7 161 32 242 96 0 85 96 64 97 1 144 96 96 96 128 96 0 96 7 98 7 161 32 242 96 1 85 97 1 44 81 96 10 85 97 1 76 81 96 11 85 97 1 144 81 96 20 85 97 1 176 81 96 21 85 96 20 84 96 10 84 20 96 2 85 96 21 84 96 11 84 20 96 3 85 0
post
 addr 0x68795c4aa09d6f4ed3e5deddf8c2ad3049a601da
  acc_nonce 0
  balance 2000000000000154903
  code 0
 addr 0xa94f5374fce5edbc8e2a8697c15331677e6ebf0b
  acc_nonce 2
  balance 999999999999845097
  code 0
 addr 0xb94f5374fce5edbc8e2a8697c15331677e6ebf0b
  acc_nonce 0
  balance 0
  code 133 96 0 53 96 0 82 96 32 53 96 32 82 96 64 53 96 64 82 96 96 53 96 96 82 96 128 53 96 128 82 96 160 53 96 160 82 96 192 53 96 192 82 96 64 97 1 44 96 128 96 0 96 0 96 6 98 7 161 32 242 96 0 85 96 64 97 1 144 96 96 96 128 96 0 96 7 98 7 161 32 242 96 1 85 97 1 44 81 96 10 85 97 1 76 81 96 11 85 97 1 144 81 96 20 85 97 1 176 81 96 21 85 96 20 84 96 10 84 20 96 2 85 96 21 84 96 11 84 20 96 3 85 0
   kv 0x0000000000000000000000000000000000000000000000000000000000000000 0x0000000000000000000000000000000000000000000000000000000000000001
   kv 0x0000000000000000000000000000000000000000000000000000000000000001 0x0000000000000000000000000000000000000000000000000000000000000001
   kv 0x000000000000000000000000000000000000000000000000000000000000000a 0x030644e72e131a029b85045b68181585d97816a916871ca8d3c208c16d87cfd3
   kv 0x000000000000000000000000000000000000000000000000000000000000000b 0x15ed738c0e0a7c92e7845f96b2ae9c0a68a6a449e3538fc7ff3ebf7a5a18a2c4
   kv 0x0000000000000000000000000000000000000000000000000000000000000014 0x0000000000000000000000000000000000000000000000000000000000000001
   kv 0x0000000000000000000000000000000000000000000000000000000000000015 0x30644e72e131a029b85045b68181585d97816a916871ca8d3c208c16d87cfd45
blocks
 block 0
  coinbase 0x68795c4aa09d6f4ed3e5deddf8c2ad3049a601da
  height 1
  difficulty 131072
  gaslimit 4015931
  timestamp 1000
  tx 0
   from 0xa94f5374fce5edbc8e2a8697c15331677e6ebf0b
   nonce 1
   to 0xb94f5374fce5edbc8e2a8697c15331677e6ebf0b
   value 0
   gasprice 1
   gas 192000
   data 224 0 0 0 0 0 0 0 0 0 0 0 0 0 0 0 0 0 0 0 0 0 0 0 0 0 0 0 0 0 0 0 1 0 0 0 0 0 0 0 0 0 0 0 0 0 0 0 0 0 0 0 0 0 0 0 0 0 0 0 0 0 0 0 2 0 0 0 0 0 0 0 0 0 0 0 0 0 0 0 0 0 0 0 0 0 0 0 0 0 0 0 0 0 0 0 1 0 0 0 0 0 0 0 0 0 0 0 0 0 0 0 0 0 0 0 0 0 0 0 0 0 0 0 0 0 0 0 2 0 0 0 0 0 0 0 0 0 0 0 0 0 0 0 0 0 0 0 0 0 0 0 0 0 0 0 0 0 0 0 1 0 0 0 0 0 0 0 0 0 0 0 0 0 0 0 0 0 0 0 0 0 0 0 0 0 0 0 0 0 0 0 2 48 100 78 114 225 49 160 41 184 80 69 182 129 129 88 93 40 51 232 72 121 185 112 145 67 225 245 147 240 0 0 0
test pointMulAdd_d8g0v0_Istanbul
pre
 addr 0xa94f5374fce5edbc8e2a8697c15331677e6ebf0b
  acc_nonce 1
  balance 1000000000000000000
  code 0
 addr 0xb94f5374fce5edbc8e2a8697c15331677e6ebf0b
  acc_nonce 0
  balance 0
  code 133 96 0 53 96 0 82 96 32 53 96 32 82 96 64 53 96 64 82 96 96 53 96 96 82 96 128 53 96 128 82 96 160 53 96 160 82 96 192 53 96 192 82 96 64 97 1 44 96 128 96 0 96 0 96 6 98 7 161 32 242 96 0 85 96 64 97 1 144 96 96 96 128 96 0 96 7 98 7 161 32 242 96 1 85 97 1 44 81 96 10 85 97 1 76 81 96 11 85 97 1 144 81 96 20 85 97 1 176 81 96 21 85 96 20 84 96 10 84 20 96 2 85 96 21 84 96 11 84 20 96 3 85 0
post
 addr 0x68795c4aa09d6f4ed3e5deddf8c2ad3049a601da
  acc_nonce 0
  balance 2000000000000116527
  code 0
 addr 0xa94f5374fce5edbc8e2a8697c15331677e6ebf0b
  acc_nonce 2
  balance 999999999999883473
  code 0
 addr 0xb94f5374fce5edbc8e2a8697c15331677e6ebf0b
  acc_nonce 0
  balance 0
  code 133 96 0 53 96 0 82 96 32 53 96 32 82 96 64 53 96 64 82 96 96 53 96 96 82 96 128 53 96 128 82 96 160 53 96 160 82 96 192 53 96 192 82 96 64 97 1 44 96 128 96 0 96 0 96 6 98 7 161 32 242 96 0 85 96 64 97 1 144 96 96 96 128 96 0 96 7 98 7 161 32 242 96 1 85 97 1 44 81 96 10 85 97 1 76 81 96 11 85 97 1 144 81 96 20 85 97 1 176 81 96 21 85 96 20 84 96 10 84 20 96 2 85 96 21 84 96 11 84 20 96 3 85 0
   kv 0x0000000000000000000000000000000000000000000000000000000000000000 0x0000000000000000000000000000000000000000000000000000000000000001
   kv 0x0000000000000000000000000000000000000000000000000000000000000001 0x0000000000000000000000000000000000000000000000000000000000000001
   kv 0x0000000000000000000000000000000000000000000000000000000000000002 0x0000000000000000000000000000000000000000000000000000000000000001
   kv 0x0000000000000000000000000000000000000000000000000000000000000003 0x0000000000000000000000000000000000000000000000000000000000000001
blocks
 block 0
  coinbase 0x68795c4aa09d6f4ed3e5deddf8c2ad3049a601da
  height 1
  difficulty 131072
  gaslimit 4015931
  timestamp 1000
  tx 0
   from 0xa94f5374fce5edbc8e2a8697c15331677e6ebf0b
   nonce 1
   to 0xb94f5374fce5edbc8e2a8697c15331677e6ebf0b
   value 0
   gasprice 1
   gas 2000000
   data 224 0 0 0 0 0 0 0 0 0 0 0 0 0 0 0 0 0 0 0 0 0 0 0 0 0 0 0 0 0 0 0 1 0 0 0 0 0 0 0 0 0 0 0 0 0 0 0 0 0 0 0 0 0 0 0 0 0 0 0 0 0 0 0 2 0 0 0 0 0 0 0 0 0 0 0 0 0 0 0 0 0 0 0 0 0 0 0 0 0 0 0 0 0 0 0 1 48 100 78 114 225 49 160 41 184 80 69 182 129 129 88 93 151 129 106 145 104 113 202 141 60 32 140 22 216 124 253 69 0 0 0 0 0 0 0 0 0 0 0 0 0 0 0 0 0 0 0 0 0 0 0 0 0 0 0 0 0 0 0 1 0 0 0 0 0 0 0 0 0 0 0 0 0 0 0 0 0 0 0 0 0 0 0 0 0 0 0 0 0 0 0 2 0 0 0 0 0 0 0 0 0 0 0 0 0 0 0 0 0 0 0 0 0 0 0 0 0 0 0 0 0 0 0 0
test pointMulAdd_d8g1v0_Istanbul
pre
 addr 0xa94f5374fce5edbc8e2a8697c15331677e6ebf0b
  acc_nonce 1
  balance 1000000000000000000
  code 0
 addr 0xb94f5374fce5edbc8e2a8697c15331677e6ebf0b
  acc_nonce 0
  balance 0
  code 133 96 0 53 96 0 82 96 32 53 96 32 82 96 64 53 96 64 82 96 96 53 96 96 82 96 128 53 96 128 82 96 160 53 96 160 82 96 192 53 96 192 82 96 64 97 1 44 96 128 96 0 96 0 96 6 98 7 161 32 242 96 0 85 96 64 97 1 144 96 96 96 128 96 0 96 7 98 7 161 32 242 96 1 85 97 1 44 81 96 10 85 97 1 76 81 96 11 85 97 1 144 81 96 20 85 97 1 176 81 96 21 85 96 20 84 96 10 84 20 96 2 85 96 21 84 96 11 84 20 96 3 85 0
post
 addr 0x68795c4aa09d6f4ed3e5deddf8c2ad3049a601da
  acc_nonce 0
  balance 2000000000000090000
  code 0
 addr 0xa94f5374fce5edbc8e2a8697c15331677e6ebf0b
  acc_nonce 2
  balance 999999999999910000
  code 0
 addr 0xb94f5374fce5edbc8e2a8697c15331677e6ebf0b
  acc_nonce 0
  balance 0
  code 133 96 0 53 96 0 82 96 32 53 96 32 82 96 64 53 96 64 82 96 96 53 96 96 82 96 128 53 96 128 82 96 160 53 96 160 82 96 192 53 96 192 82 96 64 97 1 44 96 128 96 0 96 0 96 6 98 7 161 32 242 96 0 85 96 64 97 1 144 96 96 96 128 96 0 96 7 98 7 161 32 242 96 1 85 97 1 44 81 96 10 85 97 1 76 81 96 11 85 97 1 144 81 96 20 85 97 1 176 81 96 21 85 96 20 84 96 10 84 20 96 2 85 96 21 84 96 11 84 20 96 3 85 0
blocks
 block 0
  coinbase 0x68795c4aa09d6f4ed3e5deddf8c2ad3049a601da
  height 1
  difficulty 131072
  gaslimit 4015931
  timestamp 1000
  tx 0
   from 0xa94f5374fce5edbc8e2a8697c15331677e6ebf0b
   nonce 1
   to 0xb94f5374fce5edbc8e2a8697c15331677e6ebf0b
   value 0
   gasprice 1
   gas 90000
   data 224 0 0 0 0 0 0 0 0 0 0 0 0 0 0 0 0 0 0 0 0 0 0 0 0 0 0 0 0 0 0 0 1 0 0 0 0 0 0 0 0 0 0 0 0 0 0 0 0 0 0 0 0 0 0 0 0 0 0 0 0 0 0 0 2 0 0 0 0 0 0 0 0 0 0 0 0 0 0 0 0 0 0 0 0 0 0 0 0 0 0 0 0 0 0 0 1 48 100 78 114 225 49 160 41 184 80 69 182 129 129 88 93 151 129 106 145 104 113 202 141 60 32 140 22 216 124 253 69 0 0 0 0 0 0 0 0 0 0 0 0 0 0 0 0 0 0 0 0 0 0 0 0 0 0 0 0 0 0 0 1 0 0 0 0 0 0 0 0 0 0 0 0 0 0 0 0 0 0 0 0 0 0 0 0 0 0 0 0 0 0 0 2 0 0 0 0 0 0 0 0 0 0 0 0 0 0 0 0 0 0 0 0 0 0 0 0 0 0 0 0 0 0 0 0
test pointMulAdd_d8g2v0_Istanbul
pre
 addr 0xa94f5374fce5edbc8e2a8697c15331677e6ebf0b
  acc_nonce 1
  balance 1000000000000000000
  code 0
 addr 0xb94f5374fce5edbc8e2a8697c15331677e6ebf0b
  acc_nonce 0
  balance 0
  code 133 96 0 53 96 0 82 96 32 53 96 32 82 96 64 53 96 64 82 96 96 53 96 96 82 96 128 53 96 128 82 96 160 53 96 160 82 96 192 53 96 192 82 96 64 97 1 44 96 128 96 0 96 0 96 6 98 7 161 32 242 96 0 85 96 64 97 1 144 96 96 96 128 96 0 96 7 98 7 161 32 242 96 1 85 97 1 44 81 96 10 85 97 1 76 81 96 11 85 97 1 144 81 96 20 85 97 1 176 81 96 21 85 96 20 84 96 10 84 20 96 2 85 96 21 84 96 11 84 20 96 3 85 0
post
 addr 0x68795c4aa09d6f4ed3e5deddf8c2ad3049a601da
  acc_nonce 0
  balance 2000000000000110000
  code 0
 addr 0xa94f5374fce5edbc8e2a8697c15331677e6ebf0b
  acc_nonce 2
  balance 999999999999890000
  code 0
 addr 0xb94f5374fce5edbc8e2a8697c15331677e6ebf0b
  acc_nonce 0
  balance 0
  code 133 96 0 53 96 0 82 96 32 53 96 32 82 96 64 53 96 64 82 96 96 53 96 96 82 96 128 53 96 128 82 96 160 53 96 160 82 96 192 53 96 192 82 96 64 97 1 44 96 128 96 0 96 0 96 6 98 7 161 32 242 96 0 85 96 64 97 1 144 96 96 96 128 96 0 96 7 98 7 161 32 242 96 1 85 97 1 44 81 96 10 85 97 1 76 81 96 11 85 97 1 144 81 96 20 85 97 1 176 81 96 21 85 96 20 84 96 10 84 20 96 2 85 96 21 84 96 11 84 20 96 3 85 0
blocks
 block 0
  coinbase 0x68795c4aa09d6f4ed3e5deddf8c2ad3049a601da
  height 1
  difficulty 131072
  gaslimit 4015931
  timestamp 1000
  tx 0
   from 0xa94f5374fce5edbc8e2a8697c15331677e6ebf0b
   nonce 1
   to 0xb94f5374fce5edbc8e2a8697c15331677e6ebf0b
   value 0
   gasprice 1
   gas 110000
   data 224 0 0 0 0 0 0 0 0 0 0 0 0 0 0 0 0 0 0 0 0 0 0 0 0 0 0 0 0 0 0 0 1 0 0 0 0 0 0 0 0 0 0 0 0 0 0 0 0 0 0 0 0 0 0 0 0 0 0 0 0 0 0 0 2 0 0 0 0 0 0 0 0 0 0 0 0 0 0 0 0 0 0 0 0 0 0 0 0 0 0 0 0 0 0 0 1 48 100 78 114 225 49 160 41 184 80 69 182 129 129 88 93 151 129 106 145 104 113 202 141 60 32 140 22 216 124 253 69 0 0 0 0 0 0 0 0 0 0 0 0 0 0 0 0 0 0 0 0 0 0 0 0 0 0 0 0 0 0 0 1 0 0 0 0 0 0 0 0 0 0 0 0 0 0 0 0 0 0 0 0 0 0 0 0 0 0 0 0 0 0 0 2 0 0 0 0 0 0 0 0 0 0 0 0 0 0 0 0 0 0 0 0 0 0 0 0 0 0 0 0 0 0 0 0
test pointMulAdd_d8g3v0_Istanbul
pre
 addr 0xa94f5374fce5edbc8e2a8697c15331677e6ebf0b
  acc_nonce 1
  balance 1000000000000000000
  code 0
 addr 0xb94f5374fce5edbc8e2a8697c15331677e6ebf0b
  acc_nonce 0
  balance 0
  code 133 96 0 53 96 0 82 96 32 53 96 32 82 96 64 53 96 64 82 96 96 53 96 96 82 96 128 53 96 128 82 96 160 53 96 160 82 96 192 53 96 192 82 96 64 97 1 44 96 128 96 0 96 0 96 6 98 7 161 32 242 96 0 85 96 64 97 1 144 96 96 96 128 96 0 96 7 98 7 161 32 242 96 1 85 97 1 44 81 96 10 85 97 1 76 81 96 11 85 97 1 144 81 96 20 85 97 1 176 81 96 21 85 96 20 84 96 10 84 20 96 2 85 96 21 84 96 11 84 20 96 3 85 0
post
 addr 0x68795c4aa09d6f4ed3e5deddf8c2ad3049a601da
  acc_nonce 0
  balance 2000000000000116527
  code 0
 addr 0xa94f5374fce5edbc8e2a8697c15331677e6ebf0b
  acc_nonce 2
  balance 999999999999883473
  code 0
 addr 0xb94f5374fce5edbc8e2a8697c15331677e6ebf0b
  acc_nonce 0
  balance 0
  code 133 96 0 53 96 0 82 96 32 53 96 32 82 96 64 53 96 64 82 96 96 53 96 96 82 96 128 53 96 128 82 96 160 53 96 160 82 96 192 53 96 192 82 96 64 97 1 44 96 128 96 0 96 0 96 6 98 7 161 32 242 96 0 85 96 64 97 1 144 96 96 96 128 96 0 96 7 98 7 161 32 242 96 1 85 97 1 44 81 96 10 85 97 1 76 81 96 11 85 97 1 144 81 96 20 85 97 1 176 81 96 21 85 96 20 84 96 10 84 20 96 2 85 96 21 84 96 11 84 20 96 3 85 0
   kv 0x0000000000000000000000000000000000000000000000000000000000000000 0x0000000000000000000000000000000000000000000000000000000000000001
   kv 0x0000000000000000000000000000000000000000000000000000000000000001 0x0000000000000000000000000000000000000000000000000000000000000001
   kv 0x0000000000000000000000000000000000000000000000000000000000000002 0x0000000000000000000000000000000000000000000000000000000000000001
   kv 0x0000000000000000000000000000000000000000000000000000000000000003 0x0000000000000000000000000000000000000000000000000000000000000001
blocks
 block 0
  coinbase 0x68795c4aa09d6f4ed3e5deddf8c2ad3049a601da
  height 1
  difficulty 131072
  gaslimit 4015931
  timestamp 1000
  tx 0
   from 0xa94f5374fce5edbc8e2a8697c15331677e6ebf0b
   nonce 1
   to 0xb94f5374fce5edbc8e2a8697c15331677e6ebf0b
   value 0
   gasprice 1
   gas 192000
   data 224 0 0 0 0 0 0 0 0 0 0 0 0 0 0 0 0 0 0 0 0 0 0 0 0 0 0 0 0 0 0 0 1 0 0 0 0 0 0 0 0 0 0 0 0 0 0 0 0 0 0 0 0 0 0 0 0 0 0 0 0 0 0 0 2 0 0 0 0 0 0 0 0 0 0 0 0 0 0 0 0 0 0 0 0 0 0 0 0 0 0 0 0 0 0 0 1 48 100 78 114 225 49 160 41 184 80 69 182 129 129 88 93 151 129 106 145 104 113 202 141 60 32 140 22 216 124 253 69 0 0 0 0 0 0 0 0 0 0 0 0 0 0 0 0 0 0 0 0 0 0 0 0 0 0 0 0 0 0 0 1 0 0 0 0 0 0 0 0 0 0 0 0 0 0 0 0 0 0 0 0 0 0 0 0 0 0 0 0 0 0 0 2 0 0 0 0 0 0 0 0 0 0 0 0 0 0 0 0 0 0 0 0 0 0 0 0 0 0 0 0 0 0 0 0
