test pointAddTrunc_d0g0v0_Istanbul
pre
 addr 0xa94f5374fce5edbc8e2a8697c15331677e6ebf0b
  acc_nonce 1
  balance 1000000000000000000
  code 0
 addr 0xb94f5374fce5edbc8e2a8697c15331677e6ebf0b
  acc_nonce 0
  balance 0
  code 57 96 0 53 96 0 82 96 32 53 96 32 82 96 64 53 96 64 82 96 96 53 96 96 82 96 64 96 200 96 64 96 0 96 0 96 6 98 7 161 32 242 96 0 85 96 200 81 96 1 85 96 232 81 96 2 85 0
post
 addr 0x68795c4aa09d6f4ed3e5deddf8c2ad3049a601da
  acc_nonce 0
  balance 2000000000000082527
  code 0
 addr 0xa94f5374fce5edbc8e2a8697c15331677e6ebf0b
  acc_nonce 2
  balance 999999999999917473
  code 0
 addr 0xb94f5374fce5edbc8e2a8697c15331677e6ebf0b
  acc_nonce 0
  balance 0
  code 57 96 0 53 96 0 82 96 32 53 96 32 82 96 64 53 96 64 82 96 96 53 96 96 82 96 64 96 200 96 64 96 0 96 0 96 6 98 7 161 32 242 96 0 85 96 200 81 96 1 85 96 232 81 96 2 85 0
   kv 0x0000000000000000000000000000000000000000000000000000000000000000 0x0000000000000000000000000000000000000000000000000000000000000001
   kv 0x0000000000000000000000000000000000000000000000000000000000000001 0x0000000000000000000000000000000000000000000000000000000000000001
   kv 0x0000000000000000000000000000000000000000000000000000000000000002 0x0000000000000000000000000000000000000000000000000000000000000002
blocks
 block 0
  coinbase 0x68795c4aa09d6f4ed3e5deddf8c2ad3049a601da
  height 1
  difficulty 131072
  gaslimit 4015931
  timestamp 1000
  tx 0
   from 0xa94f5374fce5edbc8e2a8697c15331677e6ebf0b
   nonce 1
   to 0xb94f5374fce5edbc8e2a8697c15331677e6ebf0b
   value 0
   gasprice 1
   gas 1000000
   data 128 0 0 0 0 0 0 0 0 0 0 0 0 0 0 0 0 0 0 0 0 0 0 0 0 0 0 0 0 0 0 0 1 0 0 0 0 0 0 0 0 0 0 0 0 0 0 0 0 0 0 0 0 0 0 0 0 0 0 0 0 0 0 0 2 0 0 0 0 0 0 0 0 0 0 0 0 0 0 0 0 0 0 0 0 0 0 0 0 0 0 0 0 0 0 0 1 0 0 0 0 0 0 0 0 0 0 0 0 0 0 0 0 0 0 0 0 0 0 0 0 0 0 0 0 0 0 0 2
test pointAddTrunc_d0g1v0_Istanbul
pre
 addr 0xa94f5374fce5edbc8e2a8697c15331677e6ebf0b
  acc_nonce 1
  balance 1000000000000000000
  code 0
 addr 0xb94f5374fce5edbc8e2a8697c15331677e6ebf0b
  acc_nonce 0
  balance 0
  code 57 96 0 53 96 0 82 96 32 53 96 32 82 96 64 53 96 64 82 96 96 53 96 96 82 96 64 96 200 96 64 96 0 96 0 96 6 98 7 161 32 242 96 0 85 96 200 81 96 1 85 96 232 81 96 2 85 0
post
 addr 0x68795c4aa09d6f4ed3e5deddf8c2ad3049a601da
  acc_nonce 0
  balance 2000000000000082527
  code 0
 addr 0xa94f5374fce5edbc8e2a8697c15331677e6ebf0b
  acc_nonce 2
  balance 999999999999917473
  code 0
 addr 0xb94f5374fce5edbc8e2a8697c15331677e6ebf0b
  acc_nonce 0
  balance 0
  code 57 96 0 53 96 0 82 96 32 53 96 32 82 96 64 53 96 64 82 96 96 53 96 96 82 96 64 96 200 96 64 96 0 96 0 96 6 98 7 161 32 242 96 0 85 96 200 81 96 1 85 96 232 81 96 2 85 0
   kv 0x0000000000000000000000000000000000000000000000000000000000000000 0x0000000000000000000000000000000000000000000000000000000000000001
   kv 0x0000000000000000000000000000000000000000000000000000000000000001 0x0000000000000000000000000000000000000000000000000000000000000001
   kv 0x0000000000000000000000000000000000000000000000000000000000000002 0x0000000000000000000000000000000000000000000000000000000000000002
blocks
 block 0
  coinbase 0x68795c4aa09d6f4ed3e5deddf8c2ad3049a601da
  height 1
  difficulty 131072
  gaslimit 4015931
  timestamp 1000
  tx 0
   from 0xa94f5374fce5edbc8e2a8697c15331677e6ebf0b
   nonce 1
   to 0xb94f5374fce5edbc8e2a8697c15331677e6ebf0b
   value 0
   gasprice 1
   gas 84000
   data 128 0 0 0 0 0 0 0 0 0 0 0 0 0 0 0 0 0 0 0 0 0 0 0 0 0 0 0 0 0 0 0 1 0 0 0 0 0 0 0 0 0 0 0 0 0 0 0 0 0 0 0 0 0 0 0 0 0 0 0 0 0 0 0 2 0 0 0 0 0 0 0 0 0 0 0 0 0 0 0 0 0 0 0 0 0 0 0 0 0 0 0 0 0 0 0 1 0 0 0 0 0 0 0 0 0 0 0 0 0 0 0 0 0 0 0 0 0 0 0 0 0 0 0 0 0 0 0 2
test pointAddTrunc_d0g2v0_Istanbul
pre
 addr 0xa94f5374fce5edbc8e2a8697c15331677e6ebf0b
  acc_nonce 1
  balance 1000000000000000000
  code 0
 addr 0xb94f5374fce5edbc8e2a8697c15331677e6ebf0b
  acc_nonce 0
  balance 0
  code 57 96 0 53 96 0 82 96 32 53 96 32 82 96 64 53 96 64 82 96 96 53 96 96 82 96 64 96 200 96 64 96 0 96 0 96 6 98 7 161 32 242 96 0 85 96 200 81 96 1 85 96 232 81 96 2 85 0
post
 addr 0x68795c4aa09d6f4ed3e5deddf8c2ad3049a601da
  acc_nonce 0
  balance 2000000000000082527
  code 0
 addr 0xa94f5374fce5edbc8e2a8697c15331677e6ebf0b
  acc_nonce 2
  balance 999999999999917473
  code 0
 addr 0xb94f5374fce5edbc8e2a8697c15331677e6ebf0b
  acc_nonce 0
  balance 0
  code 57 96 0 53 96 0 82 96 32 53 96 32 82 96 64 53 96 64 82 96 96 53 96 96 82 96 64 96 200 96 64 96 0 96 0 96 6 98 7 161 32 242 96 0 85 96 200 81 96 1 85 96 232 81 96 2 85 0
   kv 0x0000000000000000000000000000000000000000000000000000000000000000 0x0000000000000000000000000000000000000000000000000000000000000001
   kv 0x0000000000000000000000000000000000000000000000000000000000000001 0x0000000000000000000000000000000000000000000000000000000000000001
   kv 0x0000000000000000000000000000000000000000000000000000000000000002 0x0000000000000000000000000000000000000000000000000000000000000002
blocks
 block 0
  coinbase 0x68795c4aa09d6f4ed3e5deddf8c2ad3049a601da
  height 1
  difficulty 131072
  gaslimit 4015931
  timestamp 1000
  tx 0
   from 0xa94f5374fce5edbc8e2a8697c15331677e6ebf0b
   nonce 1
   to 0xb94f5374fce5edbc8e2a8697c15331677e6ebf0b
   value 0
   gasprice 1
   gas 110000
   data 128 0 0 0 0 0 0 0 0 0 0 0 0 0 0 0 0 0 0 0 0 0 0 0 0 0 0 0 0 0 0 0 1 0 0 0 0 0 0 0 0 0 0 0 0 0 0 0 0 0 0 0 0 0 0 0 0 0 0 0 0 0 0 0 2 0 0 0 0 0 0 0 0 0 0 0 0 0 0 0 0 0 0 0 0 0 0 0 0 0 0 0 0 0 0 0 1 0 0 0 0 0 0 0 0 0 0 0 0 0 0 0 0 0 0 0 0 0 0 0 0 0 0 0 0 0 0 0 2
test pointAddTrunc_d0g3v0_Istanbul
pre
 addr 0xa94f5374fce5edbc8e2a8697c15331677e6ebf0b
  acc_nonce 1
  balance 1000000000000000000
  code 0
 addr 0xb94f5374fce5edbc8e2a8697c15331677e6ebf0b
  acc_nonce 0
  balance 0
  code 57 96 0 53 96 0 82 96 32 53 96 32 82 96 64 53 96 64 82 96 96 53 96 96 82 96 64 96 200 96 64 96 0 96 0 96 6 98 7 161 32 242 96 0 85 96 200 81 96 1 85 96 232 81 96 2 85 0
post
 addr 0x68795c4aa09d6f4ed3e5deddf8c2ad3049a601da
  acc_nonce 0
  balance 2000000000000082527
  code 0
 addr 0xa94f5374fce5edbc8e2a8697c15331677e6ebf0b
  acc_nonce 2
  balance 999999999999917473
  code 0
 addr 0xb94f5374fce5edbc8e2a8697c15331677e6ebf0b
  acc_nonce 0
  balance 0
  code 57 96 0 53 96 0 82 96 32 53 96 32 82 96 64 53 96 64 82 96 96 53 96 96 82 96 64 96 200 96 64 96 0 96 0 96 6 98 7 161 32 242 96 0 85 96 200 81 96 1 85 96 232 81 96 2 85 0
   kv 0x0000000000000000000000000000000000000000000000000000000000000000 0x0000000000000000000000000000000000000000000000000000000000000001
   kv 0x0000000000000000000000000000000000000000000000000000000000000001 0x0000000000000000000000000000000000000000000000000000000000000001
   kv 0x0000000000000000000000000000000000000000000000000000000000000002 0x0000000000000000000000000000000000000000000000000000000000000002
blocks
 block 0
  coinbase 0x68795c4aa09d6f4ed3e5deddf8c2ad3049a601da
  height 1
  difficulty 131072
  gaslimit 4015931
  timestamp 1000
  tx 0
   from 0xa94f5374fce5edbc8e2a8697c15331677e6ebf0b
   nonce 1
   to 0xb94f5374fce5edbc8e2a8697c15331677e6ebf0b
   value 0
   gasprice 1
   gas 200000
   data 128 0 0 0 0 0 0 0 0 0 0 0 0 0 0 0 0 0 0 0 0 0 0 0 0 0 0 0 0 0 0 0 1 0 0 0 0 0 0 0 0 0 0 0 0 0 0 0 0 0 0 0 0 0 0 0 0 0 0 0 0 0 0 0 2 0 0 0 0 0 0 0 0 0 0 0 0 0 0 0 0 0 0 0 0 0 0 0 0 0 0 0 0 0 0 0 1 0 0 0 0 0 0 0 0 0 0 0 0 0 0 0 0 0 0 0 0 0 0 0 0 0 0 0 0 0 0 0 2
test pointAddTrunc_d1g0v0_Istanbul
pre
 addr 0xa94f5374fce5edbc8e2a8697c15331677e6ebf0b
  acc_nonce 1
  balance 1000000000000000000
  code 0
 addr 0xb94f5374fce5edbc8e2a8697c15331677e6ebf0b
  acc_nonce 0
  balance 0
  code 57 96 0 53 96 0 82 96 32 53 96 32 82 96 64 53 96 64 82 96 96 53 96 96 82 96 64 96 200 96 64 96 0 96 0 96 6 98 7 161 32 242 96 0 85 96 200 81 96 1 85 96 232 81 96 2 85 0
post
 addr 0x68795c4aa09d6f4ed3e5deddf8c2ad3049a601da
  acc_nonce 0
  balance 2000000000000044079
  code 0
 addr 0xa94f5374fce5edbc8e2a8697c15331677e6ebf0b
  acc_nonce 2
  balance 999999999999955921
  code 0
 addr 0xb94f5374fce5edbc8e2a8697c15331677e6ebf0b
  acc_nonce 0
  balance 0
  code 57 96 0 53 96 0 82 96 32 53 96 32 82 96 64 53 96 64 82 96 96 53 96 96 82 96 64 96 200 96 64 96 0 96 0 96 6 98 7 161 32 242 96 0 85 96 200 81 96 1 85 96 232 81 96 2 85 0
   kv 0x0000000000000000000000000000000000000000000000000000000000000000 0x0000000000000000000000000000000000000000000000000000000000000001
blocks
 block 0
  coinbase 0x68795c4aa09d6f4ed3e5deddf8c2ad3049a601da
  height 1
  difficulty 131072
  gaslimit 4015931
  timestamp 1000
  tx 0
   from 0xa94f5374fce5edbc8e2a8697c15331677e6ebf0b
   nonce 1
   to 0xb94f5374fce5edbc8e2a8697c15331677e6ebf0b
   value 0
   gasprice 1
   gas 1000000
   data 128 0 0 0 0 0 0 0 0 0 0 0 0 0 0 0 0 0 0 0 0 0 0 0 0 0 0 0 0 0 0 0 0 0 0 0 0 0 0 0 0 0 0 0 0 0 0 0 0 0 0 0 0 0 0 0 0 0 0 0 0 0 0 0 0 0 0 0 0 0 0 0 0 0 0 0 0 0 0 0 0 0 0 0 0 0 0 0 0 0 0 0 0 0 0 0 0 0 0 0 0 0 0 0 0 0 0 0 0 0 0 0 0 0 0 0 0 0 0 0 0 0 0 0 0 0 0 0 0
test pointAddTrunc_d1g1v0_Istanbul
pre
 addr 0xa94f5374fce5edbc8e2a8697c15331677e6ebf0b
  acc_nonce 1
  balance 1000000000000000000
  code 0
 addr 0xb94f5374fce5edbc8e2a8697c15331677e6ebf0b
  acc_nonce 0
  balance 0
  code 57 96 0 53 96 0 82 96 32 53 96 32 82 96 64 53 96 64 82 96 96 53 96 96 82 96 64 96 200 96 64 96 0 96 0 96 6 98 7 161 32 242 96 0 85 96 200 81 96 1 85 96 232 81 96 2 85 0
post
 addr 0x68795c4aa09d6f4ed3e5deddf8c2ad3049a601da
  acc_nonce 0
  balance 2000000000000044079
  code 0
 addr 0xa94f5374fce5edbc8e2a8697c15331677e6ebf0b
  acc_nonce 2
  balance 999999999999955921
  code 0
 addr 0xb94f5374fce5edbc8e2a8697c15331677e6ebf0b
  acc_nonce 0
  balance 0
  code 57 96 0 53 96 0 82 96 32 53 96 32 82 96 64 53 96 64 82 96 96 53 96 96 82 96 64 96 200 96 64 96 0 96 0 96 6 98 7 161 32 242 96 0 85 96 200 81 96 1 85 96 232 81 96 2 85 0
   kv 0x0000000000000000000000000000000000000000000000000000000000000000 0x0000000000000000000000000000000000000000000000000000000000000001
blocks
 block 0
  coinbase 0x68795c4aa09d6f4ed3e5deddf8c2ad3049a601da
  height 1
  difficulty 131072
  gaslimit 4015931
  timestamp 1000
  tx 0
   from 0xa94f5374fce5edbc8e2a8697c15331677e6ebf0b
   nonce 1
   to 0xb94f5374fce5edbc8e2a8697c15331677e6ebf0b
   value 0
   gasprice 1
   gas 84000
   data 128 0 0 0 0 0 0 0 0 0 0 0 0 0 0 0 0 0 0 0 0 0 0 0 0 0 0 0 0 0 0 0 0 0 0 0 0 0 0 0 0 0 0 0 0 0 0 0 0 0 0 0 0 0 0 0 0 0 0 0 0 0 0 0 0 0 0 0 0 0 0 0 0 0 0 0 0 0 0 0 0 0 0 0 0 0 0 0 0 0 0 0 0 0 0 0 0 0 0 0 0 0 0 0 0 0 0 0 0 0 0 0 0 0 0 0 0 0 0 0 0 0 0 0 0 0 0 0 0
test pointAddTrunc_d1g2v0_Istanbul
pre
 addr 0xa94f5374fce5edbc8e2a8697c15331677e6ebf0b
  acc_nonce 1
  balance 1000000000000000000
  code 0
 addr 0xb94f5374fce5edbc8e2a8697c15331677e6ebf0b
  acc_nonce 0
  balance 0
  code 57 96 0 53 96 0 82 96 32 53 96 32 82 96 64 53 96 64 82 96 96 53 96 96 82 96 64 96 200 96 64 96 0 96 0 96 6 98 7 161 32 242 96 0 85 96 200 81 96 1 85 96 232 81 96 2 85 0
post
 addr 0x68795c4aa09d6f4ed3e5deddf8c2ad3049a601da
  acc_nonce 0
  balance 2000000000000044079
  code 0
 addr 0xa94f5374fce5edbc8e2a8697c15331677e6ebf0b
  acc_nonce 2
  balance 999999999999955921
  code 0
 addr 0xb94f5374fce5edbc8e2a8697c15331677e6ebf0b
  acc_nonce 0
  balance 0
  code 57 96 0 53 96 0 82 96 32 53 96 32 82 96 64 53 96 64 82 96 96 53 96 96 82 96 64 96 200 96 64 96 0 96 0 96 6 98 7 161 32 242 96 0 85 96 200 81 96 1 85 96 232 81 96 2 85 0
   kv 0x0000000000000000000000000000000000000000000000000000000000000000 0x0000000000000000000000000000000000000000000000000000000000000001
blocks
 block 0
  coinbase 0x68795c4aa09d6f4ed3e5deddf8c2ad3049a601da
  height 1
  difficulty 131072
  gaslimit 4015931
  timestamp 1000
  tx 0
   from 0xa94f5374fce5edbc8e2a8697c15331677e6ebf0b
   nonce 1
   to 0xb94f5374fce5edbc8e2a8697c15331677e6ebf0b
   value 0
   gasprice 1
   gas 110000
   data 128 0 0 0 0 0 0 0 0 0 0 0 0 0 0 0 0 0 0 0 0 0 0 0 0 0 0 0 0 0 0 0 0 0 0 0 0 0 0 0 0 0 0 0 0 0 0 0 0 0 0 0 0 0 0 0 0 0 0 0 0 0 0 0 0 0 0 0 0 0 0 0 0 0 0 0 0 0 0 0 0 0 0 0 0 0 0 0 0 0 0 0 0 0 0 0 0 0 0 0 0 0 0 0 0 0 0 0 0 0 0 0 0 0 0 0 0 0 0 0 0 0 0 0 0 0 0 0 0
test pointAddTrunc_d1g3v0_Istanbul
pre
 addr 0xa94f5374fce5edbc8e2a8697c15331677e6ebf0b
  acc_nonce 1
  balance 1000000000000000000
  code 0
 addr 0xb94f5374fce5edbc8e2a8697c15331677e6ebf0b
  acc_nonce 0
  balance 0
  code 57 96 0 53 96 0 82 96 32 53 96 32 82 96 64 53 96 64 82 96 96 53 96 96 82 96 64 96 200 96 64 96 0 96 0 96 6 98 7 161 32 242 96 0 85 96 200 81 96 1 85 96 232 81 96 2 85 0
post
 addr 0x68795c4aa09d6f4ed3e5deddf8c2ad3049a601da
  acc_nonce 0
  balance 2000000000000044079
  code 0
 addr 0xa94f5374fce5edbc8e2a8697c15331677e6ebf0b
  acc_nonce 2
  balance 999999999999955921
  code 0
 addr 0xb94f5374fce5edbc8e2a8697c15331677e6ebf0b
  acc_nonce 0
  balance 0
  code 57 96 0 53 96 0 82 96 32 53 96 32 82 96 64 53 96 64 82 96 96 53 96 96 82 96 64 96 200 96 64 96 0 96 0 96 6 98 7 161 32 242 96 0 85 96 200 81 96 1 85 96 232 81 96 2 85 0
   kv 0x0000000000000000000000000000000000000000000000000000000000000000 0x0000000000000000000000000000000000000000000000000000000000000001
blocks
 block 0
  coinbase 0x68795c4aa09d6f4ed3e5deddf8c2ad3049a601da
  height 1
  difficulty 131072
  gaslimit 4015931
  timestamp 1000
  tx 0
   from 0xa94f5374fce5edbc8e2a8697c15331677e6ebf0b
   nonce 1
   to 0xb94f5374fce5edbc8e2a8697c15331677e6ebf0b
   value 0
   gasprice 1
   gas 200000
   data 128 0 0 0 0 0 0 0 0 0 0 0 0 0 0 0 0 0 0 0 0 0 0 0 0 0 0 0 0 0 0 0 0 0 0 0 0 0 0 0 0 0 0 0 0 0 0 0 0 0 0 0 0 0 0 0 0 0 0 0 0 0 0 0 0 0 0 0 0 0 0 0 0 0 0 0 0 0 0 0 0 0 0 0 0 0 0 0 0 0 0 0 0 0 0 0 0 0 0 0 0 0 0 0 0 0 0 0 0 0 0 0 0 0 0 0 0 0 0 0 0 0 0 0 0 0 0 0 0
test pointAddTrunc_d2g0v0_Istanbul
pre
 addr 0xa94f5374fce5edbc8e2a8697c15331677e6ebf0b
  acc_nonce 1
  balance 1000000000000000000
  code 0
 addr 0xb94f5374fce5edbc8e2a8697c15331677e6ebf0b
  acc_nonce 0
  balance 0
  code 57 96 0 53 96 0 82 96 32 53 96 32 82 96 64 53 96 64 82 96 96 53 96 96 82 96 64 96 200 96 64 96 0 96 0 96 6 98 7 161 32 242 96 0 85 96 200 81 96 1 85 96 232 81 96 2 85 0
post
 addr 0x68795c4aa09d6f4ed3e5deddf8c2ad3049a601da
  acc_nonce 0
  balance 2000000000000084015
  code 0
 addr 0xa94f5374fce5edbc8e2a8697c15331677e6ebf0b
  acc_nonce 2
  balance 999999999999915985
  code 0
 addr 0xb94f5374fce5edbc8e2a8697c15331677e6ebf0b
  acc_nonce 0
  balance 0
  code 57 96 0 53 96 0 82 96 32 53 96 32 82 96 64 53 96 64 82 96 96 53 96 96 82 96 64 96 200 96 64 96 0 96 0 96 6 98 7 161 32 242 96 0 85 96 200 81 96 1 85 96 232 81 96 2 85 0
   kv 0x0000000000000000000000000000000000000000000000000000000000000000 0x0000000000000000000000000000000000000000000000000000000000000001
   kv 0x0000000000000000000000000000000000000000000000000000000000000001 0x0f25929bcb43d5a57391564615c9e70a992b10eafa4db109709649cf48c50dd2
   kv 0x0000000000000000000000000000000000000000000000000000000000000002 0x16da2f5cb6be7a0aa72c440c53c9bbdfec6c36c7d515536431b3a865468acbba
blocks
 block 0
  coinbase 0x68795c4aa09d6f4ed3e5deddf8c2ad3049a601da
  height 1
  difficulty 131072
  gaslimit 4015931
  timestamp 1000
  tx 0
   from 0xa94f5374fce5edbc8e2a8697c15331677e6ebf0b
   nonce 1
   to 0xb94f5374fce5edbc8e2a8697c15331677e6ebf0b
   value 0
   gasprice 1
   gas 1000000
   data 128 15 37 146 155 203 67 213 165 115 145 86 70 21 201 231 10 153 43 16 234 250 77 177 9 112 150 73 207 72 197 13 210 22 218 47 92 182 190 122 10 167 44 68 12 83 201 187 223 236 108 54 199 213 21 83 100 49 179 168 101 70 138 203 186 15 37 145 155 203 67 213 165 115 145 86 70 21 201 231 10 153 43 16 234 250 77 177 9 112 150 73 207 72 197 13 210 22 218 47 92 182 190 122 10 167 44 68 12 83 201 187 223 236 108 54 199 213 21 83 100 49 179 168 101 70 138 203 186
test pointAddTrunc_d2g1v0_Istanbul
pre
 addr 0xa94f5374fce5edbc8e2a8697c15331677e6ebf0b
  acc_nonce 1
  balance 1000000000000000000
  code 0
 addr 0xb94f5374fce5edbc8e2a8697c15331677e6ebf0b
  acc_nonce 0
  balance 0
  code 57 96 0 53 96 0 82 96 32 53 96 32 82 96 64 53 96 64 82 96 96 53 96 96 82 96 64 96 200 96 64 96 0 96 0 96 6 98 7 161 32 242 96 0 85 96 200 81 96 1 85 96 232 81 96 2 85 0
post
 addr 0x68795c4aa09d6f4ed3e5deddf8c2ad3049a601da
  acc_nonce 0
  balance 2000000000000084000
  code 0
 addr 0xa94f5374fce5edbc8e2a8697c15331677e6ebf0b
  acc_nonce 2
  balance 999999999999916000
  code 0
 addr 0xb94f5374fce5edbc8e2a8697c15331677e6ebf0b
  acc_nonce 0
  balance 0
  code 57 96 0 53 96 0 82 96 32 53 96 32 82 96 64 53 96 64 82 96 96 53 96 96 82 96 64 96 200 96 64 96 0 96 0 96 6 98 7 161 32 242 96 0 85 96 200 81 96 1 85 96 232 81 96 2 85 0
blocks
 block 0
  coinbase 0x68795c4aa09d6f4ed3e5deddf8c2ad3049a601da
  height 1
  difficulty 131072
  gaslimit 4015931
  timestamp 1000
  tx 0
   from 0xa94f5374fce5edbc8e2a8697c15331677e6ebf0b
   nonce 1
   to 0xb94f5374fce5edbc8e2a8697c15331677e6ebf0b
   value 0
   gasprice 1
   gas 84000
   data 128 15 37 146 155 203 67 213 165 115 145 86 70 21 201 231 10 153 43 16 234 250 77 177 9 112 150 73 207 72 197 13 210 22 218 47 92 182 190 122 10 167 44 68 12 83 201 187 223 236 108 54 199 213 21 83 100 49 179 168 101 70 138 203 186 15 37 145 155 203 67 213 165 115 145 86 70 21 201 231 10 153 43 16 234 250 77 177 9 112 150 73 207 72 197 13 210 22 218 47 92 182 190 122 10 167 44 68 12 83 201 187 223 236 108 54 199 213 21 83 100 49 179 168 101 70 138 203 186
test pointAddTrunc_d2g2v0_Istanbul
pre
 addr 0xa94f5374fce5edbc8e2a8697c15331677e6ebf0b
  acc_nonce 1
  balance 1000000000000000000
  code 0
 addr 0xb94f5374fce5edbc8e2a8697c15331677e6ebf0b
  acc_nonce 0
  balance 0
  code 57 96 0 53 96 0 82 96 32 53 96 32 82 96 64 53 96 64 82 96 96 53 96 96 82 96 64 96 200 96 64 96 0 96 0 96 6 98 7 161 32 242 96 0 85 96 200 81 96 1 85 96 232 81 96 2 85 0
post
 addr 0x68795c4aa09d6f4ed3e5deddf8c2ad3049a601da
  acc_nonce 0
  balance 2000000000000084015
  code 0
 addr 0xa94f5374fce5edbc8e2a8697c15331677e6ebf0b
  acc_nonce 2
  balance 999999999999915985
  code 0
 addr 0xb94f5374fce5edbc8e2a8697c15331677e6ebf0b
  acc_nonce 0
  balance 0
  code 57 96 0 53 96 0 82 96 32 53 96 32 82 96 64 53 96 64 82 96 96 53 96 96 82 96 64 96 200 96 64 96 0 96 0 96 6 98 7 161 32 242 96 0 85 96 200 81 96 1 85 96 232 81 96 2 85 0
   kv 0x0000000000000000000000000000000000000000000000000000000000000000 0x0000000000000000000000000000000000000000000000000000000000000001
   kv 0x0000000000000000000000000000000000000000000000000000000000000001 0x0f25929bcb43d5a57391564615c9e70a992b10eafa4db109709649cf48c50dd2
   kv 0x0000000000000000000000000000000000000000000000000000000000000002 0x16da2f5cb6be7a0aa72c440c53c9bbdfec6c36c7d515536431b3a865468acbba
blocks
 block 0
  coinbase 0x68795c4aa09d6f4ed3e5deddf8c2ad3049a601da
  height 1
  difficulty 131072
  gaslimit 4015931
  timestamp 1000
  tx 0
   from 0xa94f5374fce5edbc8e2a8697c15331677e6ebf0b
   nonce 1
   to 0xb94f5374fce5edbc8e2a8697c15331677e6ebf0b
   value 0
   gasprice 1
   gas 110000
   data 128 15 37 146 155 203 67 213 165 115 145 86 70 21 201 231 10 153 43 16 234 250 77 177 9 112 150 73 207 72 197 13 210 22 218 47 92 182 190 122 10 167 44 68 12 83 201 187 223 236 108 54 199 213 21 83 100 49 179 168 101 70 138 203 186 15 37 145 155 203 67 213 165 115 145 86 70 21 201 231 10 153 43 16 234 250 77 177 9 112 150 73 207 72 197 13 210 22 218 47 92 182 190 122 10 167 44 68 12 83 201 187 223 236 108 54 199 213 21 83 100 49 179 168 101 70 138 203 186
test pointAddTrunc_d2g3v0_Istanbul
pre
 addr 0xa94f5374fce5edbc8e2a8697c15331677e6ebf0b
  acc_nonce 1
  balance 1000000000000000000
  code 0
 addr 0xb94f5374fce5edbc8e2a8697c15331677e6ebf0b
  acc_nonce 0
  balance 0
  code 57 96 0 53 96 0 82 96 32 53 96 32 82 96 64 53 96 64 82 96 96 53 96 96 82 96 64 96 200 96 64 96 0 96 0 96 6 98 7 161 32 242 96 0 85 96 200 81 96 1 85 96 232 81 96 2 85 0
post
 addr 0x68795c4aa09d6f4ed3e5deddf8c2ad3049a601da
  acc_nonce 0
  balance 2000000000000084015
  code 0
 addr 0xa94f5374fce5edbc8e2a8697c15331677e6ebf0b
  acc_nonce 2
  balance 999999999999915985
  code 0
 addr 0xb94f5374fce5edbc8e2a8697c15331677e6ebf0b
  acc_nonce 0
  balance 0
  code 57 96 0 53 96 0 82 96 32 53 96 32 82 96 64 53 96 64 82 96 96 53 96 96 82 96 64 96 200 96 64 96 0 96 0 96 6 98 7 161 32 242 96 0 85 96 200 81 96 1 85 96 232 81 96 2 85 0
   kv 0x0000000000000000000000000000000000000000000000000000000000000000 0x0000000000000000000000000000000000000000000000000000000000000001
   kv 0x0000000000000000000000000000000000000000000000000000000000000001 0x0f25929bcb43d5a57391564615c9e70a992b10eafa4db109709649cf48c50dd2
   kv 0x0000000000000000000000000000000000000000000000000000000000000002 0x16da2f5cb6be7a0aa72c440c53c9bbdfec6c36c7d515536431b3a865468acbba
blocks
 block 0
  coinbase 0x68795c4aa09d6f4ed3e5deddf8c2ad3049a601da
  height 1
  difficulty 131072
  gaslimit 4015931
  timestamp 1000
  tx 0
   from 0xa94f5374fce5edbc8e2a8697c15331677e6ebf0b
   nonce 1
   to 0xb94f5374fce5edbc8e2a8697c15331677e6ebf0b
   value 0
   gasprice 1
   gas 200000
   data 128 15 37 146 155 203 67 213 165 115 145 86 70 21 201 231 10 153 43 16 234 250 77 177 9 112 150 73 207 72 197 13 210 22 218 47 92 182 190 122 10 167 44 68 12 83 201 187 223 236 108 54 199 213 21 83 100 49 179 168 101 70 138 203 186 15 37 145 155 203 67 213 165 115 145 86 70 21 201 231 10 153 43 16 234 250 77 177 9 112 150 73 207 72 197 13 210 22 218 47 92 182 190 122 10 167 44 68 12 83 201 187 223 236 108 54 199 213 21 83 100 49 179 168 101 70 138 203 186
test pointAddTrunc_d3g0v0_Istanbul
pre
 addr 0xa94f5374fce5edbc8e2a8697c15331677e6ebf0b
  acc_nonce 1
  balance 1000000000000000000
  code 0
 addr 0xb94f5374fce5edbc8e2a8697c15331677e6ebf0b
  acc_nonce 0
  balance 0
  code 57 96 0 53 96 0 82 96 32 53 96 32 82 96 64 53 96 64 82 96 96 53 96 96 82 96 64 96 200 96 64 96 0 96 0 96 6 98 7 161 32 242 96 0 85 96 200 81 96 1 85 96 232 81 96 2 85 0
post
 addr 0x68795c4aa09d6f4ed3e5deddf8c2ad3049a601da
  acc_nonce 0
  balance 2000000000000083247
  code 0
 addr 0xa94f5374fce5edbc8e2a8697c15331677e6ebf0b
  acc_nonce 2
  balance 999999999999916753
  code 0
 addr 0xb94f5374fce5edbc8e2a8697c15331677e6ebf0b
  acc_nonce 0
  balance 0
  code 57 96 0 53 96 0 82 96 32 53 96 32 82 96 64 53 96 64 82 96 96 53 96 96 82 96 64 96 200 96 64 96 0 96 0 96 6 98 7 161 32 242 96 0 85 96 200 81 96 1 85 96 232 81 96 2 85 0
   kv 0x0000000000000000000000000000000000000000000000000000000000000000 0x0000000000000000000000000000000000000000000000000000000000000001
   kv 0x0000000000000000000000000000000000000000000000000000000000000001 0x0f25929bcb43d5a57391564615c9e70a992b10eafa4db109709649cf48c50dd2
   kv 0x0000000000000000000000000000000000000000000000000000000000000002 0x16da2f5cb6be7a0aa72c440c53c9bbdfec6c36c7d515536431b3a865468acbba
blocks
 block 0
  coinbase 0x68795c4aa09d6f4ed3e5deddf8c2ad3049a601da
  height 1
  difficulty 131072
  gaslimit 4015931
  timestamp 1000
  tx 0
   from 0xa94f5374fce5edbc8e2a8697c15331677e6ebf0b
   nonce 1
   to 0xb94f5374fce5edbc8e2a8697c15331677e6ebf0b
   value 0
   gasprice 1
   gas 1000000
   data 128 15 37 146 155 203 67 213 165 115 145 86 70 21 201 231 10 153 43 16 234 250 77 177 9 112 150 73 207 72 197 13 210 22 218 47 92 182 190 122 10 167 44 68 12 83 201 187 223 236 108 54 199 213 21 83 100 49 179 168 101 70 138 203 186 0 0 0 0 0 0 0 0 0 0 0 0 0 0 0 0 0 0 0 0 0 0 0 0 0 0 0 0 0 0 0 0 0 0 0 0 0 0 0 0 0 0 0 0 0 0 0 0 0 0 0 0 0 0 0 0 0 0 0 0 0 0 0 0
test pointAddTrunc_d3g1v0_Istanbul
pre
 addr 0xa94f5374fce5edbc8e2a8697c15331677e6ebf0b
  acc_nonce 1
  balance 1000000000000000000
  code 0
 addr 0xb94f5374fce5edbc8e2a8697c15331677e6ebf0b
  acc_nonce 0
  balance 0
  code 57 96 0 53 96 0 82 96 32 53 96 32 82 96 64 53 96 64 82 96 96 53 96 96 82 96 64 96 200 96 64 96 0 96 0 96 6 98 7 161 32 242 96 0 85 96 200 81 96 1 85 96 232 81 96 2 85 0
post
 addr 0x68795c4aa09d6f4ed3e5deddf8c2ad3049a601da
  acc_nonce 0
  balance 2000000000000083247
  code 0
 addr 0xa94f5374fce5edbc8e2a8697c15331677e6ebf0b
  acc_nonce 2
  balance 999999999999916753
  code 0
 addr 0xb94f5374fce5edbc8e2a8697c15331677e6ebf0b
  acc_nonce 0
  balance 0
  code 57 96 0 53 96 0 82 96 32 53 96 32 82 96 64 53 96 64 82 96 96 53 96 96 82 96 64 96 200 96 64 96 0 96 0 96 6 98 7 161 32 242 96 0 85 96 200 81 96 1 85 96 232 81 96 2 85 0
   kv 0x0000000000000000000000000000000000000000000000000000000000000000 0x0000000000000000000000000000000000000000000000000000000000000001
   kv 0x0000000000000000000000000000000000000000000000000000000000000001 0x0f25929bcb43d5a57391564615c9e70a992b10eafa4db109709649cf48c50dd2
   kv 0x0000000000000000000000000000000000000000000000000000000000000002 0x16da2f5cb6be7a0aa72c440c53c9bbdfec6c36c7d515536431b3a865468acbba
blocks
 block 0
  coinbase 0x68795c4aa09d6f4ed3e5deddf8c2ad3049a601da
  height 1
  difficulty 131072
  gaslimit 4015931
  timestamp 1000
  tx 0
   from 0xa94f5374fce5edbc8e2a8697c15331677e6ebf0b
   nonce 1
   to 0xb94f5374fce5edbc8e2a8697c15331677e6ebf0b
   value 0
   gasprice 1
   gas 84000
   data 128 15 37 146 155 203 67 213 165 115 145 86 70 21 201 231 10 153 43 16 234 250 77 177 9 112 150 73 207 72 197 13 210 22 218 47 92 182 190 122 10 167 44 68 12 83 201 187 223 236 108 54 199 213 21 83 100 49 179 168 101 70 138 203 186 0 0 0 0 0 0 0 0 0 0 0 0 0 0 0 0 0 0 0 0 0 0 0 0 0 0 0 0 0 0 0 0 0 0 0 0 0 0 0 0 0 0 0 0 0 0 0 0 0 0 0 0 0 0 0 0 0 0 0 0 0 0 0 0
test pointAddTrunc_d3g2v0_Istanbul
pre
 addr 0xa94f5374fce5edbc8e2a8697c15331677e6ebf0b
  acc_nonce 1
  balance 1000000000000000000
  code 0
 addr 0xb94f5374fce5edbc8e2a8697c15331677e6ebf0b
  acc_nonce 0
  balance 0
  code 57 96 0 53 96 0 82 96 32 53 96 32 82 96 64 53 96 64 82 96 96 53 96 96 82 96 64 96 200 96 64 96 0 96 0 96 6 98 7 161 32 242 96 0 85 96 200 81 96 1 85 96 232 81 96 2 85 0
post
 addr 0x68795c4aa09d6f4ed3e5deddf8c2ad3049a601da
  acc_nonce 0
  balance 2000000000000083247
  code 0
 addr 0xa94f5374fce5edbc8e2a8697c15331677e6ebf0b
  acc_nonce 2
  balance 999999999999916753
  code 0
 addr 0xb94f5374fce5edbc8e2a8697c15331677e6ebf0b
  acc_nonce 0
  balance 0
  code 57 96 0 53 96 0 82 96 32 53 96 32 82 96 64 53 96 64 82 96 96 53 96 96 82 96 64 96 200 96 64 96 0 96 0 96 6 98 7 161 32 242 96 0 85 96 200 81 96 1 85 96 232 81 96 2 85 0
   kv 0x0000000000000000000000000000000000000000000000000000000000000000 0x0000000000000000000000000000000000000000000000000000000000000001
   kv 0x0000000000000000000000000000000000000000000000000000000000000001 0x0f25929bcb43d5a57391564615c9e70a992b10eafa4db109709649cf48c50dd2
   kv 0x0000000000000000000000000000000000000000000000000000000000000002 0x16da2f5cb6be7a0aa72c440c53c9bbdfec6c36c7d515536431b3a865468acbba
blocks
 block 0
  coinbase 0x68795c4aa09d6f4ed3e5deddf8c2ad3049a601da
  height 1
  difficulty 131072
  gaslimit 4015931
  timestamp 1000
  tx 0
   from 0xa94f5374fce5edbc8e2a8697c15331677e6ebf0b
   nonce 1
   to 0xb94f5374fce5edbc8e2a8697c15331677e6ebf0b
   value 0
   gasprice 1
   gas 110000
   data 128 15 37 146 155 203 67 213 165 115 145 86 70 21 201 231 10 153 43 16 234 250 77 177 9 112 150 73 207 72 197 13 210 22 218 47 92 182 190 122 10 167 44 68 12 83 201 187 223 236 108 54 199 213 21 83 100 49 179 168 101 70 138 203 186 0 0 0 0 0 0 0 0 0 0 0 0 0 0 0 0 0 0 0 0 0 0 0 0 0 0 0 0 0 0 0 0 0 0 0 0 0 0 0 0 0 0 0 0 0 0 0 0 0 0 0 0 0 0 0 0 0 0 0 0 0 0 0 0
test pointAddTrunc_d3g3v0_Istanbul
pre
 addr 0xa94f5374fce5edbc8e2a8697c15331677e6ebf0b
  acc_nonce 1
  balance 1000000000000000000
  code 0
 addr 0xb94f5374fce5edbc8e2a8697c15331677e6ebf0b
  acc_nonce 0
  balance 0
  code 57 96 0 53 96 0 82 96 32 53 96 32 82 96 64 53 96 64 82 96 96 53 96 96 82 96 64 96 200 96 64 96 0 96 0 96 6 98 7 161 32 242 96 0 85 96 200 81 96 1 85 96 232 81 96 2 85 0
post
 addr 0x68795c4aa09d6f4ed3e5deddf8c2ad3049a601da
  acc_nonce 0
  balance 2000000000000083247
  code 0
 addr 0xa94f5374fce5edbc8e2a8697c15331677e6ebf0b
  acc_nonce 2
  balance 999999999999916753
  code 0
 addr 0xb94f5374fce5edbc8e2a8697c15331677e6ebf0b
  acc_nonce 0
  balance 0
  code 57 96 0 53 96 0 82 96 32 53 96 32 82 96 64 53 96 64 82 96 96 53 96 96 82 96 64 96 200 96 64 96 0 96 0 96 6 98 7 161 32 242 96 0 85 96 200 81 96 1 85 96 232 81 96 2 85 0
   kv 0x0000000000000000000000000000000000000000000000000000000000000000 0x0000000000000000000000000000000000000000000000000000000000000001
   kv 0x0000000000000000000000000000000000000000000000000000000000000001 0x0f25929bcb43d5a57391564615c9e70a992b10eafa4db109709649cf48c50dd2
   kv 0x0000000000000000000000000000000000000000000000000000000000000002 0x16da2f5cb6be7a0aa72c440c53c9bbdfec6c36c7d515536431b3a865468acbba
blocks
 block 0
  coinbase 0x68795c4aa09d6f4ed3e5deddf8c2ad3049a601da
  height 1
  difficulty 131072
  gaslimit 4015931
  timestamp 1000
  tx 0
   from 0xa94f5374fce5edbc8e2a8697c15331677e6ebf0b
   nonce 1
   to 0xb94f5374fce5edbc8e2a8697c15331677e6ebf0b
   value 0
   gasprice 1
   gas 200000
   data 128 15 37 146 155 203 67 213 165 115 145 86 70 21 201 231 10 153 43 16 234 250 77 177 9 112 150 73 207 72 197 13 210 22 218 47 92 182 190 122 10 167 44 68 12 83 201 187 223 236 108 54 199 213 21 83 100 49 179 168 101 70 138 203 186 0 0 0 0 0 0 0 0 0 0 0 0 0 0 0 0 0 0 0 0 0 0 0 0 0 0 0 0 0 0 0 0 0 0 0 0 0 0 0 0 0 0 0 0 0 0 0 0 0 0 0 0 0 0 0 0 0 0 0 0 0 0 0 0
test pointAddTrunc_d4g0v0_Istanbul
pre
 addr 0xa94f5374fce5edbc8e2a8697c15331677e6ebf0b
  acc_nonce 1
  balance 1000000000000000000
  code 0
 addr 0xb94f5374fce5edbc8e2a8697c15331677e6ebf0b
  acc_nonce 0
  balance 0
  code 57 96 0 53 96 0 82 96 32 53 96 32 82 96 64 53 96 64 82 96 96 53 96 96 82 96 64 96 200 96 64 96 0 96 0 96 6 98 7 161 32 242 96 0 85 96 200 81 96 1 85 96 232 81 96 2 85 0
post
 addr 0x68795c4aa09d6f4ed3e5deddf8c2ad3049a601da
  acc_nonce 0
  balance 2000000000000044847
  code 0
 addr 0xa94f5374fce5edbc8e2a8697c15331677e6ebf0b
  acc_nonce 2
  balance 999999999999955153
  code 0
 addr 0xb94f5374fce5edbc8e2a8697c15331677e6ebf0b
  acc_nonce 0
  balance 0
  code 57 96 0 53 96 0 82 96 32 53 96 32 82 96 64 53 96 64 82 96 96 53 96 96 82 96 64 96 200 96 64 96 0 96 0 96 6 98 7 161 32 242 96 0 85 96 200 81 96 1 85 96 232 81 96 2 85 0
   kv 0x0000000000000000000000000000000000000000000000000000000000000000 0x0000000000000000000000000000000000000000000000000000000000000001
blocks
 block 0
  coinbase 0x68795c4aa09d6f4ed3e5deddf8c2ad3049a601da
  height 1
  difficulty 131072
  gaslimit 4015931
  timestamp 1000
  tx 0
   from 0xa94f5374fce5edbc8e2a8697c15331677e6ebf0b
   nonce 1
   to 0xb94f5374fce5edbc8e2a8697c15331677e6ebf0b
   value 0
   gasprice 1
   gas 1000000
   data 128 0 0 0 0 0 0 0 0 0 0 0 0 0 0 0 0 0 0 0 0 0 0 0 0 0 0 0 0 0 0 0 0 0 0 0 0 0 0 0 0 0 0 0 0 0 0 0 0 0 0 0 0 0 0 0 0 0 0 0 0 0 0 0 0 15 37 146 155 203 67 213 165 115 145 86 70 21 201 231 10 153 43 16 234 250 77 177 9 112 150 73 207 72 197 13 210 22 218 47 92 182 190 122 10 167 44 68 12 83 201 187 223 236 108 54 199 213 21 83 100 49 179 168 101 70 138 203 186
test pointAddTrunc_d4g1v0_Istanbul
pre
 addr 0xa94f5374fce5edbc8e2a8697c15331677e6ebf0b
  acc_nonce 1
  balance 1000000000000000000
  code 0
 addr 0xb94f5374fce5edbc8e2a8697c15331677e6ebf0b
  acc_nonce 0
  balance 0
  code 57 96 0 53 96 0 82 96 32 53 96 32 82 96 64 53 96 64 82 96 96 53 96 96 82 96 64 96 200 96 64 96 0 96 0 96 6 98 7 161 32 242 96 0 85 96 200 81 96 1 85 96 232 81 96 2 85 0
post
 addr 0x68795c4aa09d6f4ed3e5deddf8c2ad3049a601da
  acc_nonce 0
  balance 2000000000000044847
  code 0
 addr 0xa94f5374fce5edbc8e2a8697c15331677e6ebf0b
  acc_nonce 2
  balance 999999999999955153
  code 0
 addr 0xb94f5374fce5edbc8e2a8697c15331677e6ebf0b
  acc_nonce 0
  balance 0
  code 57 96 0 53 96 0 82 96 32 53 96 32 82 96 64 53 96 64 82 96 96 53 96 96 82 96 64 96 200 96 64 96 0 96 0 96 6 98 7 161 32 242 96 0 85 96 200 81 96 1 85 96 232 81 96 2 85 0
   kv 0x0000000000000000000000000000000000000000000000000000000000000000 0x0000000000000000000000000000000000000000000000000000000000000001
blocks
 block 0
  coinbase 0x68795c4aa09d6f4ed3e5deddf8c2ad3049a601da
  height 1
  difficulty 131072
  gaslimit 4015931
  timestamp 1000
  tx 0
   from 0xa94f5374fce5edbc8e2a8697c15331677e6ebf0b
   nonce 1
   to 0xb94f5374fce5edbc8e2a8697c15331677e6ebf0b
   value 0
   gasprice 1
   gas 84000
   data 128 0 0 0 0 0 0 0 0 0 0 0 0 0 0 0 0 0 0 0 0 0 0 0 0 0 0 0 0 0 0 0 0 0 0 0 0 0 0 0 0 0 0 0 0 0 0 0 0 0 0 0 0 0 0 0 0 0 0 0 0 0 0 0 0 15 37 146 155 203 67 213 165 115 145 86 70 21 201 231 10 153 43 16 234 250 77 177 9 112 150 73 207 72 197 13 210 22 218 47 92 182 190 122 10 167 44 68 12 83 201 187 223 236 108 54 199 213 21 83 100 49 179 168 101 70 138 203 186
test pointAddTrunc_d4g2v0_Istanbul
pre
 addr 0xa94f5374fce5edbc8e2a8697c15331677e6ebf0b
  acc_nonce 1
  balance 1000000000000000000
  code 0
 addr 0xb94f5374fce5edbc8e2a8697c15331677e6ebf0b
  acc_nonce 0
  balance 0
  code 57 96 0 53 96 0 82 96 32 53 96 32 82 96 64 53 96 64 82 96 96 53 96 96 82 96 64 96 200 96 64 96 0 96 0 96 6 98 7 161 32 242 96 0 85 96 200 81 96 1 85 96 232 81 96 2 85 0
post
 addr 0x68795c4aa09d6f4ed3e5deddf8c2ad3049a601da
  acc_nonce 0
  balance 2000000000000044847
  code 0
 addr 0xa94f5374fce5edbc8e2a8697c15331677e6ebf0b
  acc_nonce 2
  balance 999999999999955153
  code 0
 addr 0xb94f5374fce5edbc8e2a8697c15331677e6ebf0b
  acc_nonce 0
  balance 0
  code 57 96 0 53 96 0 82 96 32 53 96 32 82 96 64 53 96 64 82 96 96 53 96 96 82 96 64 96 200 96 64 96 0 96 0 96 6 98 7 161 32 242 96 0 85 96 200 81 96 1 85 96 232 81 96 2 85 0
   kv 0x0000000000000000000000000000000000000000000000000000000000000000 0x0000000000000000000000000000000000000000000000000000000000000001
blocks
 block 0
  coinbase 0x68795c4aa09d6f4ed3e5deddf8c2ad3049a601da
  height 1
  difficulty 131072
  gaslimit 4015931
  timestamp 1000
  tx 0
   from 0xa94f5374fce5edbc8e2a8697c15331677e6ebf0b
   nonce 1
   to 0xb94f5374fce5edbc8e2a8697c15331677e6ebf0b
   value 0
   gasprice 1
   gas 110000
   data 128 0 0 0 0 0 0 0 0 0 0 0 0 0 0 0 0 0 0 0 0 0 0 0 0 0 0 0 0 0 0 0 0 0 0 0 0 0 0 0 0 0 0 0 0 0 0 0 0 0 0 0 0 0 0 0 0 0 0 0 0 0 0 0 0 15 37 146 155 203 67 213 165 115 145 86 70 21 201 231 10 153 43 16 234 250 77 177 9 112 150 73 207 72 197 13 210 22 218 47 92 182 190 122 10 167 44 68 12 83 201 187 223 236 108 54 199 213 21 83 100 49 179 168 101 70 138 203 186
test pointAddTrunc_d4g3v0_Istanbul
pre
 addr 0xa94f5374fce5edbc8e2a8697c15331677e6ebf0b
  acc_nonce 1
  balance 1000000000000000000
  code 0
 addr 0xb94f5374fce5edbc8e2a8697c15331677e6ebf0b
  acc_nonce 0
  balance 0
  code 57 96 0 53 96 0 82 96 32 53 96 32 82 96 64 53 96 64 82 96 96 53 96 96 82 96 64 96 200 96 64 96 0 96 0 96 6 98 7 161 32 242 96 0 85 96 200 81 96 1 85 96 232 81 96 2 85 0
post
 addr 0x68795c4aa09d6f4ed3e5deddf8c2ad3049a601da
  acc_nonce 0
  balance 2000000000000044847
  code 0
 addr 0xa94f5374fce5edbc8e2a8697c15331677e6ebf0b
  acc_nonce 2
  balance 999999999999955153
  code 0
 addr 0xb94f5374fce5edbc8e2a8697c15331677e6ebf0b
  acc_nonce 0
  balance 0
  code 57 96 0 53 96 0 82 96 32 53 96 32 82 96 64 53 96 64 82 96 96 53 96 96 82 96 64 96 200 96 64 96 0 96 0 96 6 98 7 161 32 242 96 0 85 96 200 81 96 1 85 96 232 81 96 2 85 0
   kv 0x0000000000000000000000000000000000000000000000000000000000000000 0x0000000000000000000000000000000000000000000000000000000000000001
blocks
 block 0
  coinbase 0x68795c4aa09d6f4ed3e5deddf8c2ad3049a601da
  height 1
  difficulty 131072
  gaslimit 4015931
  timestamp 1000
  tx 0
   from 0xa94f5374fce5edbc8e2a8697c15331677e6ebf0b
   nonce 1
   to 0xb94f5374fce5edbc8e2a8697c15331677e6ebf0b
   value 0
   gasprice 1
   gas 200000
   data 128 0 0 0 0 0 0 0 0 0 0 0 0 0 0 0 0 0 0 0 0 0 0 0 0 0 0 0 0 0 0 0 0 0 0 0 0 0 0 0 0 0 0 0 0 0 0 0 0 0 0 0 0 0 0 0 0 0 0 0 0 0 0 0 0 15 37 146 155 203 67 213 165 115 145 86 70 21 201 231 10 153 43 16 234 250 77 177 9 112 150 73 207 72 197 13 210 22 218 47 92 182 190 122 10 167 44 68 12 83 201 187 223 236 108 54 199 213 21 83 100 49 179 168 101 70 138 203 186
test pointAddTrunc_d5g0v0_Istanbul
pre
 addr 0xa94f5374fce5edbc8e2a8697c15331677e6ebf0b
  acc_nonce 1
  balance 1000000000000000000
  code 0
 addr 0xb94f5374fce5edbc8e2a8697c15331677e6ebf0b
  acc_nonce 0
  balance 0
  code 57 96 0 53 96 0 82 96 32 53 96 32 82 96 64 53 96 64 82 96 96 53 96 96 82 96 64 96 200 96 64 96 0 96 0 96 6 98 7 161 32 242 96 0 85 96 200 81 96 1 85 96 232 81 96 2 85 0
post
 addr 0x68795c4aa09d6f4ed3e5deddf8c2ad3049a601da
  acc_nonce 0
  balance 2000000000000526265
  code 0
 addr 0xa94f5374fce5edbc8e2a8697c15331677e6ebf0b
  acc_nonce 2
  balance 999999999999473735
  code 0
 addr 0xb94f5374fce5edbc8e2a8697c15331677e6ebf0b
  acc_nonce 0
  balance 0
  code 57 96 0 53 96 0 82 96 32 53 96 32 82 96 64 53 96 64 82 96 96 53 96 96 82 96 64 96 200 96 64 96 0 96 0 96 6 98 7 161 32 242 96 0 85 96 200 81 96 1 85 96 232 81 96 2 85 0
blocks
 block 0
  coinbase 0x68795c4aa09d6f4ed3e5deddf8c2ad3049a601da
  height 1
  difficulty 131072
  gaslimit 4015931
  timestamp 1000
  tx 0
   from 0xa94f5374fce5edbc8e2a8697c15331677e6ebf0b
   nonce 1
   to 0xb94f5374fce5edbc8e2a8697c15331677e6ebf0b
   value 0
   gasprice 1
   gas 1000000
   data 128 15 37 145 155 203 67 213 165 115 145 86 70 21 201 231 10 153 43 16 234 250 77 177 9 112 150 73 207 72 197 13 210 22 218 47 92 182 190 122 10 167 44 68 12 83 201 187 223 236 108 54 199 213 21 83 100 49 179 168 101 70 138 203 186 15 37 146 155 203 67 213 165 115 145 86 70 21 201 231 10 153 43 16 234 250 77 177 9 112 150 73 207 72 197 13 210 22 218 47 92 182 190 122 10 167 44 68 12 83 201 187 223 236 108 54 199 213 21 83 100 49 179 168 101 70 138 203 186
test pointAddTrunc_d5g1v0_Istanbul
pre
 addr 0xa94f5374fce5edbc8e2a8697c15331677e6ebf0b
  acc_nonce 1
  balance 1000000000000000000
  code 0
 addr 0xb94f5374fce5edbc8e2a8697c15331677e6ebf0b
  acc_nonce 0
  balance 0
  code 57 96 0 53 96 0 82 96 32 53 96 32 82 96 64 53 96 64 82 96 96 53 96 96 82 96 64 96 200 96 64 96 0 96 0 96 6 98 7 161 32 242 96 0 85 96 200 81 96 1 85 96 232 81 96 2 85 0
post
 addr 0x68795c4aa09d6f4ed3e5deddf8c2ad3049a601da
  acc_nonce 0
  balance 2000000000000084000
  code 0
 addr 0xa94f5374fce5edbc8e2a8697c15331677e6ebf0b
  acc_nonce 2
  balance 999999999999916000
  code 0
 addr 0xb94f5374fce5edbc8e2a8697c15331677e6ebf0b
  acc_nonce 0
  balance 0
  code 57 96 0 53 96 0 82 96 32 53 96 32 82 96 64 53 96 64 82 96 96 53 96 96 82 96 64 96 200 96 64 96 0 96 0 96 6 98 7 161 32 242 96 0 85 96 200 81 96 1 85 96 232 81 96 2 85 0
blocks
 block 0
  coinbase 0x68795c4aa09d6f4ed3e5deddf8c2ad3049a601da
  height 1
  difficulty 131072
  gaslimit 4015931
  timestamp 1000
  tx 0
   from 0xa94f5374fce5edbc8e2a8697c15331677e6ebf0b
   nonce 1
   to 0xb94f5374fce5edbc8e2a8697c15331677e6ebf0b
   value 0
   gasprice 1
   gas 84000
   data 128 15 37 145 155 203 67 213 165 115 145 86 70 21 201 231 10 153 43 16 234 250 77 177 9 112 150 73 207 72 197 13 210 22 218 47 92 182 190 122 10 167 44 68 12 83 201 187 223 236 108 54 199 213 21 83 100 49 179 168 101 70 138 203 186 15 37 146 155 203 67 213 165 115 145 86 70 21 201 231 10 153 43 16 234 250 77 177 9 112 150 73 207 72 197 13 210 22 218 47 92 182 190 122 10 167 44 68 12 83 201 187 223 236 108 54 199 213 21 83 100 49 179 168 101 70 138 203 186
test pointAddTrunc_d5g2v0_Istanbul
pre
 addr 0xa94f5374fce5edbc8e2a8697c15331677e6ebf0b
  acc_nonce 1
  balance 1000000000000000000
  code 0
 addr 0xb94f5374fce5edbc8e2a8697c15331677e6ebf0b
  acc_nonce 0
  balance 0
  code 57 96 0 53 96 0 82 96 32 53 96 32 82 96 64 53 96 64 82 96 96 53 96 96 82 96 64 96 200 96 64 96 0 96 0 96 6 98 7 161 32 242 96 0 85 96 200 81 96 1 85 96 232 81 96 2 85 0
post
 addr 0x68795c4aa09d6f4ed3e5deddf8c2ad3049a601da
  acc_nonce 0
  balance 2000000000000110000
  code 0
 addr 0xa94f5374fce5edbc8e2a8697c15331677e6ebf0b
  acc_nonce 2
  balance 999999999999890000
  code 0
 addr 0xb94f5374fce5edbc8e2a8697c15331677e6ebf0b
  acc_nonce 0
  balance 0
  code 57 96 0 53 96 0 82 96 32 53 96 32 82 96 64 53 96 64 82 96 96 53 96 96 82 96 64 96 200 96 64 96 0 96 0 96 6 98 7 161 32 242 96 0 85 96 200 81 96 1 85 96 232 81 96 2 85 0
blocks
 block 0
  coinbase 0x68795c4aa09d6f4ed3e5deddf8c2ad3049a601da
  height 1
  difficulty 131072
  gaslimit 4015931
  timestamp 1000
  tx 0
   from 0xa94f5374fce5edbc8e2a8697c15331677e6ebf0b
   nonce 1
   to 0xb94f5374fce5edbc8e2a8697c15331677e6ebf0b
   value 0
   gasprice 1
   gas 110000
   data 128 15 37 145 155 203 67 213 165 115 145 86 70 21 201 231 10 153 43 16 234 250 77 177 9 112 150 73 207 72 197 13 210 22 218 47 92 182 190 122 10 167 44 68 12 83 201 187 223 236 108 54 199 213 21 83 100 49 179 168 101 70 138 203 186 15 37 146 155 203 67 213 165 115 145 86 70 21 201 231 10 153 43 16 234 250 77 177 9 112 150 73 207 72 197 13 210 22 218 47 92 182 190 122 10 167 44 68 12 83 201 187 223 236 108 54 199 213 21 83 100 49 179 168 101 70 138 203 186
test pointAddTrunc_d5g3v0_Istanbul
pre
 addr 0xa94f5374fce5edbc8e2a8697c15331677e6ebf0b
  acc_nonce 1
  balance 1000000000000000000
  code 0
 addr 0xb94f5374fce5edbc8e2a8697c15331677e6ebf0b
  acc_nonce 0
  balance 0
  code 57 96 0 53 96 0 82 96 32 53 96 32 82 96 64 53 96 64 82 96 96 53 96 96 82 96 64 96 200 96 64 96 0 96 0 96 6 98 7 161 32 242 96 0 85 96 200 81 96 1 85 96 232 81 96 2 85 0
post
 addr 0x68795c4aa09d6f4ed3e5deddf8c2ad3049a601da
  acc_nonce 0
  balance 2000000000000200000
  code 0
 addr 0xa94f5374fce5edbc8e2a8697c15331677e6ebf0b
  acc_nonce 2
  balance 999999999999800000
  code 0
 addr 0xb94f5374fce5edbc8e2a8697c15331677e6ebf0b
  acc_nonce 0
  balance 0
  code 57 96 0 53 96 0 82 96 32 53 96 32 82 96 64 53 96 64 82 96 96 53 96 96 82 96 64 96 200 96 64 96 0 96 0 96 6 98 7 161 32 242 96 0 85 96 200 81 96 1 85 96 232 81 96 2 85 0
blocks
 block 0
  coinbase 0x68795c4aa09d6f4ed3e5deddf8c2ad3049a601da
  height 1
  difficulty 131072
  gaslimit 4015931
  timestamp 1000
  tx 0
   from 0xa94f5374fce5edbc8e2a8697c15331677e6ebf0b
   nonce 1
   to 0xb94f5374fce5edbc8e2a8697c15331677e6ebf0b
   value 0
   gasprice 1
   gas 200000
   data 128 15 37 145 155 203 67 213 165 115 145 86 70 21 201 231 10 153 43 16 234 250 77 177 9 112 150 73 207 72 197 13 210 22 218 47 92 182 190 122 10 167 44 68 12 83 201 187 223 236 108 54 199 213 21 83 100 49 179 168 101 70 138 203 186 15 37 146 155 203 67 213 165 115 145 86 70 21 201 231 10 153 43 16 234 250 77 177 9 112 150 73 207 72 197 13 210 22 218 47 92 182 190 122 10 167 44 68 12 83 201 187 223 236 108 54 199 213 21 83 100 49 179 168 101 70 138 203 186
test pointAddTrunc_d6g0v0_Istanbul
pre
 addr 0xa94f5374fce5edbc8e2a8697c15331677e6ebf0b
  acc_nonce 1
  balance 1000000000000000000
  code 0
 addr 0xb94f5374fce5edbc8e2a8697c15331677e6ebf0b
  acc_nonce 0
  balance 0
  code 57 96 0 53 96 0 82 96 32 53 96 32 82 96 64 53 96 64 82 96 96 53 96 96 82 96 64 96 200 96 64 96 0 96 0 96 6 98 7 161 32 242 96 0 85 96 200 81 96 1 85 96 232 81 96 2 85 0
post
 addr 0x68795c4aa09d6f4ed3e5deddf8c2ad3049a601da
  acc_nonce 0
  balance 2000000000000526265
  code 0
 addr 0xa94f5374fce5edbc8e2a8697c15331677e6ebf0b
  acc_nonce 2
  balance 999999999999473735
  code 0
 addr 0xb94f5374fce5edbc8e2a8697c15331677e6ebf0b
  acc_nonce 0
  balance 0
  code 57 96 0 53 96 0 82 96 32 53 96 32 82 96 64 53 96 64 82 96 96 53 96 96 82 96 64 96 200 96 64 96 0 96 0 96 6 98 7 161 32 242 96 0 85 96 200 81 96 1 85 96 232 81 96 2 85 0
blocks
 block 0
  coinbase 0x68795c4aa09d6f4ed3e5deddf8c2ad3049a601da
  height 1
  difficulty 131072
  gaslimit 4015931
  timestamp 1000
  tx 0
   from 0xa94f5374fce5edbc8e2a8697c15331677e6ebf0b
   nonce 1
   to 0xb94f5374fce5edbc8e2a8697c15331677e6ebf0b
   value 0
   gasprice 1
   gas 1000000
   data 128 15 37 145 155 203 67 213 165 115 145 86 70 21 201 231 10 153 43 16 234 250 77 177 9 112 150 73 207 72 197 13 210 22 218 47 92 182 190 122 10 167 44 68 12 83 201 187 223 236 108 54 199 213 21 83 100 49 179 168 101 70 138 203 186 15 37 145 155 203 67 213 165 115 145 86 70 21 201 231 10 153 43 16 234 250 77 177 9 112 150 73 207 72 197 13 210 22 218 47 92 182 190 122 10 167 44 68 12 83 201 187 223 236 108 54 199 213 21 83 100 49 179 168 101 70 138 203 186
test pointAddTrunc_d6g1v0_Istanbul
pre
 addr 0xa94f5374fce5edbc8e2a8697c15331677e6ebf0b
  acc_nonce 1
  balance 1000000000000000000
  code 0
 addr 0xb94f5374fce5edbc8e2a8697c15331677e6ebf0b
  acc_nonce 0
  balance 0
  code 57 96 0 53 96 0 82 96 32 53 96 32 82 96 64 53 96 64 82 96 96 53 96 96 82 96 64 96 200 96 64 96 0 96 0 96 6 98 7 161 32 242 96 0 85 96 200 81 96 1 85 96 232 81 96 2 85 0
post
 addr 0x68795c4aa09d6f4ed3e5deddf8c2ad3049a601da
  acc_nonce 0
  balance 2000000000000084000
  code 0
 addr 0xa94f5374fce5edbc8e2a8697c15331677e6ebf0b
  acc_nonce 2
  balance 999999999999916000
  code 0
 addr 0xb94f5374fce5edbc8e2a8697c15331677e6ebf0b
  acc_nonce 0
  balance 0
  code 57 96 0 53 96 0 82 96 32 53 96 32 82 96 64 53 96 64 82 96 96 53 96 96 82 96 64 96 200 96 64 96 0 96 0 96 6 98 7 161 32 242 96 0 85 96 200 81 96 1 85 96 232 81 96 2 85 0
blocks
 block 0
  coinbase 0x68795c4aa09d6f4ed3e5deddf8c2ad3049a601da
  height 1
  difficulty 131072
  gaslimit 4015931
  timestamp 1000
  tx 0
   from 0xa94f5374fce5edbc8e2a8697c15331677e6ebf0b
   nonce 1
   to 0xb94f5374fce5edbc8e2a8697c15331677e6ebf0b
   value 0
   gasprice 1
   gas 84000
   data 128 15 37 145 155 203 67 213 165 115 145 86 70 21 201 231 10 153 43 16 234 250 77 177 9 112 150 73 207 72 197 13 210 22 218 47 92 182 190 122 10 167 44 68 12 83 201 187 223 236 108 54 199 213 21 83 100 49 179 168 101 70 138 203 186 15 37 145 155 203 67 213 165 115 145 86 70 21 201 231 10 153 43 16 234 250 77 177 9 112 150 73 207 72 197 13 210 22 218 47 92 182 190 122 10 167 44 68 12 83 201 187 223 236 108 54 199 213 21 83 100 49 179 168 101 70 138 203 186
test pointAddTrunc_d6g2v0_Istanbul
pre
 addr 0xa94f5374fce5edbc8e2a8697c15331677e6ebf0b
  acc_nonce 1
  balance 1000000000000000000
  code 0
 addr 0xb94f5374fce5edbc8e2a8697c15331677e6ebf0b
  acc_nonce 0
  balance 0
  code 57 96 0 53 96 0 82 96 32 53 96 32 82 96 64 53 96 64 82 96 96 53 96 96 82 96 64 96 200 96 64 96 0 96 0 96 6 98 7 161 32 242 96 0 85 96 200 81 96 1 85 96 232 81 96 2 85 0
post
 addr 0x68795c4aa09d6f4ed3e5deddf8c2ad3049a601da
  acc_nonce 0
  balance 2000000000000110000
  code 0
 addr 0xa94f5374fce5edbc8e2a8697c15331677e6ebf0b
  acc_nonce 2
  balance 999999999999890000
  code 0
 addr 0xb94f5374fce5edbc8e2a8697c15331677e6ebf0b
  acc_nonce 0
  balance 0
  code 57 96 0 53 96 0 82 96 32 53 96 32 82 96 64 53 96 64 82 96 96 53 96 96 82 96 64 96 200 96 64 96 0 96 0 96 6 98 7 161 32 242 96 0 85 96 200 81 96 1 85 96 232 81 96 2 85 0
blocks
 block 0
  coinbase 0x68795c4aa09d6f4ed3e5deddf8c2ad3049a601da
  height 1
  difficulty 131072
  gaslimit 4015931
  timestamp 1000
  tx 0
   from 0xa94f5374fce5edbc8e2a8697c15331677e6ebf0b
   nonce 1
   to 0xb94f5374fce5edbc8e2a8697c15331677e6ebf0b
   value 0
   gasprice 1
   gas 110000
   data 128 15 37 145 155 203 67 213 165 115 145 86 70 21 201 231 10 153 43 16 234 250 77 177 9 112 150 73 207 72 197 13 210 22 218 47 92 182 190 122 10 167 44 68 12 83 201 187 223 236 108 54 199 213 21 83 100 49 179 168 101 70 138 203 186 15 37 145 155 203 67 213 165 115 145 86 70 21 201 231 10 153 43 16 234 250 77 177 9 112 150 73 207 72 197 13 210 22 218 47 92 182 190 122 10 167 44 68 12 83 201 187 223 236 108 54 199 213 21 83 100 49 179 168 101 70 138 203 186
test pointAddTrunc_d6g3v0_Istanbul
pre
 addr 0xa94f5374fce5edbc8e2a8697c15331677e6ebf0b
  acc_nonce 1
  balance 1000000000000000000
  code 0
 addr 0xb94f5374fce5edbc8e2a8697c15331677e6ebf0b
  acc_nonce 0
  balance 0
  code 57 96 0 53 96 0 82 96 32 53 96 32 82 96 64 53 96 64 82 96 96 53 96 96 82 96 64 96 200 96 64 96 0 96 0 96 6 98 7 161 32 242 96 0 85 96 200 81 96 1 85 96 232 81 96 2 85 0
post
 addr 0x68795c4aa09d6f4ed3e5deddf8c2ad3049a601da
  acc_nonce 0
  balance 2000000000000200000
  code 0
 addr 0xa94f5374fce5edbc8e2a8697c15331677e6ebf0b
  acc_nonce 2
  balance 999999999999800000
  code 0
 addr 0xb94f5374fce5edbc8e2a8697c15331677e6ebf0b
  acc_nonce 0
  balance 0
  code 57 96 0 53 96 0 82 96 32 53 96 32 82 96 64 53 96 64 82 96 96 53 96 96 82 96 64 96 200 96 64 96 0 96 0 96 6 98 7 161 32 242 96 0 85 96 200 81 96 1 85 96 232 81 96 2 85 0
blocks
 block 0
  coinbase 0x68795c4aa09d6f4ed3e5deddf8c2ad3049a601da
  height 1
  difficulty 131072
  gaslimit 4015931
  timestamp 1000
  tx 0
   from 0xa94f5374fce5edbc8e2a8697c15331677e6ebf0b
   nonce 1
   to 0xb94f5374fce5edbc8e2a8697c15331677e6ebf0b
   value 0
   gasprice 1
   gas 200000
   data 128 15 37 145 155 203 67 213 165 115 145 86 70 21 201 231 10 153 43 16 234 250 77 177 9 112 150 73 207 72 197 13 210 22 218 47 92 182 190 122 10 167 44 68 12 83 201 187 223 236 108 54 199 213 21 83 100 49 179 168 101 70 138 203 186 15 37 145 155 203 67 213 165 115 145 86 70 21 201 231 10 153 43 16 234 250 77 177 9 112 150 73 207 72 197 13 210 22 218 47 92 182 190 122 10 167 44 68 12 83 201 187 223 236 108 54 199 213 21 83 100 49 179 168 101 70 138 203 186
test pointAddTrunc_d7g0v0_Istanbul
pre
 addr 0xa94f5374fce5edbc8e2a8697c15331677e6ebf0b
  acc_nonce 1
  balance 1000000000000000000
  code 0
 addr 0xb94f5374fce5edbc8e2a8697c15331677e6ebf0b
  acc_nonce 0
  balance 0
  code 57 96 0 53 96 0 82 96 32 53 96 32 82 96 64 53 96 64 82 96 96 53 96 96 82 96 64 96 200 96 64 96 0 96 0 96 6 98 7 161 32 242 96 0 85 96 200 81 96 1 85 96 232 81 96 2 85 0
post
 addr 0x68795c4aa09d6f4ed3e5deddf8c2ad3049a601da
  acc_nonce 0
  balance 2000000000000084015
  code 0
 addr 0xa94f5374fce5edbc8e2a8697c15331677e6ebf0b
  acc_nonce 2
  balance 999999999999915985
  code 0
 addr 0xb94f5374fce5edbc8e2a8697c15331677e6ebf0b
  acc_nonce 0
  balance 0
  code 57 96 0 53 96 0 82 96 32 53 96 32 82 96 64 53 96 64 82 96 96 53 96 96 82 96 64 96 200 96 64 96 0 96 0 96 6 98 7 161 32 242 96 0 85 96 200 81 96 1 85 96 232 81 96 2 85 0
   kv 0x0000000000000000000000000000000000000000000000000000000000000000 0x0000000000000000000000000000000000000000000000000000000000000001
   kv 0x0000000000000000000000000000000000000000000000000000000000000001 0x0f25929bcb43d5a57391564615c9e70a992b10eafa4db109709649cf48c50dd2
   kv 0x0000000000000000000000000000000000000000000000000000000000000002 0x16da2f5cb6be7a0aa72c440c53c9bbdfec6c36c7d515536431b3a865468acbba
blocks
 block 0
  coinbase 0x68795c4aa09d6f4ed3e5deddf8c2ad3049a601da
  height 1
  difficulty 131072
  gaslimit 4015931
  timestamp 1000
  tx 0
   from 0xa94f5374fce5edbc8e2a8697c15331677e6ebf0b
   nonce 1
   to 0xb94f5374fce5edbc8e2a8697c15331677e6ebf0b
   value 0
   gasprice 1
   gas 1000000
   data 128 15 37 146 155 203 67 213 165 115 145 86 70 21 201 231 10 153 43 16 234 250 77 177 9 112 150 73 207 72 197 13 210 22 218 47 92 182 190 122 10 167 44 68 12 83 201 187 223 236 108 54 199 213 21 83 100 49 179 168 101 70 138 203 186 15 37 146 155 203 67 213 165 115 145 86 70 21 201 231 10 153 43 16 234 250 77 177 9 112 150 73 207 72 197 13 210 22 218 47 92 182 190 122 10 167 44 68 12 83 201 187 223 236 108 54 199 213 21 83 100 49 179 168 101 70 138 203 186
test pointAddTrunc_d7g1v0_Istanbul
pre
 addr 0xa94f5374fce5edbc8e2a8697c15331677e6ebf0b
  acc_nonce 1
  balance 1000000000000000000
  code 0
 addr 0xb94f5374fce5edbc8e2a8697c15331677e6ebf0b
  acc_nonce 0
  balance 0
  code 57 96 0 53 96 0 82 96 32 53 96 32 82 96 64 53 96 64 82 96 96 53 96 96 82 96 64 96 200 96 64 96 0 96 0 96 6 98 7 161 32 242 96 0 85 96 200 81 96 1 85 96 232 81 96 2 85 0
post
 addr 0x68795c4aa09d6f4ed3e5deddf8c2ad3049a601da
  acc_nonce 0
  balance 2000000000000084000
  code 0
 addr 0xa94f5374fce5edbc8e2a8697c15331677e6ebf0b
  acc_nonce 2
  balance 999999999999916000
  code 0
 addr 0xb94f5374fce5edbc8e2a8697c15331677e6ebf0b
  acc_nonce 0
  balance 0
  code 57 96 0 53 96 0 82 96 32 53 96 32 82 96 64 53 96 64 82 96 96 53 96 96 82 96 64 96 200 96 64 96 0 96 0 96 6 98 7 161 32 242 96 0 85 96 200 81 96 1 85 96 232 81 96 2 85 0
blocks
 block 0
  coinbase 0x68795c4aa09d6f4ed3e5deddf8c2ad3049a601da
  height 1
  difficulty 131072
  gaslimit 4015931
  timestamp 1000
  tx 0
   from 0xa94f5374fce5edbc8e2a8697c15331677e6ebf0b
   nonce 1
   to 0xb94f5374fce5edbc8e2a8697c15331677e6ebf0b
   value 0
   gasprice 1
   gas 84000
   data 128 15 37 146 155 203 67 213 165 115 145 86 70 21 201 231 10 153 43 16 234 250 77 177 9 112 150 73 207 72 197 13 210 22 218 47 92 182 190 122 10 167 44 68 12 83 201 187 223 236 108 54 199 213 21 83 100 49 179 168 101 70 138 203 186 15 37 146 155 203 67 213 165 115 145 86 70 21 201 231 10 153 43 16 234 250 77 177 9 112 150 73 207 72 197 13 210 22 218 47 92 182 190 122 10 167 44 68 12 83 201 187 223 236 108 54 199 213 21 83 100 49 179 168 101 70 138 203 186
test pointAddTrunc_d7g2v0_Istanbul
pre
 addr 0xa94f5374fce5edbc8e2a8697c15331677e6ebf0b
  acc_nonce 1
  balance 1000000000000000000
  code 0
 addr 0xb94f5374fce5edbc8e2a8697c15331677e6ebf0b
  acc_nonce 0
  balance 0
  code 57 96 0 53 96 0 82 96 32 53 96 32 82 96 64 53 96 64 82 96 96 53 96 96 82 96 64 96 200 96 64 96 0 96 0 96 6 98 7 161 32 242 96 0 85 96 200 81 96 1 85 96 232 81 96 2 85 0
post
 addr 0x68795c4aa09d6f4ed3e5deddf8c2ad3049a601da
  acc_nonce 0
  balance 2000000000000084015
  code 0
 addr 0xa94f5374fce5edbc8e2a8697c15331677e6ebf0b
  acc_nonce 2
  balance 999999999999915985
  code 0
 addr 0xb94f5374fce5edbc8e2a8697c15331677e6ebf0b
  acc_nonce 0
  balance 0
  code 57 96 0 53 96 0 82 96 32 53 96 32 82 96 64 53 96 64 82 96 96 53 96 96 82 96 64 96 200 96 64 96 0 96 0 96 6 98 7 161 32 242 96 0 85 96 200 81 96 1 85 96 232 81 96 2 85 0
   kv 0x0000000000000000000000000000000000000000000000000000000000000000 0x0000000000000000000000000000000000000000000000000000000000000001
   kv 0x0000000000000000000000000000000000000000000000000000000000000001 0x0f25929bcb43d5a57391564615c9e70a992b10eafa4db109709649cf48c50dd2
   kv 0x0000000000000000000000000000000000000000000000000000000000000002 0x16da2f5cb6be7a0aa72c440c53c9bbdfec6c36c7d515536431b3a865468acbba
blocks
 block 0
  coinbase 0x68795c4aa09d6f4ed3e5deddf8c2ad3049a601da
  height 1
  difficulty 131072
  gaslimit 4015931
  timestamp 1000
  tx 0
   from 0xa94f5374fce5edbc8e2a8697c15331677e6ebf0b
   nonce 1
   to 0xb94f5374fce5edbc8e2a8697c15331677e6ebf0b
   value 0
   gasprice 1
   gas 110000
   data 128 15 37 146 155 203 67 213 165 115 145 86 70 21 201 231 10 153 43 16 234 250 77 177 9 112 150 73 207 72 197 13 210 22 218 47 92 182 190 122 10 167 44 68 12 83 201 187 223 236 108 54 199 213 21 83 100 49 179 168 101 70 138 203 186 15 37 146 155 203 67 213 165 115 145 86 70 21 201 231 10 153 43 16 234 250 77 177 9 112 150 73 207 72 197 13 210 22 218 47 92 182 190 122 10 167 44 68 12 83 201 187 223 236 108 54 199 213 21 83 100 49 179 168 101 70 138 203 186
test pointAddTrunc_d7g3v0_Istanbul
pre
 addr 0xa94f5374fce5edbc8e2a8697c15331677e6ebf0b
  acc_nonce 1
  balance 1000000000000000000
  code 0
 addr 0xb94f5374fce5edbc8e2a8697c15331677e6ebf0b
  acc_nonce 0
  balance 0
  code 57 96 0 53 96 0 82 96 32 53 96 32 82 96 64 53 96 64 82 96 96 53 96 96 82 96 64 96 200 96 64 96 0 96 0 96 6 98 7 161 32 242 96 0 85 96 200 81 96 1 85 96 232 81 96 2 85 0
post
 addr 0x68795c4aa09d6f4ed3e5deddf8c2ad3049a601da
  acc_nonce 0
  balance 2000000000000084015
  code 0
 addr 0xa94f5374fce5edbc8e2a8697c15331677e6ebf0b
  acc_nonce 2
  balance 999999999999915985
  code 0
 addr 0xb94f5374fce5edbc8e2a8697c15331677e6ebf0b
  acc_nonce 0
  balance 0
  code 57 96 0 53 96 0 82 96 32 53 96 32 82 96 64 53 96 64 82 96 96 53 96 96 82 96 64 96 200 96 64 96 0 96 0 96 6 98 7 161 32 242 96 0 85 96 200 81 96 1 85 96 232 81 96 2 85 0
   kv 0x0000000000000000000000000000000000000000000000000000000000000000 0x0000000000000000000000000000000000000000000000000000000000000001
   kv 0x0000000000000000000000000000000000000000000000000000000000000001 0x0f25929bcb43d5a57391564615c9e70a992b10eafa4db109709649cf48c50dd2
   kv 0x0000000000000000000000000000000000000000000000000000000000000002 0x16da2f5cb6be7a0aa72c440c53c9bbdfec6c36c7d515536431b3a865468acbba
blocks
 block 0
  coinbase 0x68795c4aa09d6f4ed3e5deddf8c2ad3049a601da
  height 1
  difficulty 131072
  gaslimit 4015931
  timestamp 1000
  tx 0
   from 0xa94f5374fce5edbc8e2a8697c15331677e6ebf0b
   nonce 1
   to 0xb94f5374fce5edbc8e2a8697c15331677e6ebf0b
   value 0
   gasprice 1
   gas 200000
   data 128 15 37 146 155 203 67 213 165 115 145 86 70 21 201 231 10 153 43 16 234 250 77 177 9 112 150 73 207 72 197 13 210 22 218 47 92 182 190 122 10 167 44 68 12 83 201 187 223 236 108 54 199 213 21 83 100 49 179 168 101 70 138 203 186 15 37 146 155 203 67 213 165 115 145 86 70 21 201 231 10 153 43 16 234 250 77 177 9 112 150 73 207 72 197 13 210 22 218 47 92 182 190 122 10 167 44 68 12 83 201 187 223 236 108 54 199 213 21 83 100 49 179 168 101 70 138 203 186
test pointAddTrunc_d8g0v0_Istanbul
pre
 addr 0xa94f5374fce5edbc8e2a8697c15331677e6ebf0b
  acc_nonce 1
  balance 1000000000000000000
  code 0
 addr 0xb94f5374fce5edbc8e2a8697c15331677e6ebf0b
  acc_nonce 0
  balance 0
  code 57 96 0 53 96 0 82 96 32 53 96 32 82 96 64 53 96 64 82 96 96 53 96 96 82 96 64 96 200 96 64 96 0 96 0 96 6 98 7 161 32 242 96 0 85 96 200 81 96 1 85 96 232 81 96 2 85 0
post
 addr 0x68795c4aa09d6f4ed3e5deddf8c2ad3049a601da
  acc_nonce 0
  balance 2000000000000084003
  code 0
 addr 0xa94f5374fce5edbc8e2a8697c15331677e6ebf0b
  acc_nonce 2
  balance 999999999999915997
  code 0
 addr 0xb94f5374fce5edbc8e2a8697c15331677e6ebf0b
  acc_nonce 0
  balance 0
  code 57 96 0 53 96 0 82 96 32 53 96 32 82 96 64 53 96 64 82 96 96 53 96 96 82 96 64 96 200 96 64 96 0 96 0 96 6 98 7 161 32 242 96 0 85 96 200 81 96 1 85 96 232 81 96 2 85 0
   kv 0x0000000000000000000000000000000000000000000000000000000000000000 0x0000000000000000000000000000000000000000000000000000000000000001
   kv 0x0000000000000000000000000000000000000000000000000000000000000001 0x0f25929bcb43d5a57391564615c9e70a992b10eafa4db109709649cf48c50dd2
   kv 0x0000000000000000000000000000000000000000000000000000000000000002 0x16da2f5cb6be7a0aa72c440c53c9bbdfec6c36c7d515536431b3a865468acbba
blocks
 block 0
  coinbase 0x68795c4aa09d6f4ed3e5deddf8c2ad3049a601da
  height 1
  difficulty 131072
  gaslimit 4015931
  timestamp 1000
  tx 0
   from 0xa94f5374fce5edbc8e2a8697c15331677e6ebf0b
   nonce 1
   to 0xb94f5374fce5edbc8e2a8697c15331677e6ebf0b
   value 0
   gasprice 1
   gas 1000000
   data 128 15 37 146 155 203 67 213 165 115 145 86 70 21 201 231 10 153 43 16 234 250 77 177 9 112 150 73 207 72 197 13 210 22 218 47 92 182 190 122 10 167 44 68 12 83 201 187 223 236 108 54 199 213 21 83 100 49 179 168 101 70 138 203 186 29 228 154 75 2 51 39 59 186 129 70 175 130 4 45 0 79 32 133 236 152 35 151 219 13 151 218 23 32 76 194 134 2 23 50 127 252 70 57 25 190 248 12 193 102 208 156 97 114 99 157 133 137 121 153 40 118 27 205 159 34 201 3 212
test pointAddTrunc_d8g1v0_Istanbul
pre
 addr 0xa94f5374fce5edbc8e2a8697c15331677e6ebf0b
  acc_nonce 1
  balance 1000000000000000000
  code 0
 addr 0xb94f5374fce5edbc8e2a8697c15331677e6ebf0b
  acc_nonce 0
  balance 0
  code 57 96 0 53 96 0 82 96 32 53 96 32 82 96 64 53 96 64 82 96 96 53 96 96 82 96 64 96 200 96 64 96 0 96 0 96 6 98 7 161 32 242 96 0 85 96 200 81 96 1 85 96 232 81 96 2 85 0
post
 addr 0x68795c4aa09d6f4ed3e5deddf8c2ad3049a601da
  acc_nonce 0
  balance 2000000000000084000
  code 0
 addr 0xa94f5374fce5edbc8e2a8697c15331677e6ebf0b
  acc_nonce 2
  balance 999999999999916000
  code 0
 addr 0xb94f5374fce5edbc8e2a8697c15331677e6ebf0b
  acc_nonce 0
  balance 0
  code 57 96 0 53 96 0 82 96 32 53 96 32 82 96 64 53 96 64 82 96 96 53 96 96 82 96 64 96 200 96 64 96 0 96 0 96 6 98 7 161 32 242 96 0 85 96 200 81 96 1 85 96 232 81 96 2 85 0
blocks
 block 0
  coinbase 0x68795c4aa09d6f4ed3e5deddf8c2ad3049a601da
  height 1
  difficulty 131072
  gaslimit 4015931
  timestamp 1000
  tx 0
   from 0xa94f5374fce5edbc8e2a8697c15331677e6ebf0b
   nonce 1
   to 0xb94f5374fce5edbc8e2a8697c15331677e6ebf0b
   value 0
   gasprice 1
   gas 84000
   data 128 15 37 146 155 203 67 213 165 115 145 86 70 21 201 231 10 153 43 16 234 250 77 177 9 112 150 73 207 72 197 13 210 22 218 47 92 182 190 122 10 167 44 68 12 83 201 187 223 236 108 54 199 213 21 83 100 49 179 168 101 70 138 203 186 29 228 154 75 2 51 39 59 186 129 70 175 130 4 45 0 79 32 133 236 152 35 151 219 13 151 218 23 32 76 194 134 2 23 50 127 252 70 57 25 190 248 12 193 102 208 156 97 114 99 157 133 137 121 153 40 118 27 205 159 34 201 3 212
test pointAddTrunc_d8g2v0_Istanbul
pre
 addr 0xa94f5374fce5edbc8e2a8697c15331677e6ebf0b
  acc_nonce 1
  balance 1000000000000000000
  code 0
 addr 0xb94f5374fce5edbc8e2a8697c15331677e6ebf0b
  acc_nonce 0
  balance 0
  code 57 96 0 53 96 0 82 96 32 53 96 32 82 96 64 53 96 64 82 96 96 53 96 96 82 96 64 96 200 96 64 96 0 96 0 96 6 98 7 161 32 242 96 0 85 96 200 81 96 1 85 96 232 81 96 2 85 0
post
 addr 0x68795c4aa09d6f4ed3e5deddf8c2ad3049a601da
  acc_nonce 0
  balance 2000000000000084003
  code 0
 addr 0xa94f5374fce5edbc8e2a8697c15331677e6ebf0b
  acc_nonce 2
  balance 999999999999915997
  code 0
 addr 0xb94f5374fce5edbc8e2a8697c15331677e6ebf0b
  acc_nonce 0
  balance 0
  code 57 96 0 53 96 0 82 96 32 53 96 32 82 96 64 53 96 64 82 96 96 53 96 96 82 96 64 96 200 96 64 96 0 96 0 96 6 98 7 161 32 242 96 0 85 96 200 81 96 1 85 96 232 81 96 2 85 0
   kv 0x0000000000000000000000000000000000000000000000000000000000000000 0x0000000000000000000000000000000000000000000000000000000000000001
   kv 0x0000000000000000000000000000000000000000000000000000000000000001 0x0f25929bcb43d5a57391564615c9e70a992b10eafa4db109709649cf48c50dd2
   kv 0x0000000000000000000000000000000000000000000000000000000000000002 0x16da2f5cb6be7a0aa72c440c53c9bbdfec6c36c7d515536431b3a865468acbba
blocks
 block 0
  coinbase 0x68795c4aa09d6f4ed3e5deddf8c2ad3049a601da
  height 1
  difficulty 131072
  gaslimit 4015931
  timestamp 1000
  tx 0
   from 0xa94f5374fce5edbc8e2a8697c15331677e6ebf0b
   nonce 1
   to 0xb94f5374fce5edbc8e2a8697c15331677e6ebf0b
   value 0
   gasprice 1
   gas 110000
   data 128 15 37 146 155 203 67 213 165 115 145 86 70 21 201 231 10 153 43 16 234 250 77 177 9 112 150 73 207 72 197 13 210 22 218 47 92 182 190 122 10 167 44 68 12 83 201 187 223 236 108 54 199 213 21 83 100 49 179 168 101 70 138 203 186 29 228 154 75 2 51 39 59 186 129 70 175 130 4 45 0 79 32 133 236 152 35 151 219 13 151 218 23 32 76 194 134 2 23 50 127 252 70 57 25 190 248 12 193 102 208 156 97 114 99 157 133 137 121 153 40 118 27 205 159 34 201 3 212
test pointAddTrunc_d8g3v0_Istanbul
pre
 addr 0xa94f5374fce5edbc8e2a8697c15331677e6ebf0b
  acc_nonce 1
  balance 1000000000000000000
  code 0
 addr 0xb94f5374fce5edbc8e2a8697c15331677e6ebf0b
  acc_nonce 0
  balance 0
  code 57 96 0 53 96 0 82 96 32 53 96 32 82 96 64 53 96 64 82 96 96 53 96 96 82 96 64 96 200 96 64 96 0 96 0 96 6 98 7 161 32 242 96 0 85 96 200 81 96 1 85 96 232 81 96 2 85 0
post
 addr 0x68795c4aa09d6f4ed3e5deddf8c2ad3049a601da
  acc_nonce 0
  balance 2000000000000084003
  code 0
 addr 0xa94f5374fce5edbc8e2a8697c15331677e6ebf0b
  acc_nonce 2
  balance 999999999999915997
  code 0
 addr 0xb94f5374fce5edbc8e2a8697c15331677e6ebf0b
  acc_nonce 0
  balance 0
  code 57 96 0 53 96 0 82 96 32 53 96 32 82 96 64 53 96 64 82 96 96 53 96 96 82 96 64 96 200 96 64 96 0 96 0 96 6 98 7 161 32 242 96 0 85 96 200 81 96 1 85 96 232 81 96 2 85 0
   kv 0x0000000000000000000000000000000000000000000000000000000000000000 0x0000000000000000000000000000000000000000000000000000000000000001
   kv 0x0000000000000000000000000000000000000000000000000000000000000001 0x0f25929bcb43d5a57391564615c9e70a992b10eafa4db109709649cf48c50dd2
   kv 0x0000000000000000000000000000000000000000000000000000000000000002 0x16da2f5cb6be7a0aa72c440c53c9bbdfec6c36c7d515536431b3a865468acbba
blocks
 block 0
  coinbase 0x68795c4aa09d6f4ed3e5deddf8c2ad3049a601da
  height 1
  difficulty 131072
  gaslimit 4015931
  timestamp 1000
  tx 0
   from 0xa94f5374fce5edbc8e2a8697c15331677e6ebf0b
   nonce 1
   to 0xb94f5374fce5edbc8e2a8697c15331677e6ebf0b
   value 0
   gasprice 1
   gas 200000
   data 128 15 37 146 155 203 67 213 165 115 145 86 70 21 201 231 10 153 43 16 234 250 77 177 9 112 150 73 207 72 197 13 210 22 218 47 92 182 190 122 10 167 44 68 12 83 201 187 223 236 108 54 199 213 21 83 100 49 179 168 101 70 138 203 186 29 228 154 75 2 51 39 59 186 129 70 175 130 4 45 0 79 32 133 236 152 35 151 219 13 151 218 23 32 76 194 134 2 23 50 127 252 70 57 25 190 248 12 193 102 208 156 97 114 99 157 133 137 121 153 40 118 27 205 159 34 201 3 212
test pointAddTrunc_d9g0v0_Istanbul
pre
 addr 0xa94f5374fce5edbc8e2a8697c15331677e6ebf0b
  acc_nonce 1
  balance 1000000000000000000
  code 0
 addr 0xb94f5374fce5edbc8e2a8697c15331677e6ebf0b
  acc_nonce 0
  balance 0
  code 57 96 0 53 96 0 82 96 32 53 96 32 82 96 64 53 96 64 82 96 96 53 96 96 82 96 64 96 200 96 64 96 0 96 0 96 6 98 7 161 32 242 96 0 85 96 200 81 96 1 85 96 232 81 96 2 85 0
post
 addr 0x68795c4aa09d6f4ed3e5deddf8c2ad3049a601da
  acc_nonce 0
  balance 2000000000000083271
  code 0
 addr 0xa94f5374fce5edbc8e2a8697c15331677e6ebf0b
  acc_nonce 2
  balance 999999999999916729
  code 0
 addr 0xb94f5374fce5edbc8e2a8697c15331677e6ebf0b
  acc_nonce 0
  balance 0
  code 57 96 0 53 96 0 82 96 32 53 96 32 82 96 64 53 96 64 82 96 96 53 96 96 82 96 64 96 200 96 64 96 0 96 0 96 6 98 7 161 32 242 96 0 85 96 200 81 96 1 85 96 232 81 96 2 85 0
   kv 0x0000000000000000000000000000000000000000000000000000000000000000 0x0000000000000000000000000000000000000000000000000000000000000001
   kv 0x0000000000000000000000000000000000000000000000000000000000000001 0x0f25929bcb43d5a57391564615c9e70a992b10eafa4db109709649cf48c50dd2
   kv 0x0000000000000000000000000000000000000000000000000000000000000002 0x16da2f5cb6be7a0aa72c440c53c9bbdfec6c36c7d515536431b3a865468acbba
blocks
 block 0
  coinbase 0x68795c4aa09d6f4ed3e5deddf8c2ad3049a601da
  height 1
  difficulty 131072
  gaslimit 4015931
  timestamp 1000
  tx 0
   from 0xa94f5374fce5edbc8e2a8697c15331677e6ebf0b
   nonce 1
   to 0xb94f5374fce5edbc8e2a8697c15331677e6ebf0b
   value 0
   gasprice 1
   gas 1000000
   data 128 15 37 146 155 203 67 213 165 115 145 86 70 21 201 231 10 153 43 16 234 250 77 177 9 112 150 73 207 72 197 13 210 22 218 47 92 182 190 122 10 167 44 68 12 83 201 187 223 236 108 54 199 213 21 83 100 49 179 168 101 70 138 203 186 0 0 0 0 0 0 0 0 0 0 0 0 0 0 0 0 0 0 0 0 0 0 0 0 0 0 0 0 0 0 0 1 0 0 0 0 0 0 0 0 0 0 0 0 0 0 0 0 0 0 0 0 0 0 0 0 0 0 0 0 0 0 0 2
test pointAddTrunc_d9g1v0_Istanbul
pre
 addr 0xa94f5374fce5edbc8e2a8697c15331677e6ebf0b
  acc_nonce 1
  balance 1000000000000000000
  code 0
 addr 0xb94f5374fce5edbc8e2a8697c15331677e6ebf0b
  acc_nonce 0
  balance 0
  code 57 96 0 53 96 0 82 96 32 53 96 32 82 96 64 53 96 64 82 96 96 53 96 96 82 96 64 96 200 96 64 96 0 96 0 96 6 98 7 161 32 242 96 0 85 96 200 81 96 1 85 96 232 81 96 2 85 0
post
 addr 0x68795c4aa09d6f4ed3e5deddf8c2ad3049a601da
  acc_nonce 0
  balance 2000000000000083271
  code 0
 addr 0xa94f5374fce5edbc8e2a8697c15331677e6ebf0b
  acc_nonce 2
  balance 999999999999916729
  code 0
 addr 0xb94f5374fce5edbc8e2a8697c15331677e6ebf0b
  acc_nonce 0
  balance 0
  code 57 96 0 53 96 0 82 96 32 53 96 32 82 96 64 53 96 64 82 96 96 53 96 96 82 96 64 96 200 96 64 96 0 96 0 96 6 98 7 161 32 242 96 0 85 96 200 81 96 1 85 96 232 81 96 2 85 0
   kv 0x0000000000000000000000000000000000000000000000000000000000000000 0x0000000000000000000000000000000000000000000000000000000000000001
   kv 0x0000000000000000000000000000000000000000000000000000000000000001 0x0f25929bcb43d5a57391564615c9e70a992b10eafa4db109709649cf48c50dd2
   kv 0x0000000000000000000000000000000000000000000000000000000000000002 0x16da2f5cb6be7a0aa72c440c53c9bbdfec6c36c7d515536431b3a865468acbba
blocks
 block 0
  coinbase 0x68795c4aa09d6f4ed3e5deddf8c2ad3049a601da
  height 1
  difficulty 131072
  gaslimit 4015931
  timestamp 1000
  tx 0
   from 0xa94f5374fce5edbc8e2a8697c15331677e6ebf0b
   nonce 1
   to 0xb94f5374fce5edbc8e2a8697c15331677e6ebf0b
   value 0
   gasprice 1
   gas 84000
   data 128 15 37 146 155 203 67 213 165 115 145 86 70 21 201 231 10 153 43 16 234 250 77 177 9 112 150 73 207 72 197 13 210 22 218 47 92 182 190 122 10 167 44 68 12 83 201 187 223 236 108 54 199 213 21 83 100 49 179 168 101 70 138 203 186 0 0 0 0 0 0 0 0 0 0 0 0 0 0 0 0 0 0 0 0 0 0 0 0 0 0 0 0 0 0 0 1 0 0 0 0 0 0 0 0 0 0 0 0 0 0 0 0 0 0 0 0 0 0 0 0 0 0 0 0 0 0 0 2
test pointAddTrunc_d9g2v0_Istanbul
pre
 addr 0xa94f5374fce5edbc8e2a8697c15331677e6ebf0b
  acc_nonce 1
  balance 1000000000000000000
  code 0
 addr 0xb94f5374fce5edbc8e2a8697c15331677e6ebf0b
  acc_nonce 0
  balance 0
  code 57 96 0 53 96 0 82 96 32 53 96 32 82 96 64 53 96 64 82 96 96 53 96 96 82 96 64 96 200 96 64 96 0 96 0 96 6 98 7 161 32 242 96 0 85 96 200 81 96 1 85 96 232 81 96 2 85 0
post
 addr 0x68795c4aa09d6f4ed3e5deddf8c2ad3049a601da
  acc_nonce 0
  balance 2000000000000083271
  code 0
 addr 0xa94f5374fce5edbc8e2a8697c15331677e6ebf0b
  acc_nonce 2
  balance 999999999999916729
  code 0
 addr 0xb94f5374fce5edbc8e2a8697c15331677e6ebf0b
  acc_nonce 0
  balance 0
  code 57 96 0 53 96 0 82 96 32 53 96 32 82 96 64 53 96 64 82 96 96 53 96 96 82 96 64 96 200 96 64 96 0 96 0 96 6 98 7 161 32 242 96 0 85 96 200 81 96 1 85 96 232 81 96 2 85 0
   kv 0x0000000000000000000000000000000000000000000000000000000000000000 0x0000000000000000000000000000000000000000000000000000000000000001
   kv 0x0000000000000000000000000000000000000000000000000000000000000001 0x0f25929bcb43d5a57391564615c9e70a992b10eafa4db109709649cf48c50dd2
   kv 0x0000000000000000000000000000000000000000000000000000000000000002 0x16da2f5cb6be7a0aa72c440c53c9bbdfec6c36c7d515536431b3a865468acbba
blocks
 block 0
  coinbase 0x68795c4aa09d6f4ed3e5deddf8c2ad3049a601da
  height 1
  difficulty 131072
  gaslimit 4015931
  timestamp 1000
  tx 0
   from 0xa94f5374fce5edbc8e2a8697c15331677e6ebf0b
   nonce 1
   to 0xb94f5374fce5edbc8e2a8697c15331677e6ebf0b
   value 0
   gasprice 1
   gas 110000
   data 128 15 37 146 155 203 67 213 165 115 145 86 70 21 201 231 10 153 43 16 234 250 77 177 9 112 150 73 207 72 197 13 210 22 218 47 92 182 190 122 10 167 44 68 12 83 201 187 223 236 108 54 199 213 21 83 100 49 179 168 101 70 138 203 186 0 0 0 0 0 0 0 0 0 0 0 0 0 0 0 0 0 0 0 0 0 0 0 0 0 0 0 0 0 0 0 1 0 0 0 0 0 0 0 0 0 0 0 0 0 0 0 0 0 0 0 0 0 0 0 0 0 0 0 0 0 0 0 2
test pointAddTrunc_d9g3v0_Istanbul
pre
 addr 0xa94f5374fce5edbc8e2a8697c15331677e6ebf0b
  acc_nonce 1
  balance 1000000000000000000
  code 0
 addr 0xb94f5374fce5edbc8e2a8697c15331677e6ebf0b
  acc_nonce 0
  balance 0
  code 57 96 0 53 96 0 82 96 32 53 96 32 82 96 64 53 96 64 82 96 96 53 96 96 82 96 64 96 200 96 64 96 0 96 0 96 6 98 7 161 32 242 96 0 85 96 200 81 96 1 85 96 232 81 96 2 85 0
post
 addr 0x68795c4aa09d6f4ed3e5deddf8c2ad3049a601da
  acc_nonce 0
  balance 2000000000000083271
  code 0
 addr 0xa94f5374fce5edbc8e2a8697c15331677e6ebf0b
  acc_nonce 2
  balance 999999999999916729
  code 0
 addr 0xb94f5374fce5edbc8e2a8697c15331677e6ebf0b
  acc_nonce 0
  balance 0
  code 57 96 0 53 96 0 82 96 32 53 96 32 82 96 64 53 96 64 82 96 96 53 96 96 82 96 64 96 200 96 64 96 0 96 0 96 6 98 7 161 32 242 96 0 85 96 200 81 96 1 85 96 232 81 96 2 85 0
   kv 0x0000000000000000000000000000000000000000000000000000000000000000 0x0000000000000000000000000000000000000000000000000000000000000001
   kv 0x0000000000000000000000000000000000000000000000000000000000000001 0x0f25929bcb43d5a57391564615c9e70a992b10eafa4db109709649cf48c50dd2
   kv 0x0000000000000000000000000000000000000000000000000000000000000002 0x16da2f5cb6be7a0aa72c440c53c9bbdfec6c36c7d515536431b3a865468acbba
blocks
 block 0
  coinbase 0x68795c4aa09d6f4ed3e5deddf8c2ad3049a601da
  height 1
  difficulty 131072
  gaslimit 4015931
  timestamp 1000
  tx 0
   from 0xa94f5374fce5edbc8e2a8697c15331677e6ebf0b
   nonce 1
   to 0xb94f5374fce5edbc8e2a8697c15331677e6ebf0b
   value 0
   gasprice 1
   gas 200000
   data 128 15 37 146 155 203 67 213 165 115 145 86 70 21 201 231 10 153 43 16 234 250 77 177 9 112 150 73 207 72 197 13 210 22 218 47 92 182 190 122 10 167 44 68 12 83 201 187 223 236 108 54 199 213 21 83 100 49 179 168 101 70 138 203 186 0 0 0 0 0 0 0 0 0 0 0 0 0 0 0 0 0 0 0 0 0 0 0 0 0 0 0 0 0 0 0 1 0 0 0 0 0 0 0 0 0 0 0 0 0 0 0 0 0 0 0 0 0 0 0 0 0 0 0 0 0 0 0 2
