test ecadd_1145-3932_2969-1336_25000_128_d0g0v0_Istanbul
pre
 addr 0x0000000000000000000000000000000000000000
  acc_nonce 0
  balance 1
  code 0
 addr 0x0000000000000000000000000000000000000001
  acc_nonce 0
  balance 1
  code 0
 addr 0x0000000000000000000000000000000000000002
  acc_nonce 0
  balance 1
  code 0
 addr 0x0000000000000000000000000000000000000003
  acc_nonce 0
  balance 1
  code 0
 addr 0x0000000000000000000000000000000000000004
  acc_nonce 0
  balance 1
  code 0
 addr 0x0000000000000000000000000000000000000005
  acc_nonce 0
  balance 1
  code 0
 addr 0x0000000000000000000000000000000000000006
  acc_nonce 0
  balance 1
  code 0
 addr 0x0000000000000000000000000000000000000007
  acc_nonce 0
  balance 1
  code 0
 addr 0x10a1c1cb95c92ec31d3f22c66eef1d9f3f258c6b
  acc_nonce 0
  balance 1000000000000000000
  code 0
 addr 0x13cbb8d99c6c4e0f2728c7d72606e78a29c4e224
  acc_nonce 0
  balance 1000000000000000000
  code 0
 addr 0x24143873e0e0815fdcbcffdbe09c979cbf9ad013
  acc_nonce 0
  balance 1000000000000000000
  code 0
 addr 0x3535353535353535353535353535353535353535
  acc_nonce 0
  balance 1297859
  code 0
 addr 0x598443f1880ef585b21f1d7585bd0577402861e5
  acc_nonce 0
  balance 1000000000000000000
  code 0
 addr 0x77db2bebba79db42a978f896968f4afce746ea1f
  acc_nonce 0
  balance 1000000000000000000
  code 0
 addr 0x7d577a597b2742b498cb5cf0c26cdcd726d39e6e
  acc_nonce 0
  balance 1000000000000000000
  code 0
 addr 0x82a978b3f5962a5b0957d9ee9eef472ee55b42f1
  acc_nonce 31
  balance 999999999998702141
  code 0
 addr 0x90f0b1ebbba1c1936aff7aaf20a7878ff9e04b6c
  acc_nonce 0
  balance 1000000000000000000
  code 0
 addr 0xc305c901078781c232a2a521c2af7980f8385ee9
  acc_nonce 1
  balance 0
  code 300 96 0 53 96 28 82 116 1 0 0 0 0 0 0 0 0 0 0 0 0 0 0 0 0 0 0 0 0 96 32 82 111 255 255 255 255 255 255 255 255 255 255 255 255 255 255 255 255 96 64 82 127 255 255 255 255 255 255 255 255 255 255 255 255 255 255 255 255 0 0 0 0 0 0 0 0 0 0 0 0 0 0 0 1 96 96 82 116 2 84 11 227 255 255 255 255 255 255 255 255 255 255 255 255 253 171 244 28 0 96 128 82 127 255 255 255 255 255 255 255 255 255 255 255 253 171 244 28 0 0 0 0 0 0 0 0 0 0 0 0 2 84 11 228 0 96 160 82 99 48 200 209 218 96 0 81 20 21 97 1 43 87 96 192 96 4 53 96 4 1 53 17 21 21 88 87 96 4 53 96 4 1 53 96 32 1 96 4 53 96 4 1 97 1 64 55 96 64 97 2 96 97 1 64 81 97 1 96 96 0 96 6 99 5 245 224 255 241 21 88 87 96 64 97 2 64 82 97 2 64 96 96 128 97 2 192 130 132 96 0 96 4 96 27 241 80 80 80 97 2 192 128 81 96 32 130 1 32 144 80 96 0 85 97 2 192 96 32 96 32 130 3 82 96 64 129 81 1 96 32 96 1 130 3 6 96 31 130 1 3 144 80 96 32 130 3 243 80 0 91
   kv 0x0000000000000000000000000000000000000000000000000000000000000000 0x8a5045bc7a493061be89fdbc32ea8ae69e8d8b55ebe445fa41fa534b1543ab50
 addr 0xdceceaf3fc5c0a63d195d69b1a90011b7b19650d
  acc_nonce 0
  balance 1000000000000000000
  code 0
 addr 0xe0fc04fa2d34a66b779fd5cee748268032a146c0
  acc_nonce 0
  balance 1000000000000000000
  code 0
post
 addr 0x0000000000000000000000000000000000000000
  acc_nonce 0
  balance 1
  code 0
 addr 0x0000000000000000000000000000000000000001
  acc_nonce 0
  balance 1
  code 0
 addr 0x0000000000000000000000000000000000000002
  acc_nonce 0
  balance 1
  code 0
 addr 0x0000000000000000000000000000000000000003
  acc_nonce 0
  balance 1
  code 0
 addr 0x0000000000000000000000000000000000000004
  acc_nonce 0
  balance 1
  code 0
 addr 0x0000000000000000000000000000000000000005
  acc_nonce 0
  balance 1
  code 0
 addr 0x0000000000000000000000000000000000000006
  acc_nonce 0
  balance 1
  code 0
 addr 0x0000000000000000000000000000000000000007
  acc_nonce 0
  balance 1
  code 0
 addr 0x10a1c1cb95c92ec31d3f22c66eef1d9f3f258c6b
  acc_nonce 0
  balance 1000000000000000000
  code 0
 addr 0x13cbb8d99c6c4e0f2728c7d72606e78a29c4e224
  acc_nonce 0
  balance 1000000000000000000
  code 0
 addr 0x24143873e0e0815fdcbcffdbe09c979cbf9ad013
  acc_nonce 0
  balance 1000000000000000000
  code 0
 addr 0x3535353535353535353535353535353535353535
  acc_nonce 0
  balance 2000000000001328301
  code 0
 addr 0x598443f1880ef585b21f1d7585bd0577402861e5
  acc_nonce 0
  balance 1000000000000000000
  code 0
 addr 0x77db2bebba79db42a978f896968f4afce746ea1f
  acc_nonce 0
  balance 1000000000000000000
  code 0
 addr 0x7d577a597b2742b498cb5cf0c26cdcd726d39e6e
  acc_nonce 0
  balance 1000000000000000000
  code 0
 addr 0x82a978b3f5962a5b0957d9ee9eef472ee55b42f1
  acc_nonce 32
  balance 999999999998671699
  code 0
 addr 0x90f0b1ebbba1c1936aff7aaf20a7878ff9e04b6c
  acc_nonce 0
  balance 1000000000000000000
  code 0
 addr 0xc305c901078781c232a2a521c2af7980f8385ee9
  acc_nonce 1
  balance 0
  code 300 96 0 53 96 28 82 116 1 0 0 0 0 0 0 0 0 0 0 0 0 0 0 0 0 0 0 0 0 96 32 82 111 255 255 255 255 255 255 255 255 255 255 255 255 255 255 255 255 96 64 82 127 255 255 255 255 255 255 255 255 255 255 255 255 255 255 255 255 0 0 0 0 0 0 0 0 0 0 0 0 0 0 0 1 96 96 82 116 2 84 11 227 255 255 255 255 255 255 255 255 255 255 255 255 253 171 244 28 0 96 128 82 127 255 255 255 255 255 255 255 255 255 255 255 253 171 244 28 0 0 0 0 0 0 0 0 0 0 0 0 2 84 11 228 0 96 160 82 99 48 200 209 218 96 0 81 20 21 97 1 43 87 96 192 96 4 53 96 4 1 53 17 21 21 88 87 96 4 53 96 4 1 53 96 32 1 96 4 53 96 4 1 97 1 64 55 96 64 97 2 96 97 1 64 81 97 1 96 96 0 96 6 99 5 245 224 255 241 21 88 87 96 64 97 2 64 82 97 2 64 96 96 128 97 2 192 130 132 96 0 96 4 96 27 241 80 80 80 97 2 192 128 81 96 32 130 1 32 144 80 96 0 85 97 2 192 96 32 96 32 130 3 82 96 64 129 81 1 96 32 96 1 130 3 6 96 31 130 1 3 144 80 96 32 130 3 243 80 0 91
   kv 0x0000000000000000000000000000000000000000000000000000000000000000 0x64b98f570e1e53ac1b472a4fc89919f2d76166fb5494b817bca7677f3a51c497
 addr 0xdceceaf3fc5c0a63d195d69b1a90011b7b19650d
  acc_nonce 0
  balance 1000000000000000000
  code 0
 addr 0xe0fc04fa2d34a66b779fd5cee748268032a146c0
  acc_nonce 0
  balance 1000000000000000000
  code 0
blocks
 block 0
  coinbase 0x3535353535353535353535353535353535353535
  height 1
  difficulty 131072
  gaslimit 100097655
  timestamp 1000
  tx 0
   from 0x82a978b3f5962a5b0957d9ee9eef472ee55b42f1
   nonce 31
   to 0xc305c901078781c232a2a521c2af7980f8385ee9
   value 0
   gasprice 1
   gas 55360
   data 196 48 200 209 218 0 0 0 0 0 0 0 0 0 0 0 0 0 0 0 0 0 0 0 0 0 0 0 0 0 0 0 0 0 0 0 32 0 0 0 0 0 0 0 0 0 0 0 0 0 0 0 0 0 0 0 0 0 0 0 0 0 0 0 0 0 0 0 128 23 193 57 223 14 254 224 247 102 188 2 4 118 43 119 67 98 228 222 216 137 83 163 156 232 73 168 167 250 22 63 169 1 224 85 155 172 177 96 102 71 100 163 87 175 138 159 231 11 170 146 88 224 185 89 39 63 252 87 24 198 212 204 124 3 151 48 234 141 255 18 84 192 254 233 192 234 119 125 41 169 199 16 183 230 22 104 63 25 79 24 196 59 67 184 105 7 58 95 252 198 252 122 40 195 7 35 214 229 140 229 119 53 105 130 214 91 131 58 90 92 21 191 144 36 180 61 152
test ecadd_1145-3932_2969-1336_25000_128_d0g1v0_Istanbul
pre
 addr 0x0000000000000000000000000000000000000000
  acc_nonce 0
  balance 1
  code 0
 addr 0x0000000000000000000000000000000000000001
  acc_nonce 0
  balance 1
  code 0
 addr 0x0000000000000000000000000000000000000002
  acc_nonce 0
  balance 1
  code 0
 addr 0x0000000000000000000000000000000000000003
  acc_nonce 0
  balance 1
  code 0
 addr 0x0000000000000000000000000000000000000004
  acc_nonce 0
  balance 1
  code 0
 addr 0x0000000000000000000000000000000000000005
  acc_nonce 0
  balance 1
  code 0
 addr 0x0000000000000000000000000000000000000006
  acc_nonce 0
  balance 1
  code 0
 addr 0x0000000000000000000000000000000000000007
  acc_nonce 0
  balance 1
  code 0
 addr 0x10a1c1cb95c92ec31d3f22c66eef1d9f3f258c6b
  acc_nonce 0
  balance 1000000000000000000
  code 0
 addr 0x13cbb8d99c6c4e0f2728c7d72606e78a29c4e224
  acc_nonce 0
  balance 1000000000000000000
  code 0
 addr 0x24143873e0e0815fdcbcffdbe09c979cbf9ad013
  acc_nonce 0
  balance 1000000000000000000
  code 0
 addr 0x3535353535353535353535353535353535353535
  acc_nonce 0
  balance 1297859
  code 0
 addr 0x598443f1880ef585b21f1d7585bd0577402861e5
  acc_nonce 0
  balance 1000000000000000000
  code 0
 addr 0x77db2bebba79db42a978f896968f4afce746ea1f
  acc_nonce 0
  balance 1000000000000000000
  code 0
 addr 0x7d577a597b2742b498cb5cf0c26cdcd726d39e6e
  acc_nonce 0
  balance 1000000000000000000
  code 0
 addr 0x82a978b3f5962a5b0957d9ee9eef472ee55b42f1
  acc_nonce 31
  balance 999999999998702141
  code 0
 addr 0x90f0b1ebbba1c1936aff7aaf20a7878ff9e04b6c
  acc_nonce 0
  balance 1000000000000000000
  code 0
 addr 0xc305c901078781c232a2a521c2af7980f8385ee9
  acc_nonce 1
  balance 0
  code 300 96 0 53 96 28 82 116 1 0 0 0 0 0 0 0 0 0 0 0 0 0 0 0 0 0 0 0 0 96 32 82 111 255 255 255 255 255 255 255 255 255 255 255 255 255 255 255 255 96 64 82 127 255 255 255 255 255 255 255 255 255 255 255 255 255 255 255 255 0 0 0 0 0 0 0 0 0 0 0 0 0 0 0 1 96 96 82 116 2 84 11 227 255 255 255 255 255 255 255 255 255 255 255 255 253 171 244 28 0 96 128 82 127 255 255 255 255 255 255 255 255 255 255 255 253 171 244 28 0 0 0 0 0 0 0 0 0 0 0 0 2 84 11 228 0 96 160 82 99 48 200 209 218 96 0 81 20 21 97 1 43 87 96 192 96 4 53 96 4 1 53 17 21 21 88 87 96 4 53 96 4 1 53 96 32 1 96 4 53 96 4 1 97 1 64 55 96 64 97 2 96 97 1 64 81 97 1 96 96 0 96 6 99 5 245 224 255 241 21 88 87 96 64 97 2 64 82 97 2 64 96 96 128 97 2 192 130 132 96 0 96 4 96 27 241 80 80 80 97 2 192 128 81 96 32 130 1 32 144 80 96 0 85 97 2 192 96 32 96 32 130 3 82 96 64 129 81 1 96 32 96 1 130 3 6 96 31 130 1 3 144 80 96 32 130 3 243 80 0 91
   kv 0x0000000000000000000000000000000000000000000000000000000000000000 0x8a5045bc7a493061be89fdbc32ea8ae69e8d8b55ebe445fa41fa534b1543ab50
 addr 0xdceceaf3fc5c0a63d195d69b1a90011b7b19650d
  acc_nonce 0
  balance 1000000000000000000
  code 0
 addr 0xe0fc04fa2d34a66b779fd5cee748268032a146c0
  acc_nonce 0
  balance 1000000000000000000
  code 0
post
 addr 0x0000000000000000000000000000000000000000
  acc_nonce 0
  balance 1
  code 0
 addr 0x0000000000000000000000000000000000000001
  acc_nonce 0
  balance 1
  code 0
 addr 0x0000000000000000000000000000000000000002
  acc_nonce 0
  balance 1
  code 0
 addr 0x0000000000000000000000000000000000000003
  acc_nonce 0
  balance 1
  code 0
 addr 0x0000000000000000000000000000000000000004
  acc_nonce 0
  balance 1
  code 0
 addr 0x0000000000000000000000000000000000000005
  acc_nonce 0
  balance 1
  code 0
 addr 0x0000000000000000000000000000000000000006
  acc_nonce 0
  balance 1
  code 0
 addr 0x0000000000000000000000000000000000000007
  acc_nonce 0
  balance 1
  code 0
 addr 0x10a1c1cb95c92ec31d3f22c66eef1d9f3f258c6b
  acc_nonce 0
  balance 1000000000000000000
  code 0
 addr 0x13cbb8d99c6c4e0f2728c7d72606e78a29c4e224
  acc_nonce 0
  balance 1000000000000000000
  code 0
 addr 0x24143873e0e0815fdcbcffdbe09c979cbf9ad013
  acc_nonce 0
  balance 1000000000000000000
  code 0
 addr 0x3535353535353535353535353535353535353535
  acc_nonce 0
  balance 2000000000001328301
  code 0
 addr 0x598443f1880ef585b21f1d7585bd0577402861e5
  acc_nonce 0
  balance 1000000000000000000
  code 0
 addr 0x77db2bebba79db42a978f896968f4afce746ea1f
  acc_nonce 0
  balance 1000000000000000000
  code 0
 addr 0x7d577a597b2742b498cb5cf0c26cdcd726d39e6e
  acc_nonce 0
  balance 1000000000000000000
  code 0
 addr 0x82a978b3f5962a5b0957d9ee9eef472ee55b42f1
  acc_nonce 32
  balance 999999999998671699
  code 0
 addr 0x90f0b1ebbba1c1936aff7aaf20a7878ff9e04b6c
  acc_nonce 0
  balance 1000000000000000000
  code 0
 addr 0xc305c901078781c232a2a521c2af7980f8385ee9
  acc_nonce 1
  balance 0
  code 300 96 0 53 96 28 82 116 1 0 0 0 0 0 0 0 0 0 0 0 0 0 0 0 0 0 0 0 0 96 32 82 111 255 255 255 255 255 255 255 255 255 255 255 255 255 255 255 255 96 64 82 127 255 255 255 255 255 255 255 255 255 255 255 255 255 255 255 255 0 0 0 0 0 0 0 0 0 0 0 0 0 0 0 1 96 96 82 116 2 84 11 227 255 255 255 255 255 255 255 255 255 255 255 255 253 171 244 28 0 96 128 82 127 255 255 255 255 255 255 255 255 255 255 255 253 171 244 28 0 0 0 0 0 0 0 0 0 0 0 0 2 84 11 228 0 96 160 82 99 48 200 209 218 96 0 81 20 21 97 1 43 87 96 192 96 4 53 96 4 1 53 17 21 21 88 87 96 4 53 96 4 1 53 96 32 1 96 4 53 96 4 1 97 1 64 55 96 64 97 2 96 97 1 64 81 97 1 96 96 0 96 6 99 5 245 224 255 241 21 88 87 96 64 97 2 64 82 97 2 64 96 96 128 97 2 192 130 132 96 0 96 4 96 27 241 80 80 80 97 2 192 128 81 96 32 130 1 32 144 80 96 0 85 97 2 192 96 32 96 32 130 3 82 96 64 129 81 1 96 32 96 1 130 3 6 96 31 130 1 3 144 80 96 32 130 3 243 80 0 91
   kv 0x0000000000000000000000000000000000000000000000000000000000000000 0x64b98f570e1e53ac1b472a4fc89919f2d76166fb5494b817bca7677f3a51c497
 addr 0xdceceaf3fc5c0a63d195d69b1a90011b7b19650d
  acc_nonce 0
  balance 1000000000000000000
  code 0
 addr 0xe0fc04fa2d34a66b779fd5cee748268032a146c0
  acc_nonce 0
  balance 1000000000000000000
  code 0
blocks
 block 0
  coinbase 0x3535353535353535353535353535353535353535
  height 1
  difficulty 131072
  gaslimit 100097655
  timestamp 1000
  tx 0
   from 0x82a978b3f5962a5b0957d9ee9eef472ee55b42f1
   nonce 31
   to 0xc305c901078781c232a2a521c2af7980f8385ee9
   value 0
   gasprice 1
   gas 90000
   data 196 48 200 209 218 0 0 0 0 0 0 0 0 0 0 0 0 0 0 0 0 0 0 0 0 0 0 0 0 0 0 0 0 0 0 0 32 0 0 0 0 0 0 0 0 0 0 0 0 0 0 0 0 0 0 0 0 0 0 0 0 0 0 0 0 0 0 0 128 23 193 57 223 14 254 224 247 102 188 2 4 118 43 119 67 98 228 222 216 137 83 163 156 232 73 168 167 250 22 63 169 1 224 85 155 172 177 96 102 71 100 163 87 175 138 159 231 11 170 146 88 224 185 89 39 63 252 87 24 198 212 204 124 3 151 48 234 141 255 18 84 192 254 233 192 234 119 125 41 169 199 16 183 230 22 104 63 25 79 24 196 59 67 184 105 7 58 95 252 198 252 122 40 195 7 35 214 229 140 229 119 53 105 130 214 91 131 58 90 92 21 191 144 36 180 61 152
test ecadd_1145-3932_2969-1336_25000_128_d0g2v0_Istanbul
pre
 addr 0x0000000000000000000000000000000000000000
  acc_nonce 0
  balance 1
  code 0
 addr 0x0000000000000000000000000000000000000001
  acc_nonce 0
  balance 1
  code 0
 addr 0x0000000000000000000000000000000000000002
  acc_nonce 0
  balance 1
  code 0
 addr 0x0000000000000000000000000000000000000003
  acc_nonce 0
  balance 1
  code 0
 addr 0x0000000000000000000000000000000000000004
  acc_nonce 0
  balance 1
  code 0
 addr 0x0000000000000000000000000000000000000005
  acc_nonce 0
  balance 1
  code 0
 addr 0x0000000000000000000000000000000000000006
  acc_nonce 0
  balance 1
  code 0
 addr 0x0000000000000000000000000000000000000007
  acc_nonce 0
  balance 1
  code 0
 addr 0x10a1c1cb95c92ec31d3f22c66eef1d9f3f258c6b
  acc_nonce 0
  balance 1000000000000000000
  code 0
 addr 0x13cbb8d99c6c4e0f2728c7d72606e78a29c4e224
  acc_nonce 0
  balance 1000000000000000000
  code 0
 addr 0x24143873e0e0815fdcbcffdbe09c979cbf9ad013
  acc_nonce 0
  balance 1000000000000000000
  code 0
 addr 0x3535353535353535353535353535353535353535
  acc_nonce 0
  balance 1297859
  code 0
 addr 0x598443f1880ef585b21f1d7585bd0577402861e5
  acc_nonce 0
  balance 1000000000000000000
  code 0
 addr 0x77db2bebba79db42a978f896968f4afce746ea1f
  acc_nonce 0
  balance 1000000000000000000
  code 0
 addr 0x7d577a597b2742b498cb5cf0c26cdcd726d39e6e
  acc_nonce 0
  balance 1000000000000000000
  code 0
 addr 0x82a978b3f5962a5b0957d9ee9eef472ee55b42f1
  acc_nonce 31
  balance 999999999998702141
  code 0
 addr 0x90f0b1ebbba1c1936aff7aaf20a7878ff9e04b6c
  acc_nonce 0
  balance 1000000000000000000
  code 0
 addr 0xc305c901078781c232a2a521c2af7980f8385ee9
  acc_nonce 1
  balance 0
  code 300 96 0 53 96 28 82 116 1 0 0 0 0 0 0 0 0 0 0 0 0 0 0 0 0 0 0 0 0 96 32 82 111 255 255 255 255 255 255 255 255 255 255 255 255 255 255 255 255 96 64 82 127 255 255 255 255 255 255 255 255 255 255 255 255 255 255 255 255 0 0 0 0 0 0 0 0 0 0 0 0 0 0 0 1 96 96 82 116 2 84 11 227 255 255 255 255 255 255 255 255 255 255 255 255 253 171 244 28 0 96 128 82 127 255 255 255 255 255 255 255 255 255 255 255 253 171 244 28 0 0 0 0 0 0 0 0 0 0 0 0 2 84 11 228 0 96 160 82 99 48 200 209 218 96 0 81 20 21 97 1 43 87 96 192 96 4 53 96 4 1 53 17 21 21 88 87 96 4 53 96 4 1 53 96 32 1 96 4 53 96 4 1 97 1 64 55 96 64 97 2 96 97 1 64 81 97 1 96 96 0 96 6 99 5 245 224 255 241 21 88 87 96 64 97 2 64 82 97 2 64 96 96 128 97 2 192 130 132 96 0 96 4 96 27 241 80 80 80 97 2 192 128 81 96 32 130 1 32 144 80 96 0 85 97 2 192 96 32 96 32 130 3 82 96 64 129 81 1 96 32 96 1 130 3 6 96 31 130 1 3 144 80 96 32 130 3 243 80 0 91
   kv 0x0000000000000000000000000000000000000000000000000000000000000000 0x8a5045bc7a493061be89fdbc32ea8ae69e8d8b55ebe445fa41fa534b1543ab50
 addr 0xdceceaf3fc5c0a63d195d69b1a90011b7b19650d
  acc_nonce 0
  balance 1000000000000000000
  code 0
 addr 0xe0fc04fa2d34a66b779fd5cee748268032a146c0
  acc_nonce 0
  balance 1000000000000000000
  code 0
post
 addr 0x0000000000000000000000000000000000000000
  acc_nonce 0
  balance 1
  code 0
 addr 0x0000000000000000000000000000000000000001
  acc_nonce 0
  balance 1
  code 0
 addr 0x0000000000000000000000000000000000000002
  acc_nonce 0
  balance 1
  code 0
 addr 0x0000000000000000000000000000000000000003
  acc_nonce 0
  balance 1
  code 0
 addr 0x0000000000000000000000000000000000000004
  acc_nonce 0
  balance 1
  code 0
 addr 0x0000000000000000000000000000000000000005
  acc_nonce 0
  balance 1
  code 0
 addr 0x0000000000000000000000000000000000000006
  acc_nonce 0
  balance 1
  code 0
 addr 0x0000000000000000000000000000000000000007
  acc_nonce 0
  balance 1
  code 0
 addr 0x10a1c1cb95c92ec31d3f22c66eef1d9f3f258c6b
  acc_nonce 0
  balance 1000000000000000000
  code 0
 addr 0x13cbb8d99c6c4e0f2728c7d72606e78a29c4e224
  acc_nonce 0
  balance 1000000000000000000
  code 0
 addr 0x24143873e0e0815fdcbcffdbe09c979cbf9ad013
  acc_nonce 0
  balance 1000000000000000000
  code 0
 addr 0x3535353535353535353535353535353535353535
  acc_nonce 0
  balance 2000000000001328301
  code 0
 addr 0x598443f1880ef585b21f1d7585bd0577402861e5
  acc_nonce 0
  balance 1000000000000000000
  code 0
 addr 0x77db2bebba79db42a978f896968f4afce746ea1f
  acc_nonce 0
  balance 1000000000000000000
  code 0
 addr 0x7d577a597b2742b498cb5cf0c26cdcd726d39e6e
  acc_nonce 0
  balance 1000000000000000000
  code 0
 addr 0x82a978b3f5962a5b0957d9ee9eef472ee55b42f1
  acc_nonce 32
  balance 999999999998671699
  code 0
 addr 0x90f0b1ebbba1c1936aff7aaf20a7878ff9e04b6c
  acc_nonce 0
  balance 1000000000000000000
  code 0
 addr 0xc305c901078781c232a2a521c2af7980f8385ee9
  acc_nonce 1
  balance 0
  code 300 96 0 53 96 28 82 116 1 0 0 0 0 0 0 0 0 0 0 0 0 0 0 0 0 0 0 0 0 96 32 82 111 255 255 255 255 255 255 255 255 255 255 255 255 255 255 255 255 96 64 82 127 255 255 255 255 255 255 255 255 255 255 255 255 255 255 255 255 0 0 0 0 0 0 0 0 0 0 0 0 0 0 0 1 96 96 82 116 2 84 11 227 255 255 255 255 255 255 255 255 255 255 255 255 253 171 244 28 0 96 128 82 127 255 255 255 255 255 255 255 255 255 255 255 253 171 244 28 0 0 0 0 0 0 0 0 0 0 0 0 2 84 11 228 0 96 160 82 99 48 200 209 218 96 0 81 20 21 97 1 43 87 96 192 96 4 53 96 4 1 53 17 21 21 88 87 96 4 53 96 4 1 53 96 32 1 96 4 53 96 4 1 97 1 64 55 96 64 97 2 96 97 1 64 81 97 1 96 96 0 96 6 99 5 245 224 255 241 21 88 87 96 64 97 2 64 82 97 2 64 96 96 128 97 2 192 130 132 96 0 96 4 96 27 241 80 80 80 97 2 192 128 81 96 32 130 1 32 144 80 96 0 85 97 2 192 96 32 96 32 130 3 82 96 64 129 81 1 96 32 96 1 130 3 6 96 31 130 1 3 144 80 96 32 130 3 243 80 0 91
   kv 0x0000000000000000000000000000000000000000000000000000000000000000 0x64b98f570e1e53ac1b472a4fc89919f2d76166fb5494b817bca7677f3a51c497
 addr 0xdceceaf3fc5c0a63d195d69b1a90011b7b19650d
  acc_nonce 0
  balance 1000000000000000000
  code 0
 addr 0xe0fc04fa2d34a66b779fd5cee748268032a146c0
  acc_nonce 0
  balance 1000000000000000000
  code 0
blocks
 block 0
  coinbase 0x3535353535353535353535353535353535353535
  height 1
  difficulty 131072
  gaslimit 100097655
  timestamp 1000
  tx 0
   from 0x82a978b3f5962a5b0957d9ee9eef472ee55b42f1
   nonce 31
   to 0xc305c901078781c232a2a521c2af7980f8385ee9
   value 0
   gasprice 1
   gas 110000
   data 196 48 200 209 218 0 0 0 0 0 0 0 0 0 0 0 0 0 0 0 0 0 0 0 0 0 0 0 0 0 0 0 0 0 0 0 32 0 0 0 0 0 0 0 0 0 0 0 0 0 0 0 0 0 0 0 0 0 0 0 0 0 0 0 0 0 0 0 128 23 193 57 223 14 254 224 247 102 188 2 4 118 43 119 67 98 228 222 216 137 83 163 156 232 73 168 167 250 22 63 169 1 224 85 155 172 177 96 102 71 100 163 87 175 138 159 231 11 170 146 88 224 185 89 39 63 252 87 24 198 212 204 124 3 151 48 234 141 255 18 84 192 254 233 192 234 119 125 41 169 199 16 183 230 22 104 63 25 79 24 196 59 67 184 105 7 58 95 252 198 252 122 40 195 7 35 214 229 140 229 119 53 105 130 214 91 131 58 90 92 21 191 144 36 180 61 152
test ecadd_1145-3932_2969-1336_25000_128_d0g3v0_Istanbul
pre
 addr 0x0000000000000000000000000000000000000000
  acc_nonce 0
  balance 1
  code 0
 addr 0x0000000000000000000000000000000000000001
  acc_nonce 0
  balance 1
  code 0
 addr 0x0000000000000000000000000000000000000002
  acc_nonce 0
  balance 1
  code 0
 addr 0x0000000000000000000000000000000000000003
  acc_nonce 0
  balance 1
  code 0
 addr 0x0000000000000000000000000000000000000004
  acc_nonce 0
  balance 1
  code 0
 addr 0x0000000000000000000000000000000000000005
  acc_nonce 0
  balance 1
  code 0
 addr 0x0000000000000000000000000000000000000006
  acc_nonce 0
  balance 1
  code 0
 addr 0x0000000000000000000000000000000000000007
  acc_nonce 0
  balance 1
  code 0
 addr 0x10a1c1cb95c92ec31d3f22c66eef1d9f3f258c6b
  acc_nonce 0
  balance 1000000000000000000
  code 0
 addr 0x13cbb8d99c6c4e0f2728c7d72606e78a29c4e224
  acc_nonce 0
  balance 1000000000000000000
  code 0
 addr 0x24143873e0e0815fdcbcffdbe09c979cbf9ad013
  acc_nonce 0
  balance 1000000000000000000
  code 0
 addr 0x3535353535353535353535353535353535353535
  acc_nonce 0
  balance 1297859
  code 0
 addr 0x598443f1880ef585b21f1d7585bd0577402861e5
  acc_nonce 0
  balance 1000000000000000000
  code 0
 addr 0x77db2bebba79db42a978f896968f4afce746ea1f
  acc_nonce 0
  balance 1000000000000000000
  code 0
 addr 0x7d577a597b2742b498cb5cf0c26cdcd726d39e6e
  acc_nonce 0
  balance 1000000000000000000
  code 0
 addr 0x82a978b3f5962a5b0957d9ee9eef472ee55b42f1
  acc_nonce 31
  balance 999999999998702141
  code 0
 addr 0x90f0b1ebbba1c1936aff7aaf20a7878ff9e04b6c
  acc_nonce 0
  balance 1000000000000000000
  code 0
 addr 0xc305c901078781c232a2a521c2af7980f8385ee9
  acc_nonce 1
  balance 0
  code 300 96 0 53 96 28 82 116 1 0 0 0 0 0 0 0 0 0 0 0 0 0 0 0 0 0 0 0 0 96 32 82 111 255 255 255 255 255 255 255 255 255 255 255 255 255 255 255 255 96 64 82 127 255 255 255 255 255 255 255 255 255 255 255 255 255 255 255 255 0 0 0 0 0 0 0 0 0 0 0 0 0 0 0 1 96 96 82 116 2 84 11 227 255 255 255 255 255 255 255 255 255 255 255 255 253 171 244 28 0 96 128 82 127 255 255 255 255 255 255 255 255 255 255 255 253 171 244 28 0 0 0 0 0 0 0 0 0 0 0 0 2 84 11 228 0 96 160 82 99 48 200 209 218 96 0 81 20 21 97 1 43 87 96 192 96 4 53 96 4 1 53 17 21 21 88 87 96 4 53 96 4 1 53 96 32 1 96 4 53 96 4 1 97 1 64 55 96 64 97 2 96 97 1 64 81 97 1 96 96 0 96 6 99 5 245 224 255 241 21 88 87 96 64 97 2 64 82 97 2 64 96 96 128 97 2 192 130 132 96 0 96 4 96 27 241 80 80 80 97 2 192 128 81 96 32 130 1 32 144 80 96 0 85 97 2 192 96 32 96 32 130 3 82 96 64 129 81 1 96 32 96 1 130 3 6 96 31 130 1 3 144 80 96 32 130 3 243 80 0 91
   kv 0x0000000000000000000000000000000000000000000000000000000000000000 0x8a5045bc7a493061be89fdbc32ea8ae69e8d8b55ebe445fa41fa534b1543ab50
 addr 0xdceceaf3fc5c0a63d195d69b1a90011b7b19650d
  acc_nonce 0
  balance 1000000000000000000
  code 0
 addr 0xe0fc04fa2d34a66b779fd5cee748268032a146c0
  acc_nonce 0
  balance 1000000000000000000
  code 0
post
 addr 0x0000000000000000000000000000000000000000
  acc_nonce 0
  balance 1
  code 0
 addr 0x0000000000000000000000000000000000000001
  acc_nonce 0
  balance 1
  code 0
 addr 0x0000000000000000000000000000000000000002
  acc_nonce 0
  balance 1
  code 0
 addr 0x0000000000000000000000000000000000000003
  acc_nonce 0
  balance 1
  code 0
 addr 0x0000000000000000000000000000000000000004
  acc_nonce 0
  balance 1
  code 0
 addr 0x0000000000000000000000000000000000000005
  acc_nonce 0
  balance 1
  code 0
 addr 0x0000000000000000000000000000000000000006
  acc_nonce 0
  balance 1
  code 0
 addr 0x0000000000000000000000000000000000000007
  acc_nonce 0
  balance 1
  code 0
 addr 0x10a1c1cb95c92ec31d3f22c66eef1d9f3f258c6b
  acc_nonce 0
  balance 1000000000000000000
  code 0
 addr 0x13cbb8d99c6c4e0f2728c7d72606e78a29c4e224
  acc_nonce 0
  balance 1000000000000000000
  code 0
 addr 0x24143873e0e0815fdcbcffdbe09c979cbf9ad013
  acc_nonce 0
  balance 1000000000000000000
  code 0
 addr 0x3535353535353535353535353535353535353535
  acc_nonce 0
  balance 2000000000001328301
  code 0
 addr 0x598443f1880ef585b21f1d7585bd0577402861e5
  acc_nonce 0
  balance 1000000000000000000
  code 0
 addr 0x77db2bebba79db42a978f896968f4afce746ea1f
  acc_nonce 0
  balance 1000000000000000000
  code 0
 addr 0x7d577a597b2742b498cb5cf0c26cdcd726d39e6e
  acc_nonce 0
  balance 1000000000000000000
  code 0
 addr 0x82a978b3f5962a5b0957d9ee9eef472ee55b42f1
  acc_nonce 32
  balance 999999999998671699
  code 0
 addr 0x90f0b1ebbba1c1936aff7aaf20a7878ff9e04b6c
  acc_nonce 0
  balance 1000000000000000000
  code 0
 addr 0xc305c901078781c232a2a521c2af7980f8385ee9
  acc_nonce 1
  balance 0
  code 300 96 0 53 96 28 82 116 1 0 0 0 0 0 0 0 0 0 0 0 0 0 0 0 0 0 0 0 0 96 32 82 111 255 255 255 255 255 255 255 255 255 255 255 255 255 255 255 255 96 64 82 127 255 255 255 255 255 255 255 255 255 255 255 255 255 255 255 255 0 0 0 0 0 0 0 0 0 0 0 0 0 0 0 1 96 96 82 116 2 84 11 227 255 255 255 255 255 255 255 255 255 255 255 255 253 171 244 28 0 96 128 82 127 255 255 255 255 255 255 255 255 255 255 255 253 171 244 28 0 0 0 0 0 0 0 0 0 0 0 0 2 84 11 228 0 96 160 82 99 48 200 209 218 96 0 81 20 21 97 1 43 87 96 192 96 4 53 96 4 1 53 17 21 21 88 87 96 4 53 96 4 1 53 96 32 1 96 4 53 96 4 1 97 1 64 55 96 64 97 2 96 97 1 64 81 97 1 96 96 0 96 6 99 5 245 224 255 241 21 88 87 96 64 97 2 64 82 97 2 64 96 96 128 97 2 192 130 132 96 0 96 4 96 27 241 80 80 80 97 2 192 128 81 96 32 130 1 32 144 80 96 0 85 97 2 192 96 32 96 32 130 3 82 96 64 129 81 1 96 32 96 1 130 3 6 96 31 130 1 3 144 80 96 32 130 3 243 80 0 91
   kv 0x0000000000000000000000000000000000000000000000000000000000000000 0x64b98f570e1e53ac1b472a4fc89919f2d76166fb5494b817bca7677f3a51c497
 addr 0xdceceaf3fc5c0a63d195d69b1a90011b7b19650d
  acc_nonce 0
  balance 1000000000000000000
  code 0
 addr 0xe0fc04fa2d34a66b779fd5cee748268032a146c0
  acc_nonce 0
  balance 1000000000000000000
  code 0
blocks
 block 0
  coinbase 0x3535353535353535353535353535353535353535
  height 1
  difficulty 131072
  gaslimit 100097655
  timestamp 1000
  tx 0
   from 0x82a978b3f5962a5b0957d9ee9eef472ee55b42f1
   nonce 31
   to 0xc305c901078781c232a2a521c2af7980f8385ee9
   value 0
   gasprice 1
   gas 200000
   data 196 48 200 209 218 0 0 0 0 0 0 0 0 0 0 0 0 0 0 0 0 0 0 0 0 0 0 0 0 0 0 0 0 0 0 0 32 0 0 0 0 0 0 0 0 0 0 0 0 0 0 0 0 0 0 0 0 0 0 0 0 0 0 0 0 0 0 0 128 23 193 57 223 14 254 224 247 102 188 2 4 118 43 119 67 98 228 222 216 137 83 163 156 232 73 168 167 250 22 63 169 1 224 85 155 172 177 96 102 71 100 163 87 175 138 159 231 11 170 146 88 224 185 89 39 63 252 87 24 198 212 204 124 3 151 48 234 141 255 18 84 192 254 233 192 234 119 125 41 169 199 16 183 230 22 104 63 25 79 24 196 59 67 184 105 7 58 95 252 198 252 122 40 195 7 35 214 229 140 229 119 53 105 130 214 91 131 58 90 92 21 191 144 36 180 61 152
