test CallAskMoreGasOnDepth2ThenTransactionHas_d0g0v0_Istanbul
pre
 addr 0x1000000000000000000000000000000000000107
  acc_nonce 0
  balance 0
  code 44 90 96 8 85 96 0 96 0 96 0 96 0 96 0 115 16 0 0 0 0 0 0 0 0 0 0 0 0 0 0 0 0 0 1 8 98 9 39 192 241 96 9 85 0
 addr 0x1000000000000000000000000000000000000108
  acc_nonce 0
  balance 0
  code 5 90 96 8 85 0
 addr 0xa94f5374fce5edbc8e2a8697c15331677e6ebf0b
  acc_nonce 0
  balance 1000000000000
  code 0
 addr 0xb94f5374fce5edbc8e2a8697c15331677e6ebf0b
  acc_nonce 0
  balance 0
  code 44 90 96 8 85 96 0 96 0 96 0 96 0 96 0 115 16 0 0 0 0 0 0 0 0 0 0 0 0 0 0 0 0 0 1 7 98 3 13 64 241 96 9 85 0
post
 addr 0x1000000000000000000000000000000000000107
  acc_nonce 0
  balance 0
  code 44 90 96 8 85 96 0 96 0 96 0 96 0 96 0 115 16 0 0 0 0 0 0 0 0 0 0 0 0 0 0 0 0 0 1 8 98 9 39 192 241 96 9 85 0
   kv 0x0000000000000000000000000000000000000000000000000000000000000008 0x0000000000000000000000000000000000000000000000000000000000030d3e
   kv 0x0000000000000000000000000000000000000000000000000000000000000009 0x0000000000000000000000000000000000000000000000000000000000000001
 addr 0x1000000000000000000000000000000000000108
  acc_nonce 0
  balance 0
  code 5 90 96 8 85 0
   kv 0x0000000000000000000000000000000000000000000000000000000000000008 0x000000000000000000000000000000000000000000000000000000000002b157
 addr 0x2adc25665018aa1fe0e6bc666dac8fc2697ff9ba
  acc_nonce 0
  balance 2000000000000122463
  code 0
 addr 0xa94f5374fce5edbc8e2a8697c15331677e6ebf0b
  acc_nonce 1
  balance 999999877537
  code 0
 addr 0xb94f5374fce5edbc8e2a8697c15331677e6ebf0b
  acc_nonce 0
  balance 0
  code 44 90 96 8 85 96 0 96 0 96 0 96 0 96 0 115 16 0 0 0 0 0 0 0 0 0 0 0 0 0 0 0 0 0 1 7 98 3 13 64 241 96 9 85 0
   kv 0x0000000000000000000000000000000000000000000000000000000000000008 0x000000000000000000000000000000000000000000000000000000000008d5b6
   kv 0x0000000000000000000000000000000000000000000000000000000000000009 0x0000000000000000000000000000000000000000000000000000000000000001
blocks
 block 0
  coinbase 0x2adc25665018aa1fe0e6bc666dac8fc2697ff9ba
  height 1
  difficulty 131072
  gaslimit 10009764
  timestamp 1000
  tx 0
   from 0xa94f5374fce5edbc8e2a8697c15331677e6ebf0b
   nonce 0
   to 0xb94f5374fce5edbc8e2a8697c15331677e6ebf0b
   value 0
   gasprice 1
   gas 600000
   data 0
