test NewGasPriceForCodes_d0g0v0_Istanbul
pre
 addr 0x1000000000000000000000000000000000000010
  acc_nonce 0
  balance 111
  code 32 17 34 51 68 85 102 119 136 153 16 17 18 19 20 21 22 23 24 25 32 33 34 35 36 37 38 39 40 41 48 49 50
 addr 0x1000000000000000000000000000000000000011
  acc_nonce 0
  balance 0
  code 6 96 17 96 100 85 0
 addr 0xa94f5374fce5edbc8e2a8697c15331677e6ebf0b
  acc_nonce 0
  balance 1000000000000
  code 0
 addr 0xb94f5374fce5edbc8e2a8697c15331677e6ebf0b
  acc_nonce 0
  balance 0
  code 245 115 16 0 0 0 0 0 0 0 0 0 0 0 0 0 0 0 0 0 0 16 59 96 1 85 96 20 96 0 96 0 115 16 0 0 0 0 0 0 0 0 0 0 0 0 0 0 0 0 0 0 16 60 96 0 81 96 2 85 96 0 84 96 4 85 96 0 96 0 96 0 96 0 96 1 115 16 0 0 0 0 0 0 0 0 0 0 0 0 0 0 0 0 0 0 17 97 117 48 241 96 5 85 96 0 96 0 96 0 96 0 96 1 115 16 0 0 0 0 0 0 0 0 0 0 0 0 0 0 0 0 0 0 17 97 117 48 242 96 6 85 96 0 96 0 96 0 96 0 115 16 0 0 0 0 0 0 0 0 0 0 0 0 0 0 0 0 0 0 17 97 117 48 244 96 7 85 96 0 96 0 96 0 96 0 96 0 115 16 0 0 0 0 0 0 0 0 0 0 0 0 0 0 0 0 0 0 19 97 117 48 241 96 8 85 115 169 79 83 116 252 229 237 188 142 42 134 151 193 83 49 103 126 110 191 11 49 96 3 85 90 96 10 85 0
   kv 0x0000000000000000000000000000000000000000000000000000000000000000 0x0000000000000000000000000000000000000000000000000000000000000012
post
 addr 0x1000000000000000000000000000000000000010
  acc_nonce 0
  balance 111
  code 32 17 34 51 68 85 102 119 136 153 16 17 18 19 20 21 22 23 24 25 32 33 34 35 36 37 38 39 40 41 48 49 50
 addr 0x1000000000000000000000000000000000000011
  acc_nonce 0
  balance 0
  code 6 96 17 96 100 85 0
 addr 0x2adc25665018aa1fe0e6bc666dac8fc2697ff9ba
  acc_nonce 0
  balance 2000000000000201849
  code 0
 addr 0xa94f5374fce5edbc8e2a8697c15331677e6ebf0b
  acc_nonce 1
  balance 999999798151
  code 0
 addr 0xb94f5374fce5edbc8e2a8697c15331677e6ebf0b
  acc_nonce 0
  balance 0
  code 245 115 16 0 0 0 0 0 0 0 0 0 0 0 0 0 0 0 0 0 0 16 59 96 1 85 96 20 96 0 96 0 115 16 0 0 0 0 0 0 0 0 0 0 0 0 0 0 0 0 0 0 16 60 96 0 81 96 2 85 96 0 84 96 4 85 96 0 96 0 96 0 96 0 96 1 115 16 0 0 0 0 0 0 0 0 0 0 0 0 0 0 0 0 0 0 17 97 117 48 241 96 5 85 96 0 96 0 96 0 96 0 96 1 115 16 0 0 0 0 0 0 0 0 0 0 0 0 0 0 0 0 0 0 17 97 117 48 242 96 6 85 96 0 96 0 96 0 96 0 115 16 0 0 0 0 0 0 0 0 0 0 0 0 0 0 0 0 0 0 17 97 117 48 244 96 7 85 96 0 96 0 96 0 96 0 96 0 115 16 0 0 0 0 0 0 0 0 0 0 0 0 0 0 0 0 0 0 19 97 117 48 241 96 8 85 115 169 79 83 116 252 229 237 188 142 42 134 151 193 83 49 103 126 110 191 11 49 96 3 85 90 96 10 85 0
   kv 0x0000000000000000000000000000000000000000000000000000000000000000 0x0000000000000000000000000000000000000000000000000000000000000012
   kv 0x0000000000000000000000000000000000000000000000000000000000000001 0x0000000000000000000000000000000000000000000000000000000000000020
   kv 0x0000000000000000000000000000000000000000000000000000000000000002 0x1122334455667788991011121314151617181920000000000000000000000000
   kv 0x0000000000000000000000000000000000000000000000000000000000000003 0x000000000000000000000000000000000000000000000000000000e8d49be840
   kv 0x0000000000000000000000000000000000000000000000000000000000000004 0x0000000000000000000000000000000000000000000000000000000000000012
   kv 0x0000000000000000000000000000000000000000000000000000000000000007 0x0000000000000000000000000000000000000000000000000000000000000001
   kv 0x0000000000000000000000000000000000000000000000000000000000000008 0x0000000000000000000000000000000000000000000000000000000000000001
   kv 0x000000000000000000000000000000000000000000000000000000000000000a 0x000000000000000000000000000000000000000000000000000000000006616a
   kv 0x0000000000000000000000000000000000000000000000000000000000000064 0x0000000000000000000000000000000000000000000000000000000000000011
blocks
 block 0
  coinbase 0x2adc25665018aa1fe0e6bc666dac8fc2697ff9ba
  height 1
  difficulty 131072
  gaslimit 10009764
  timestamp 1000
  tx 0
   from 0xa94f5374fce5edbc8e2a8697c15331677e6ebf0b
   nonce 0
   to 0xb94f5374fce5edbc8e2a8697c15331677e6ebf0b
   value 0
   gasprice 1
   gas 600000
   data 0
