test SuicideToNotExistingContract_d0g0v0_Istanbul
pre
 addr 0x1000000000000000000000000000000000000116
  acc_nonce 0
  balance 0
  code 23 115 32 0 0 0 0 0 0 0 0 0 0 0 0 0 0 0 0 0 1 21 255 0
 addr 0xa94f5374fce5edbc8e2a8697c15331677e6ebf0b
  acc_nonce 0
  balance 1000000000000
  code 0
 addr 0xb94f5374fce5edbc8e2a8697c15331677e6ebf0b
  acc_nonce 0
  balance 0
  code 41 96 0 96 0 96 0 96 0 96 0 115 16 0 0 0 0 0 0 0 0 0 0 0 0 0 0 0 0 0 1 22 97 234 96 241 80 90 96 1 85 0
post
 addr 0x2adc25665018aa1fe0e6bc666dac8fc2697ff9ba
  acc_nonce 0
  balance 2000000000000023366
  code 0
 addr 0xa94f5374fce5edbc8e2a8697c15331677e6ebf0b
  acc_nonce 1
  balance 999999976634
  code 0
 addr 0xb94f5374fce5edbc8e2a8697c15331677e6ebf0b
  acc_nonce 0
  balance 0
  code 41 96 0 96 0 96 0 96 0 96 0 115 16 0 0 0 0 0 0 0 0 0 0 0 0 0 0 0 0 0 1 22 97 234 96 241 80 90 96 1 85 0
   kv 0x0000000000000000000000000000000000000000000000000000000000000001 0x000000000000000000000000000000000000000000000000000000000008bf58
blocks
 block 0
  coinbase 0x2adc25665018aa1fe0e6bc666dac8fc2697ff9ba
  height 1
  difficulty 131072
  gaslimit 10009764
  timestamp 1000
  tx 0
   from 0xa94f5374fce5edbc8e2a8697c15331677e6ebf0b
   nonce 0
   to 0xb94f5374fce5edbc8e2a8697c15331677e6ebf0b
   value 0
   gasprice 1
   gas 600000
   data 0
