test xorNonConst_d0g0v0_Istanbul
pre
 addr 0x095e7baea6a6c7c4c2dfeb977efac326af552d87
  acc_nonce 0
  balance 0
  code 49 115 9 94 123 174 166 166 199 196 194 223 235 151 126 250 195 38 175 85 45 135 49 115 9 94 123 174 166 166 199 196 194 223 235 151 126 250 195 38 175 85 45 135 49 24 96 0 85 0
 addr 0xa94f5374fce5edbc8e2a8697c15331677e6ebf0b
  acc_nonce 0
  balance 1000000000000000000
  code 0
post
 addr 0x095e7baea6a6c7c4c2dfeb977efac326af552d87
  acc_nonce 0
  balance 0
  code 49 115 9 94 123 174 166 166 199 196 194 223 235 151 126 250 195 38 175 85 45 135 49 115 9 94 123 174 166 166 199 196 194 223 235 151 126 250 195 38 175 85 45 135 49 24 96 0 85 0
 addr 0x2adc25665018aa1fe0e6bc666dac8fc2697ff9ba
  acc_nonce 0
  balance 2000000000000023212
  code 0
 addr 0xa94f5374fce5edbc8e2a8697c15331677e6ebf0b
  acc_nonce 1
  balance 999999999999976788
  code 0
blocks
 block 0
  coinbase 0x2adc25665018aa1fe0e6bc666dac8fc2697ff9ba
  height 1
  difficulty 131072
  gaslimit 1000975
  timestamp 1000
  tx 0
   from 0xa94f5374fce5edbc8e2a8697c15331677e6ebf0b
   nonce 0
   to 0x095e7baea6a6c7c4c2dfeb977efac326af552d87
   value 0
   gasprice 1
   gas 400000
   data 0
test xorNonConst_d0g0v1_Istanbul
pre
 addr 0x095e7baea6a6c7c4c2dfeb977efac326af552d87
  acc_nonce 0
  balance 0
  code 49 115 9 94 123 174 166 166 199 196 194 223 235 151 126 250 195 38 175 85 45 135 49 115 9 94 123 174 166 166 199 196 194 223 235 151 126 250 195 38 175 85 45 135 49 24 96 0 85 0
 addr 0xa94f5374fce5edbc8e2a8697c15331677e6ebf0b
  acc_nonce 0
  balance 1000000000000000000
  code 0
post
 addr 0x095e7baea6a6c7c4c2dfeb977efac326af552d87
  acc_nonce 0
  balance 1
  code 49 115 9 94 123 174 166 166 199 196 194 223 235 151 126 250 195 38 175 85 45 135 49 115 9 94 123 174 166 166 199 196 194 223 235 151 126 250 195 38 175 85 45 135 49 24 96 0 85 0
 addr 0x2adc25665018aa1fe0e6bc666dac8fc2697ff9ba
  acc_nonce 0
  balance 2000000000000023212
  code 0
 addr 0xa94f5374fce5edbc8e2a8697c15331677e6ebf0b
  acc_nonce 1
  balance 999999999999976787
  code 0
blocks
 block 0
  coinbase 0x2adc25665018aa1fe0e6bc666dac8fc2697ff9ba
  height 1
  difficulty 131072
  gaslimit 1000975
  timestamp 1000
  tx 0
   from 0xa94f5374fce5edbc8e2a8697c15331677e6ebf0b
   nonce 0
   to 0x095e7baea6a6c7c4c2dfeb977efac326af552d87
   value 1
   gasprice 1
   gas 400000
   data 0
